## stat
cpu  506974818 220658 62960820 13294732094 1597454 3383862 814494 0 0 0
cpu0 36876739 37455 2630353 393002236 151047 271391 118517 0 0 0
cpu1 38603642 13577 2723187 391741840 148494 195383 36844 0 0 0
cpu2 37370957 5256 2504482 393279831 97595 191114 34318 0 0 0
cpu3 37002685 6201 2355161 393793445 102300 188319 31437 0 0 0
cpu4 34637262 9635 2228532 396293643 90058 182664 34544 0 0 0
cpu5 51769171 25654 2450170 378858939 118311 228031 41546 0 0 0
cpu6 12338185 2065 24836562 396179399 59105 146735 73545 0 0 0
cpu7 13321729 6850 900106 418493133 48521 265363 31892 0 0 0
cpu8 9817392 10098 1331563 421169168 50887 99693 69302 0 0 0
cpu9 9796287 4867 999500 422559940 42575 51373 21881 0 0 0
cpu10 11338855 6591 1077688 420995404 38381 56267 13376 0 0 0
cpu11 13215127 5285 1167424 419025519 44094 55458 27476 0 0 0
cpu12 10267338 669 928491 422243551 30726 52004 8040 0 0 0
cpu13 9832170 2370 949183 422665480 26376 49680 7660 0 0 0
cpu14 10298127 806 984366 421842376 49194 349452 7022 0 0 0
cpu15 11159248 1153 1293614 420968507 27599 62959 7461 0 0 0
cpu16 6074496 1932 610052 426711388 16074 52168 25993 0 0 0
cpu17 6603208 4854 669682 426133767 18234 50083 25724 0 0 0
cpu18 7063040 8264 751417 425591320 16678 50834 32790 0 0 0
cpu19 7009049 6245 809629 425525106 17917 82844 43428 0 0 0
cpu20 5529483 7364 905001 427002859 16207 41489 8519 0 0 0
cpu21 7695587 4845 747311 424975366 20319 49793 21028 0 0 0
cpu22 6637224 2448 739878 426059687 24164 30040 14708 0 0 0
cpu23 5141437 9625 801466 427498000 23761 31338 14895 0 0 0
cpu24 12487958 4116 911817 420010372 31289 65310 14604 0 0 0
cpu25 14433783 6367 891815 418078960 45276 65829 6739 0 0 0
cpu26 13301161 9770 957729 419149096 37345 72967 6532 0 0 0
cpu27 13606776 1251 975254 418842787 40903 63068 6539 0 0 0
cpu28 13257724 3180 910444 419242124 39111 69593 6548 0 0 0
cpu29 13680898 4685 972928 418746221 41319 71655 7433 0 0 0
cpu30 13063400 5866 909835 419426754 41211 70108 6907 0 0 0
cpu31 13744664 1302 1036166 418625860 42367 70842 7230 0 0 0
## interrupts
            CPU0       CPU1       CPU2       CPU3       CPU4       CPU5       CPU6       CPU7       CPU8       CPU9       CPU10      CPU11      CPU12      CPU13      CPU14      CPU15      CPU16      CPU17      CPU18      CPU19      CPU20      CPU21      CPU22      CPU23      CPU24      CPU25      CPU26      CPU27      CPU28      CPU29      CPU30      CPU31      
 LOC:  509297620  470642652  441140459  436149455  418346118  582402840  917181076 3327341178  220194392  157746906  176472589  179297405  150902443  143533792  152843287  170175955  115445207  109977788  112791852  106850520   97646266  120895701  108215383  104257337  183154690  193797191  186193712  187458391  183212727  189374966  180219220  188868856   Local timer interrupts
 RES:     133852      74668      69101      60635      51246      46566       9767      11536      77647      17023      14786      12721      11901      11479      11557      11582       7263      11569      10062       8974       8767       6968       7096       6492       9430       9163       8672       8477       9083       8736       8242       9002   Rescheduling interrupts
 CAL: 1435521818 1109320440 1137082425 1116443513 1001358775  946419588   99238820   37234882   37255658   28508276   25915325   23819536   22594986   21174191   21574302   22110682   21717159   17044797   16487535   16429430   16360643   16272769   15519158   15572675   29469254   30055146   31332413   32772035   33925486   35756028   35654287   35039980   Function call interrupts
 TLB:   41909937   45802299   46333076   46658685   46614705   45029388   34076766   34250543   28753184   28581605   27369428   25941101   24884003   23378224   23709294   24183044   22746649   19266319   18730537   18566792   18440003   18135786   15874525   15766652   31415332   31663626   32926122   34130884   35158320   36871298   36586174   35517041   TLB shootdowns
## cpuidle cpu estado tiempo_us entradas
cpu0 POLL 13955152 435201
cpu0 C1 2959459316 30329032
cpu0 C1E 25050105700 116086190
cpu0 C6 3901252718347 516698122
cpu1 POLL 5064667 139699
cpu1 C1 32131619 493464
cpu1 C1E 12608364358 74133801
cpu1 C6 3905455770788 151376361
cpu2 POLL 4527385 142565
cpu2 C1 47701314 533366
cpu2 C1E 11533029430 65179519
cpu2 C6 3921519823311 116514248
cpu3 POLL 4126018 112568
cpu3 C1 43786496 484229
cpu3 C1E 11378186238 59034624
cpu3 C6 3926891915135 110568301
cpu4 POLL 3847778 108667
cpu4 C1 50820662 498466
cpu4 C1E 11157665617 62762021
cpu4 C6 3951910729715 126375921
cpu5 POLL 4076420 118458
cpu5 C1 206358751 353749
cpu5 C1E 9944575836 64856457
cpu5 C6 3779072093370 89987947
cpu6 POLL 1112026881 135851831
cpu6 C1 14459704739 49279650
cpu6 C1E 163298364866 555198579
cpu6 C6 3782246023032 386914332
cpu7 POLL 29345760 742487
cpu7 C1 42809539 1946865
cpu7 C1E 424284352553 3171429494
cpu7 C6 3758821815745 87889997
cpu16 POLL 2077760 56875
cpu16 C1 77476813 196758
cpu16 C1E 7070458468 31259758
cpu16 C6 4259514903783 103245902
cpu17 POLL 1718404 47751
cpu17 C1 23713028 192186
cpu17 C1E 7099394046 28600662
cpu17 C6 4253853874413 88697791
cpu18 POLL 1435873 48029
cpu18 C1 27490370 198327
cpu18 C1E 6733655645 26023545
cpu18 C6 4248791137475 80229332
cpu19 POLL 1275035 43654
cpu19 C1 19436278 136714
cpu19 C1E 5921771163 19352266
cpu19 C6 4248640892672 111071450
cpu20 POLL 2156734 52911
cpu20 C1 14025264 167844
cpu20 C1E 6320666906 24974709
cpu20 C6 4263382943690 66224864
cpu21 POLL 2482474 57188
cpu21 C1 35790688 236966
cpu21 C1E 7330173150 32048636
cpu21 C6 4242121068247 66836400
cpu22 POLL 3789162 324476
cpu22 C1 108253195 249826
cpu22 C1E 7663825715 23046057
cpu22 C6 4252613477830 106605552
cpu23 POLL 3647520 225922
cpu23 C1 28257446 276229
cpu23 C1E 9524620353 34133223
cpu23 C6 4265244308256 80387859
## daemon hilo utime stime cpu
cpu_loop_main 10 2 1
cpu_loop_main 0 2 6
