## stat
cpu  506974830 220658 62960846 13294924823 1597478 3383900 814500 0 0 0
cpu0 36876739 37455 2630353 393008265 151047 271391 118517 0 0 0
cpu1 38603643 13577 2723187 391747807 148502 195395 36845 0 0 0
cpu2 37370957 5256 2504483 393285798 97605 191125 34319 0 0 0
cpu3 37002685 6201 2355161 393799472 102300 188319 31438 0 0 0
cpu4 34637262 9635 2228532 396299673 90058 182664 34544 0 0 0
cpu5 51769171 25654 2450171 378864968 118311 228031 41546 0 0 0
cpu6 12338185 2065 24836562 396185392 59105 146743 73546 0 0 0
cpu7 13321729 6850 900107 418499161 48521 265363 31892 0 0 0
cpu8 9817393 10098 1331565 421175181 50887 99694 69303 0 0 0
cpu9 9796288 4867 999502 422565965 42576 51373 21881 0 0 0
cpu10 11338855 6591 1077688 421001434 38381 56267 13376 0 0 0
cpu11 13215128 5285 1167426 419031545 44095 55458 27477 0 0 0
cpu12 10267338 669 928491 422249581 30726 52004 8040 0 0 0
cpu13 9832173 2370 949185 422671503 26376 49682 7660 0 0 0
cpu14 10298127 806 984366 421848406 49194 349452 7022 0 0 0
cpu15 11159248 1153 1293614 420974537 27599 62959 7461 0 0 0
cpu16 6074496 1932 610052 426717418 16074 52168 25993 0 0 0
cpu17 6603208 4854 669682 426139796 18234 50083 25724 0 0 0
cpu18 7063040 8264 751417 425597350 16678 50834 32790 0 0 0
cpu19 7009049 6245 809629 425531135 17917 82844 43428 0 0 0
cpu20 5529483 7364 905001 427008888 16207 41489 8519 0 0 0
cpu21 7695587 4845 747312 424981395 20319 49793 21028 0 0 0
cpu22 6637224 2448 739878 426065717 24164 30040 14708 0 0 0
cpu23 5141437 9625 801466 427504029 23761 31338 14896 0 0 0
cpu24 12487958 4116 911817 420016402 31289 65310 14604 0 0 0
cpu25 14433783 6367 891815 418084990 45276 65829 6739 0 0 0
cpu26 13301162 9770 957732 419155121 37345 72967 6532 0 0 0
cpu27 13606776 1251 975254 418848817 40903 63068 6539 0 0 0
cpu28 13257725 3180 910447 419248150 39112 69593 6549 0 0 0
cpu29 13680898 4685 972929 418752251 41319 71655 7433 0 0 0
cpu30 13063403 5866 909838 419432774 41212 70110 6907 0 0 0
cpu31 13744664 1302 1036167 418631887 42369 70842 7230 0 0 0
## interrupts
            CPU0       CPU1       CPU2       CPU3       CPU4       CPU5       CPU6       CPU7       CPU8       CPU9       CPU10      CPU11      CPU12      CPU13      CPU14      CPU15      CPU16      CPU17      CPU18      CPU19      CPU20      CPU21      CPU22      CPU23      CPU24      CPU25      CPU26      CPU27      CPU28      CPU29      CPU30      CPU31      
 LOC:  509298014  470870519  441357704  436149744  418346228  582402924  917301674 3327341289  220195083  157747313  176472634  179297887  150902470  143535448  152843305  170175970  115445336  109978013  112791987  106850644   97646539  120895813  108215473  104257571  183154717  193797208  186194045  187458406  183213747  189375106  180221095  188869120   Local timer interrupts
 RES:     133852      74668      69101      60635      51246      46566       9767      11536      77647      17023      14786      12721      11901      11479      11557      11582       7263      11569      10062       8974       8767       6968       7096       6492       9430       9163       8673       8477       9083       8736       8242       9002   Rescheduling interrupts
 CAL: 1435521904 1109320453 1137082442 1116443533 1001358788  946419603   99238833   37234895   37255665   28508291   25915338   23819549   22594999   21174204   21574315   22110695   21717172   17044813   16487548   16429444   16360657   16272782   15519171   15572689   29469267   30055159   31332426   32772048   33925499   35756041   35654300   35039993   Function call interrupts
 TLB:   41909937   45802299   46333077   46658685   46614705   45029388   34076766   34250543   28753184   28581605   27369428   25941101   24884003   23378224   23709294   24183044   22746649   19266319   18730537   18566792   18440003   18135786   15874525   15766652   31415332   31663626   32926122   34130884   35158320   36871298   36586174   35517041   TLB shootdowns
## cpuidle cpu estado tiempo_us entradas
cpu0 POLL 13955152 435201
cpu0 C1 2959459316 30329032
cpu0 C1E 25050304800 116086497
cpu0 C6 3901312799763 516698824
cpu1 POLL 5065250 139709
cpu1 C1 32131822 493505
cpu1 C1E 12638503657 74361583
cpu1 C6 3905485257490 151376489
cpu2 POLL 4527385 142565
cpu2 C1 47701417 533377
cpu2 C1E 11561866372 65396922
cpu2 C6 3921550636044 116514510
cpu3 POLL 4126083 112569
cpu3 C1 43786516 484233
cpu3 C1E 11378338272 59035501
cpu3 C6 3926952021584 110570867
cpu4 POLL 3847778 108667
cpu4 C1 50820662 498466
cpu4 C1E 11157707628 62762068
cpu4 C6 3951970962249 126376242
cpu5 POLL 4076420 118458
cpu5 C1 206358751 353749
cpu5 C1E 9944604162 64856491
cpu5 C6 3779134159311 89988182
cpu6 POLL 1112026881 135851831
cpu6 C1 14459704739 49279650
cpu6 C1E 163358136348 555319130
cpu6 C6 3782246079953 386914462
cpu7 POLL 29345760 742487
cpu7 C1 42809539 1946865
cpu7 C1E 424284415460 3171429586
cpu7 C6 3758882009385 87890387
cpu16 POLL 2077760 56875
cpu16 C1 77476813 196758
cpu16 C1E 7070459630 31259762
cpu16 C6 4259575166544 103246344
cpu17 POLL 1718404 47751
cpu17 C1 23713037 192187
cpu17 C1E 7099477989 28600878
cpu17 C6 4253914058379 88699031
cpu18 POLL 1435873 48029
cpu18 C1 27490370 198327
cpu18 C1E 6733655645 26023545
cpu18 C6 4248851351741 80229697
cpu19 POLL 1275035 43654
cpu19 C1 19436278 136714
cpu19 C1E 5921850838 19352402
cpu19 C6 4248701083831 111071816
cpu20 POLL 2156734 52911
cpu20 C1 14025264 167844
cpu20 C1E 6320744680 24974820
cpu20 C6 4263443108764 66225370
cpu21 POLL 2482474 57188
cpu21 C1 35790688 236966
cpu21 C1E 7330216203 32048687
cpu21 C6 4242181274900 66836597
cpu22 POLL 3789162 324476
cpu22 C1 108253195 249826
cpu22 C1E 7663833368 23046065
cpu22 C6 4252673754939 106605762
cpu23 POLL 3647520 225922
cpu23 C1 28257446 276229
cpu23 C1E 9524677106 34133289
cpu23 C6 4265304521783 80388385
## daemon hilo utime stime cpu
cpu_loop_main 50 13 1
cpu_loop_main 0 24 6
