## stat
cpu  1731823475 127832 73378578 34430972247 22047716 6640247 1775994 0 0 0
cpu0 17753534 2358 823636 328770624 214776 173504 699259 0 0 0
cpu1 33507443 221 1411031 313224383 307163 141427 96873 0 0 0
cpu2 19010187 4456 885167 328128720 364523 94775 205108 0 0 0
cpu3 31873410 226 1295053 315087969 281275 123425 47231 0 0 0
cpu4 38073944 213 1547664 308632895 283465 139254 25742 0 0 0
cpu5 32902946 223 1414230 313826172 409851 125025 25754 0 0 0
cpu6 30507125 3022 1254546 316530165 259349 113067 42648 0 0 0
cpu7 34961299 62 1378277 311807685 382854 123884 7995 0 0 0
cpu8 32116224 576 1291701 314946856 223637 117066 15679 0 0 0
cpu9 38918487 0 1513842 307901714 224129 138865 6858 0 0 0
cpu10 35461302 14 1476971 311292976 342847 127400 6778 0 0 0
cpu11 21964309 199 1013974 325343513 272800 88576 30338 0 0 0
cpu12 35750289 76 1594155 310875168 351305 131156 7025 0 0 0
cpu13 35044793 1714 1427140 311848758 229414 126214 6155 0 0 0
cpu14 36182097 30 1474121 310603583 311312 133106 6055 0 0 0
cpu15 19360035 1174 851530 328195878 237500 75240 5824 0 0 0
cpu16 31491431 13 1301283 315561242 111558 129401 105902 0 0 0
cpu17 22351582 282 883278 325177386 225359 78883 7195 0 0 0
cpu18 22945316 105 940862 324518795 201727 85126 23892 0 0 0
cpu19 24548873 69 1074885 322707196 294083 89848 5498 0 0 0
cpu20 17881269 849 837583 329647891 287085 68808 5216 0 0 0
cpu21 31096805 26 1210167 315922954 344213 117283 5825 0 0 0
cpu22 27428042 34 1214758 319652402 307721 103409 6334 0 0 0
cpu23 24722631 58 836123 322803701 262964 85885 6089 0 0 0
cpu24 26465267 73 1013210 320721499 405269 96773 6376 0 0 0
cpu25 23935090 762 1039555 323364892 275753 92436 6212 0 0 0
cpu26 14419198 9534 663636 333255362 314494 54146 6079 0 0 0
cpu27 30468576 5770 1271985 316574055 290995 104617 2897 0 0 0
cpu28 22808723 5017 1007519 324620476 197081 82627 2639 0 0 0
cpu29 26767221 753 1152445 320409565 298708 92902 2223 0 0 0
cpu30 21621003 213 1002710 325810940 214632 75545 2350 0 0 0
cpu31 31449438 59 1395539 315517457 234767 116247 2647 0 0 0
cpu32 29892816 45 1386593 317129864 198578 108714 2736 0 0 0
cpu33 34347930 1381 1335921 312653845 252248 120661 3077 0 0 0
cpu34 22610143 350 984322 324731524 312110 84799 2261 0 0 0
cpu35 23030709 1942 1056870 324255951 298523 81700 2107 0 0 0
cpu36 37157508 0 1718167 309396689 299809 135381 3286 0 0 0
cpu37 22350258 87 997637 325034686 260493 79907 2811 0 0 0
cpu38 27192735 293 1267648 320004312 152562 101109 2429 0 0 0
cpu39 26302671 148 1239293 320860669 218509 98220 2526 0 0 0
cpu40 18434517 1266 829496 329151152 244795 67692 2183 0 0 0
cpu41 28438644 498 1274591 318658237 239730 105106 2857 0 0 0
cpu42 26858702 2365 1220559 320419209 113629 102557 2401 0 0 0
cpu43 24775891 44 1102250 322498742 250501 94930 2031 0 0 0
cpu44 34570570 717 1551009 312123975 335906 127229 3170 0 0 0
cpu45 25913053 1863 1263951 321210028 234179 97857 2052 0 0 0
cpu46 20601747 25 927771 326956477 165137 76751 1729 0 0 0
cpu47 14719737 2 708364 333224502 25502 55123 1509 0 0 0
cpu48 21519258 11 928931 325996537 201072 79566 1825 0 0 0
cpu49 24994364 3417 958249 322545022 133159 88987 1880 0 0 0
cpu50 24842158 3220 1058046 322583562 139042 93086 2261 0 0 0
cpu51 26289034 8458 1099814 320937646 284312 98105 2541 0 0 0
cpu52 7936493 660 291652 340359608 92046 35575 10186 0 0 0
cpu53 1164794 151 63530 347404362 73668 15618 4565 0 0 0
cpu54 15498387 767 473611 332528109 144428 63823 10279 0 0 0
cpu55 1064042 665 60407 347443688 152342 10868 5402 0 0 0
cpu56 1882661 1304 95445 346661261 73991 15458 8092 0 0 0
cpu57 1981341 240 79816 346543116 98897 16858 13957 0 0 0
cpu58 2855834 1416 127340 345440615 276505 20342 4616 0 0 0
cpu59 968970 209 68496 347271611 127816 11525 9792 0 0 0
cpu60 3326182 67 114001 345136725 145354 13905 5328 0 0 0
cpu61 2860823 627 130062 345520107 213432 13756 3919 0 0 0
cpu62 5074903 153 112096 343220734 311731 17101 5370 0 0 0
cpu63 4193365 256 140819 344105354 211236 18184 73815 0 0 0
cpu64 4204395 1274 158736 344191813 115834 29127 34946 0 0 0
cpu65 3201697 113 128539 345172106 223836 14274 3994 0 0 0
cpu66 3415756 227 103112 345128506 81935 12883 3415 0 0 0
cpu67 3074259 2405 116104 345348535 179482 15451 4078 0 0 0
cpu68 3447038 93 135402 345063106 59918 20866 3727 0 0 0
cpu69 3706285 216 137177 344714193 163691 16379 5952 0 0 0
cpu70 785177 48 50677 347811262 63677 11532 10703 0 0 0
cpu71 6227657 830 186102 342110388 189325 22639 3982 0 0 0
cpu72 18699251 972 699720 328919387 339410 63985 5861 0 0 0
cpu73 7113983 26 213677 341208397 169317 28694 4920 0 0 0
cpu74 7209297 2561 213075 341045879 231344 26448 5377 0 0 0
cpu75 6031889 43 194865 342332155 150527 22727 5045 0 0 0
cpu76 5681950 43 228377 342687924 111589 24379 4004 0 0 0
cpu77 7335539 193 298018 340733209 330069 31243 6221 0 0 0
cpu78 10544608 4101 275101 337740125 146950 28905 1069 0 0 0
cpu79 6840585 7624 287773 341350906 230537 23982 1255 0 0 0
cpu80 5314197 8727 247992 342985112 164830 19799 1789 0 0 0
cpu81 7824909 4176 362084 340281097 238417 28359 1272 0 0 0
cpu82 6390160 842 313018 341838231 177286 22832 862 0 0 0
cpu83 7899572 980 324016 340262550 225699 27826 1083 0 0 0
cpu84 1865146 1470 87308 346646490 139983 7427 762 0 0 0
cpu85 697507 57 41071 347907016 62523 5081 2470 0 0 0
cpu86 7027973 147 301733 341245693 141398 25334 918 0 0 0
cpu87 7501096 1270 371581 340643605 194071 28160 986 0 0 0
cpu88 1421321 232 59364 346875571 160736 8103 5506 0 0 0
cpu89 8314525 708 325746 339920027 151701 27864 1175 0 0 0
cpu90 10458352 16 428132 337616699 198104 37066 1151 0 0 0
cpu91 8133760 20 396716 340039595 138743 30239 1182 0 0 0
cpu92 7939363 1673 354578 340271672 139474 28149 1975 0 0 0
cpu93 10179550 3293 483056 337689971 343968 37967 1121 0 0 0
cpu94 12101519 2640 446635 335884389 256323 42548 1370 0 0 0
cpu95 9373844 1421 442655 338696496 187292 35168 1420 0 0 0
cpu96 580416 2701 33306 347994746 97987 4619 2486 0 0 0
cpu97 9480062 1418 410681 338637240 175724 33379 1103 0 0 0
cpu98 8876067 2 386406 339333619 108438 32828 1090 0 0 0
cpu99 7655246 177 346290 340693611 19255 27058 932 0 0 0
cpu100 9440339 33 361427 338731575 173744 32882 986 0 0 0
cpu101 8948027 159 403775 339233747 118220 34705 1355 0 0 0
cpu102 9915684 1447 424081 338222502 138265 36330 1368 0 0 0
cpu103 9527297 2575 435090 338472262 264190 36544 1342 0 0 0
## interrupts
            CPU0       CPU1       CPU2       CPU3       CPU4       CPU5       CPU6       CPU7       CPU8       CPU9       CPU10      CPU11      CPU12      CPU13      CPU14      CPU15      CPU16      CPU17      CPU18      CPU19      CPU20      CPU21      CPU22      CPU23      CPU24      CPU25      CPU26      CPU27      CPU28      CPU29      CPU30      CPU31      CPU32      CPU33      CPU34      CPU35      CPU36      CPU37      CPU38      CPU39      CPU40      CPU41      CPU42      CPU43      CPU44      CPU45      CPU46      CPU47      CPU48      CPU49      CPU50      CPU51      CPU52      CPU53      CPU54      CPU55      CPU56      CPU57      CPU58      CPU59      CPU60      CPU61      CPU62      CPU63      CPU64      CPU65      CPU66      CPU67      CPU68      CPU69      CPU70      CPU71      CPU72      CPU73      CPU74      CPU75      CPU76      CPU77      CPU78      CPU79      CPU80      CPU81      CPU82      CPU83      CPU84      CPU85      CPU86      CPU87      CPU88      CPU89      CPU90      CPU91      CPU92      CPU93      CPU94      CPU95      CPU96      CPU97      CPU98      CPU99      CPU100     CPU101     CPU102     CPU103     
 LOC:  443491028  392491156  267028208  350889942  407840787  358434568  337590606  373590467  344833938  412348119  376903770  248496792  379310791  371151399  382106105  208207728  342876507  240615653  252902779  263986900  193958336  335826874  295467977  266725303  288491489  260696555  157618770  321727820  241639617  282785381  230121919  332084044  316550291  360671706  239323143  244174886  392691938  236917838  287856981  278985401  195809087  300463346  285607503  262948715  365007142  275060944  218386647  157503915  227522180  263153007  263759232  278068635   92187850   27195069  172327667   20771262   27726060   31415503   44488609   22156042   39463306   35506436   57694701   51849554   49658828   38397130   39408701   40054000   47927793   43587905   15154584   70603808  199184182   79289133   81887520   68816630   65439175   83652302  111465234   74420930   59150979   85112241   69698075   84962770   22855084   12360163   76085877   81581223   21757903   89250114  111675289   88270296   86693707  109751695  129795719  101745168   11513498  101783231   96081243   82955244  101276039   96901172  106558026  102772241   Local timer interrupts
 RES:       7694      15157      12559      13358       9566      11006      11748      11464       9338      13535       8317      12513      12746      12142      11933      10823      10966       7854      10219      11692      11389      11027      11916       9710      12291       7533        387        422        542        570        624        334        288       2238        471        242        920       1936        217        286        202        167        142        276        207        284        746        193        390        286        173        139       7144      10833      20486      12573       8187       9479      10892      10356       7868      12211       7877      11721      11892      11576      11064      10044      17731       8929       8691      11187      10420      10702      11852       9611      11241       7541        287        277        415        390        388        311       2370        329        438        399        495        407        440        473        350        296        293        447        368        410       1201        493        450        526        431        456   Rescheduling interrupts
 CAL:   93918994   13668836   25032580    7125591    3770949    4540759    6873902    2100785    3197100    1761084    1954588    4963386    1705506    1548301    1601268    1600615    1672423    1640303    3876176    1645139    1743643    1729317    1594227    1755327    1746652    1754070    2268546    2268267    2193763    2118402    1971074    1997224    1969175    1971544    1857650    1850305    1744808    1734097    1642143    1708835    1672674    1862076    1531385    1607229    1512780    1556854    1407633    1530099    1503539    1469817    1477918    1420557    1708223    1417558    1829448    1638984    1719027    1696360    1689306    1330586    1529242    1614446    1534951    1537582    1598807    1533153    1424498    1519377    1620628    1712687    1595903    1595768    1618907    1730506    1689351    1461033    1504477    1882731    1684483    1725332    1574374    1680127    1566587    1563512    1597537    1402329    1629408    1515621    1325920    1592072    1645999    1622161    1640629    1891904    1660166    1652080    1475394    1633147    1701862    1722570    1698839    1678697    1607809    1770288   Function call interrupts
 TLB:    2087917    2175684    1798700    1935606    1816028    1806769    1822052    1842268    1721286    1578289    1414428    1521004    1527781    1471889    1518907    1337842    1383428    1473578    1627542    1482183    1422855    1458474    1437311    1439265    1455900    1598504    1968329    1997409    2026781    1839950    1801427    1817147    1791890    1757715    1528108    1556170    1527257    1479144    1434131    1514321    1462067    1538877    1362618    1436221    1355145    1376175    1282286    1417047    1398878    1340392    1345260    1228120    1510551    1217916    1459001    1326328    1488160    1385297    1467995    1330017    1307844    1357234    1297083    1409883    1310339    1387736    1275824    1321866    1449045    1539601    1317877    1413774    1412067    1360045    1490047    1266736    1220079    1377315    1498550    1448486    1403928    1401382    1389795    1399948    1405100    1257010    1380434    1333911    1265023    1417106    1403087    1404809    1422785    1577464    1431561    1427128    1268278    1371857    1495458    1521008    1498558    1385823    1348025    1504925   TLB shootdowns
## cpuidle cpu estado tiempo_us entradas
cpu0 POLL 2645942 78572
cpu0 C1 1615162693 288457
cpu0 C1E 2143458356 4386693
cpu0 C6 3284362018490 347476676
cpu1 POLL 1205161 29984
cpu1 C1 963123553 306230
cpu1 C1E 1472877385 7001703
cpu1 C6 3132569937559 54746053
cpu2 POLL 1786961 86395
cpu2 C1 38126382302 546256
cpu2 C1E 1331825312 7236181
cpu2 C6 3245005893339 96093124
cpu3 POLL 825753 25830
cpu3 C1 3982727476 272689
cpu3 C1E 704592222 4705066
cpu3 C6 3148866264861 25897296
cpu4 POLL 629386 17826
cpu4 C1 891028889 252790
cpu4 C1E 557352299 4158822
cpu4 C6 3087618254721 18221049
cpu5 POLL 725291 22364
cpu5 C1 874070802 226286
cpu5 C1E 459408787 3233749
cpu5 C6 3140914291065 21296208
cpu6 POLL 442342 14124
cpu6 C1 1724413202 152879
cpu6 C1E 446479762 2803954
cpu6 C6 3165585553670 24867447
cpu7 POLL 622415 28734
cpu7 C1 1409008653 206491
cpu7 C1E 392487112 2861837
cpu7 C6 3120056279917 12582505
cpu16 POLL 1823191 38035
cpu16 C1 969632374 247530
cpu16 C1E 4740953922 33454191
cpu16 C6 3150674307595 87621020
cpu17 POLL 687468 19166
cpu17 C1 1341802998 176184
cpu17 C1E 1756918250 10157542
cpu17 C6 3250885344038 10983373
cpu18 POLL 793828 27341
cpu18 C1 83490982 182492
cpu18 C1E 1722398566 9861390
cpu18 C6 3245269170328 23637933
cpu19 POLL 722056 20189
cpu19 C1 2285461272 183809
cpu19 C1E 1469775382 8543703
cpu19 C6 3226227406959 9362446
cpu20 POLL 516031 16308
cpu20 C1 1544055245 153209
cpu20 C1E 701296384 4835586
cpu20 C6 3297065259330 9711252
cpu21 POLL 490691 13981
cpu21 C1 1238386647 133290
cpu21 C1E 724249601 4456905
cpu21 C6 3160622232012 16373692
cpu22 POLL 512740 16544
cpu22 C1 947096331 148679
cpu22 C1E 719846712 4421627
cpu22 C6 3197875452654 12585265
cpu23 POLL 545784 15189
cpu23 C1 1429273561 126659
cpu23 C1E 747442593 4377920
cpu23 C6 3228425024171 13567347
## daemon hilo utime stime cpu
