## stat
cpu  1731823464 127832 73378554 34430345353 22047711 6640239 1775989 0 0 0
cpu0 17753534 2358 823635 328764599 214775 173504 699259 0 0 0
cpu1 33507443 221 1411030 313218357 307163 141427 96873 0 0 0
cpu2 19010187 4456 885166 328122693 364523 94775 205108 0 0 0
cpu3 31873409 226 1295051 315081943 281275 123425 47231 0 0 0
cpu4 38073943 213 1547664 308626867 283465 139254 25742 0 0 0
cpu5 32902946 223 1414229 313820144 409851 125025 25754 0 0 0
cpu6 30507125 3022 1254546 316524139 259349 113066 42648 0 0 0
cpu7 34961299 62 1378277 311801656 382854 123884 7995 0 0 0
cpu8 32116224 576 1291701 314940827 223637 117066 15679 0 0 0
cpu9 38918487 0 1513842 307895686 224129 138865 6858 0 0 0
cpu10 35461302 14 1476971 311286948 342847 127400 6778 0 0 0
cpu11 21964309 199 1013974 325337485 272800 88576 30338 0 0 0
cpu12 35750289 76 1594155 310869140 351305 131156 7025 0 0 0
cpu13 35044793 1714 1427140 311842730 229414 126214 6155 0 0 0
cpu14 36182097 30 1474121 310597555 311312 133106 6055 0 0 0
cpu15 19360035 1174 851530 328189850 237500 75240 5823 0 0 0
cpu16 31491431 13 1301283 315555214 111558 129400 105902 0 0 0
cpu17 22351582 282 883276 325171360 225359 78883 7195 0 0 0
cpu18 22945313 105 940860 324512775 201727 85125 23892 0 0 0
cpu19 24548873 69 1074885 322701168 294083 89848 5498 0 0 0
cpu20 17881269 849 837583 329641863 287085 68808 5216 0 0 0
cpu21 31096805 26 1210167 315916925 344213 117283 5825 0 0 0
cpu22 27428042 34 1214758 319646374 307721 103409 6334 0 0 0
cpu23 24722631 58 836123 322797672 262964 85885 6089 0 0 0
cpu24 26465267 73 1013210 320715470 405269 96773 6376 0 0 0
cpu25 23935090 762 1039555 323358863 275753 92436 6212 0 0 0
cpu26 14419198 9534 663636 333249334 314494 54146 6079 0 0 0
cpu27 30468576 5770 1271985 316568027 290995 104617 2897 0 0 0
cpu28 22808723 5017 1007519 324614447 197081 82627 2639 0 0 0
cpu29 26767221 753 1152445 320403536 298708 92902 2223 0 0 0
cpu30 21621003 213 1002710 325804911 214632 75545 2350 0 0 0
cpu31 31449438 59 1395539 315511429 234767 116247 2647 0 0 0
cpu32 29892816 45 1386593 317123836 198578 108714 2736 0 0 0
cpu33 34347930 1381 1335921 312647817 252248 120661 3077 0 0 0
cpu34 22610143 350 984322 324725495 312110 84799 2261 0 0 0
cpu35 23030709 1942 1056870 324249922 298523 81700 2107 0 0 0
cpu36 37157508 0 1718167 309390661 299809 135381 3286 0 0 0
cpu37 22350258 87 997637 325028657 260493 79907 2811 0 0 0
cpu38 27192735 293 1267648 319998284 152562 101109 2429 0 0 0
cpu39 26302671 148 1239293 320854640 218509 98220 2526 0 0 0
cpu40 18434517 1266 829496 329145124 244795 67692 2183 0 0 0
cpu41 28438644 498 1274591 318652208 239730 105106 2857 0 0 0
cpu42 26858702 2365 1220559 320413180 113629 102557 2401 0 0 0
cpu43 24775891 44 1102250 322492713 250501 94930 2031 0 0 0
cpu44 34570570 717 1551009 312117946 335906 127229 3170 0 0 0
cpu45 25913053 1863 1263951 321204000 234179 97857 2052 0 0 0
cpu46 20601747 25 927770 326950450 165137 76751 1729 0 0 0
cpu47 14719737 2 708364 333218473 25502 55123 1509 0 0 0
cpu48 21519258 11 928931 325990509 201072 79566 1825 0 0 0
cpu49 24994364 3417 958249 322538993 133159 88987 1880 0 0 0
cpu50 24842158 3220 1058046 322577533 139042 93086 2261 0 0 0
cpu51 26289034 8458 1099814 320931617 284312 98105 2541 0 0 0
cpu52 7936493 660 291652 340353579 92046 35575 10186 0 0 0
cpu53 1164794 151 63530 347398333 73668 15618 4565 0 0 0
cpu54 15498384 767 473609 332522090 144428 63822 10279 0 0 0
cpu55 1064042 665 60407 347437659 152342 10868 5402 0 0 0
cpu56 1882661 1304 95445 346655233 73991 15458 8092 0 0 0
cpu57 1981341 240 79816 346537087 98897 16858 13957 0 0 0
cpu58 2855834 1416 127340 345434587 276505 20342 4616 0 0 0
cpu59 968970 209 68496 347265582 127816 11525 9792 0 0 0
cpu60 3326182 67 114001 345130696 145354 13905 5328 0 0 0
cpu61 2860823 627 130062 345514078 213432 13756 3919 0 0 0
cpu62 5074903 153 112096 343214705 311731 17101 5370 0 0 0
cpu63 4193365 256 140819 344099327 211236 18184 73814 0 0 0
cpu64 4204395 1274 158736 344185785 115834 29127 34946 0 0 0
cpu65 3201697 113 128539 345166077 223836 14274 3994 0 0 0
cpu66 3415756 227 103112 345122478 81935 12883 3415 0 0 0
cpu67 3074259 2405 116104 345342507 179482 15451 4078 0 0 0
cpu68 3447038 93 135402 345057077 59918 20866 3727 0 0 0
cpu69 3706285 216 137177 344708164 163691 16379 5952 0 0 0
cpu70 785177 48 50677 347805234 63677 11531 10703 0 0 0
cpu71 6227656 830 186101 342104361 189325 22639 3982 0 0 0
cpu72 18699251 972 699718 328913360 339410 63984 5861 0 0 0
cpu73 7113982 26 213677 341202369 169317 28694 4920 0 0 0
cpu74 7209297 2561 213075 341039852 231344 26448 5377 0 0 0
cpu75 6031889 43 194864 342326129 150527 22727 5045 0 0 0
cpu76 5681949 43 228375 342681898 111589 24379 4004 0 0 0
cpu77 7335538 193 298017 340727182 330068 31243 6221 0 0 0
cpu78 10544608 4101 275101 337734097 146950 28905 1069 0 0 0
cpu79 6840585 7624 287773 341344878 230537 23982 1255 0 0 0
cpu80 5314197 8727 247992 342979083 164830 19799 1789 0 0 0
cpu81 7824909 4176 362084 340275069 238417 28359 1272 0 0 0
cpu82 6390160 842 313017 341832203 177286 22832 862 0 0 0
cpu83 7899572 980 324016 340256523 225699 27826 1083 0 0 0
cpu84 1865146 1470 87307 346640462 139983 7426 762 0 0 0
cpu85 697506 57 41070 347900989 62523 5081 2470 0 0 0
cpu86 7027972 147 301733 341239665 141398 25334 918 0 0 0
cpu87 7501095 1270 371581 340637577 194071 28160 985 0 0 0
cpu88 1421321 232 59364 346869558 160736 8103 5506 0 0 0
cpu89 8314525 708 325746 339913999 151700 27864 1175 0 0 0
cpu90 10458352 16 428132 337610671 198104 37066 1151 0 0 0
cpu91 8133760 20 396716 340033567 138743 30239 1182 0 0 0
cpu92 7939363 1673 354578 340265643 139474 28149 1975 0 0 0
cpu93 10179550 3293 483056 337683943 343968 37967 1120 0 0 0
cpu94 12101519 2640 446635 335878360 256323 42548 1370 0 0 0
cpu95 9373844 1421 442655 338690467 187292 35168 1420 0 0 0
cpu96 580416 2701 33306 347988718 97987 4619 2486 0 0 0
cpu97 9480062 1418 410681 338631212 175724 33379 1103 0 0 0
cpu98 8876067 2 386406 339327591 108438 32828 1090 0 0 0
cpu99 7655246 177 346290 340687582 19255 27058 932 0 0 0
cpu100 9440339 33 361427 338725546 173744 32882 986 0 0 0
cpu101 8948027 159 403775 339227719 118220 34705 1355 0 0 0
cpu102 9915684 1447 424081 338216473 138265 36330 1368 0 0 0
cpu103 9527297 2575 435090 338466234 264190 36544 1342 0 0 0
## interrupts
            CPU0       CPU1       CPU2       CPU3       CPU4       CPU5       CPU6       CPU7       CPU8       CPU9       CPU10      CPU11      CPU12      CPU13      CPU14      CPU15      CPU16      CPU17      CPU18      CPU19      CPU20      CPU21      CPU22      CPU23      CPU24      CPU25      CPU26      CPU27      CPU28      CPU29      CPU30      CPU31      CPU32      CPU33      CPU34      CPU35      CPU36      CPU37      CPU38      CPU39      CPU40      CPU41      CPU42      CPU43      CPU44      CPU45      CPU46      CPU47      CPU48      CPU49      CPU50      CPU51      CPU52      CPU53      CPU54      CPU55      CPU56      CPU57      CPU58      CPU59      CPU60      CPU61      CPU62      CPU63      CPU64      CPU65      CPU66      CPU67      CPU68      CPU69      CPU70      CPU71      CPU72      CPU73      CPU74      CPU75      CPU76      CPU77      CPU78      CPU79      CPU80      CPU81      CPU82      CPU83      CPU84      CPU85      CPU86      CPU87      CPU88      CPU89      CPU90      CPU91      CPU92      CPU93      CPU94      CPU95      CPU96      CPU97      CPU98      CPU99      CPU100     CPU101     CPU102     CPU103     
 LOC:  443490800  392490968  267027938  350889737  407840639  358434464  337590263  373590436  344833907  412348088  376903740  248496736  379310715  371151365  382106074  208207643  342876267  240615294  252901146  263986835  193958302  335826843  295467946  266725272  288491458  260696524  157618691  321727686  241639574  282785351  230121840  332084014  316550261  360671676  239323113  244174855  392691908  236917805  287856950  278985370  195809056  300463315  285607472  262948668  365007111  275060908  218386535  157503837  227522149  263152976  263759200  278068604   92187769   27195037  172326012   20771230   27726028   31415471   44488552   22156008   39463273   35506404   57694669   51849468   49658796   38397098   39408669   40053968   47927754   43587842   15154489   70603590  199183945   79288925   81887358   68816404   65438971   83652122  111465185   74420899   59150947   85112119   69697977   84962654   22854994   12360003   76085769   81581113   21757551   89250025  111675220   88270265   86693676  109751575  129795688  101745137   11513421  101783200   96081212   82955213  101276008   96901141  106557995  102772210   Local timer interrupts
 RES:       7694      15157      12559      13358       9566      11006      11748      11464       9338      13535       8317      12513      12746      12142      11933      10823      10966       7854      10219      11692      11389      11027      11916       9710      12291       7533        387        422        542        570        624        334        288       2238        471        242        920       1936        217        286        202        167        142        276        207        284        746        193        390        286        173        139       7144      10833      20486      12573       8187       9479      10892      10356       7868      12211       7877      11721      11892      11576      11064      10044      17731       8929       8691      11186      10420      10702      11852       9611      11241       7541        287        277        415        390        388        311       2370        329        438        399        495        407        440        473        350        296        293        447        368        410       1201        493        450        526        431        456   Rescheduling interrupts
 CAL:   93918985   13668825   25032571    7125581    3770941    4540751    6873894    2100777    3197092    1761076    1954580    4963378    1705498    1548293    1601260    1600607    1672413    1640293    3876164    1645131    1743635    1729309    1594219    1755319    1746644    1754062    2268538    2268259    2193755    2118394    1971066    1997216    1969167    1971536    1857642    1850297    1744800    1734089    1642135    1708827    1672666    1862068    1531377    1607221    1512772    1556846    1407625    1530091    1503531    1469809    1477910    1420549    1708215    1417550    1829440    1638976    1719019    1696352    1689298    1330578    1529234    1614438    1534943    1537574    1598799    1533145    1424490    1519369    1620620    1712678    1595895    1595760    1618899    1730496    1689343    1461025    1504469    1882723    1684475    1725324    1574366    1680117    1566579    1563504    1597529    1402321    1629400    1515613    1325920    1592063    1645991    1622153    1640621    1891895    1660158    1652072    1475386    1633139    1701854    1722562    1698831    1678689    1607801    1770280   Function call interrupts
 TLB:    2087917    2175684    1798700    1935606    1816028    1806769    1822052    1842268    1721286    1578289    1414428    1521004    1527781    1471889    1518907    1337842    1383428    1473578    1627542    1482183    1422855    1458474    1437311    1439265    1455900    1598504    1968329    1997409    2026781    1839950    1801427    1817147    1791890    1757715    1528108    1556170    1527257    1479144    1434131    1514321    1462067    1538877    1362618    1436221    1355145    1376175    1282286    1417047    1398878    1340392    1345260    1228120    1510551    1217916    1459001    1326328    1488160    1385297    1467995    1330017    1307844    1357234    1297083    1409883    1310339    1387736    1275824    1321866    1449045    1539601    1317877    1413774    1412067    1360045    1490047    1266736    1220079    1377315    1498550    1448486    1403928    1401382    1389795    1399948    1405100    1257010    1380434    1333911    1265023    1417106    1403087    1404809    1422785    1577464    1431561    1427128    1268278    1371857    1495458    1521008    1498558    1385823    1348025    1504925   TLB shootdowns
## cpuidle cpu estado tiempo_us entradas
cpu0 POLL 2645942 78572
cpu0 C1 1615162601 288454
cpu0 C1E 2143446735 4386662
cpu0 C6 3284301771221 347476347
cpu1 POLL 1205161 29984
cpu1 C1 963115557 306221
cpu1 C1E 1472861796 7001661
cpu1 C6 3132507782236 54745872
cpu2 POLL 1786954 86393
cpu2 C1 38124254188 546247
cpu2 C1E 1331810624 7236156
cpu2 C6 3244947167869 96092816
cpu3 POLL 825753 25830
cpu3 C1 3982719412 272678
cpu3 C1E 704584948 4705038
cpu3 C6 3148804352762 25897091
cpu4 POLL 629386 17826
cpu4 C1 891020889 252781
cpu4 C1E 557348579 4158800
cpu4 C6 3087558160432 18220874
cpu5 POLL 725291 22364
cpu5 C1 874062803 226277
cpu5 C1E 459407868 3233732
cpu5 C6 3140852352414 21296076
cpu6 POLL 442339 14123
cpu6 C1 1724413202 152879
cpu6 C1E 446476035 2803932
cpu6 C6 3165524370299 24867084
cpu7 POLL 622415 28734
cpu7 C1 1409008653 206491
cpu7 C1E 392486869 2861822
cpu7 C6 3119995912500 12582451
cpu16 POLL 1823191 38035
cpu16 C1 969632366 247529
cpu16 C1E 4740926480 33454104
cpu16 C6 3150614058826 87620760
cpu17 POLL 687428 19165
cpu17 C1 1341795009 176174
cpu17 C1E 1756689679 10156743
cpu17 C6 3250825326115 10983202
cpu18 POLL 793828 27341
cpu18 C1 83490973 182491
cpu18 C1E 1722362640 9861286
cpu18 C6 3245209950566 23636503
cpu19 POLL 721992 20188
cpu19 C1 2285461264 183808
cpu19 C1E 1469737781 8543594
cpu19 C6 3226167039241 9362197
cpu20 POLL 516031 16308
cpu20 C1 1544055245 153209
cpu20 C1E 701296154 4835571
cpu20 C6 3297005080120 9711191
cpu21 POLL 490691 13981
cpu21 C1 1238386647 133290
cpu21 C1E 724249359 4456890
cpu21 C6 3160562052440 16373635
cpu22 POLL 512740 16544
cpu22 C1 947096331 148679
cpu22 C1E 719846468 4421612
cpu22 C6 3197815485878 12585210
cpu23 POLL 545784 15189
cpu23 C1 1429273561 126659
cpu23 C1E 747442353 4377905
cpu23 C6 3228363891820 13567291
## daemon hilo utime stime cpu
