## stat
cpu  1731823426 127832 73378512 34429569910 22047699 6640202 1775981 0 0 0
cpu0 17753534 2358 823634 328757142 214775 173503 699258 0 0 0
cpu1 33507443 221 1411030 313210898 307163 141427 96873 0 0 0
cpu2 19010186 4456 885166 328115235 364523 94775 205108 0 0 0
cpu3 31873409 226 1295051 315074485 281275 123425 47231 0 0 0
cpu4 38073943 213 1547664 308619409 283465 139254 25742 0 0 0
cpu5 32902946 223 1414229 313812685 409851 125025 25754 0 0 0
cpu6 30507125 3022 1254546 316516710 259349 113061 42648 0 0 0
cpu7 34961299 62 1378277 311794197 382854 123884 7995 0 0 0
cpu8 32116224 576 1291701 314933369 223637 117066 15679 0 0 0
cpu9 38918487 0 1513842 307888227 224129 138865 6858 0 0 0
cpu10 35461302 14 1476971 311279489 342847 127400 6778 0 0 0
cpu11 21964309 199 1013974 325330026 272800 88576 30338 0 0 0
cpu12 35750289 76 1594155 310861681 351305 131156 7025 0 0 0
cpu13 35044793 1714 1427140 311835271 229414 126214 6155 0 0 0
cpu14 36182097 30 1474121 310590096 311312 133106 6055 0 0 0
cpu15 19360035 1174 851530 328182393 237500 75239 5823 0 0 0
cpu16 31491431 13 1301283 315547757 111558 129400 105901 0 0 0
cpu17 22351582 282 883275 325163902 225359 78882 7195 0 0 0
cpu18 22945308 105 940858 324505328 201727 85123 23892 0 0 0
cpu19 24548873 69 1074885 322693709 294083 89848 5498 0 0 0
cpu20 17881269 849 837583 329634404 287085 68808 5216 0 0 0
cpu21 31096805 26 1210167 315909467 344213 117283 5825 0 0 0
cpu22 27428042 34 1214758 319638915 307721 103409 6334 0 0 0
cpu23 24722631 58 836123 322790214 262964 85885 6089 0 0 0
cpu24 26465267 73 1013210 320708011 405269 96773 6376 0 0 0
cpu25 23935090 762 1039555 323351405 275753 92436 6212 0 0 0
cpu26 14419198 9534 663636 333241875 314494 54146 6079 0 0 0
cpu27 30468576 5770 1271985 316560569 290995 104617 2897 0 0 0
cpu28 22808723 5017 1007519 324606989 197081 82627 2639 0 0 0
cpu29 26767221 753 1152445 320396078 298708 92902 2223 0 0 0
cpu30 21621003 213 1002708 325797456 214631 75545 2349 0 0 0
cpu31 31449438 59 1395538 315503972 234766 116247 2647 0 0 0
cpu32 29892816 45 1386593 317116377 198578 108714 2736 0 0 0
cpu33 34347930 1381 1335919 312640362 252247 120660 3077 0 0 0
cpu34 22610141 350 984321 324718040 312109 84799 2261 0 0 0
cpu35 23030709 1942 1056869 324242465 298523 81700 2107 0 0 0
cpu36 37157508 0 1718167 309383202 299809 135381 3286 0 0 0
cpu37 22350258 87 997636 325021200 260492 79906 2811 0 0 0
cpu38 27192734 293 1267646 319990827 152562 101109 2429 0 0 0
cpu39 26302671 148 1239291 320847184 218509 98220 2526 0 0 0
cpu40 18434515 1266 829493 329137670 244795 67692 2183 0 0 0
cpu41 28438644 498 1274590 318644751 239730 105106 2856 0 0 0
cpu42 26858702 2365 1220558 320405724 113629 102557 2401 0 0 0
cpu43 24775891 44 1102250 322485256 250500 94930 2031 0 0 0
cpu44 34570570 717 1551009 312110488 335906 127229 3170 0 0 0
cpu45 25913053 1863 1263951 321196542 234179 97857 2052 0 0 0
cpu46 20601746 25 927769 326942993 165137 76751 1729 0 0 0
cpu47 14719737 2 708364 333211015 25502 55123 1509 0 0 0
cpu48 21519258 11 928931 325983050 201072 79566 1825 0 0 0
cpu49 24994364 3417 958249 322531535 133159 88987 1880 0 0 0
cpu50 24842158 3220 1058046 322570075 139042 93086 2261 0 0 0
cpu51 26289034 8458 1099814 320924159 284312 98105 2541 0 0 0
cpu52 7936493 660 291652 340346121 92046 35575 10186 0 0 0
cpu53 1164794 151 63530 347390875 73668 15618 4565 0 0 0
cpu54 15498381 767 473607 332514642 144428 63820 10279 0 0 0
cpu55 1064042 665 60407 347430201 152342 10868 5402 0 0 0
cpu56 1882661 1304 95445 346647774 73991 15458 8092 0 0 0
cpu57 1981341 240 79816 346529629 98897 16858 13957 0 0 0
cpu58 2855834 1416 127340 345427129 276505 20342 4616 0 0 0
cpu59 968970 209 68496 347258124 127816 11525 9792 0 0 0
cpu60 3326182 67 114001 345123238 145354 13905 5328 0 0 0
cpu61 2860823 627 130062 345506619 213432 13756 3919 0 0 0
cpu62 5074903 153 112096 343207247 311731 17101 5370 0 0 0
cpu63 4193365 256 140819 344091869 211236 18184 73812 0 0 0
cpu64 4204395 1274 158736 344178326 115834 29127 34946 0 0 0
cpu65 3201697 113 128539 345158619 223836 14274 3994 0 0 0
cpu66 3415756 227 103112 345115020 81935 12883 3415 0 0 0
cpu67 3074259 2405 116104 345335048 179482 15451 4078 0 0 0
cpu68 3447038 93 135402 345049619 59918 20866 3727 0 0 0
cpu69 3706285 216 137177 344700706 163691 16379 5952 0 0 0
cpu70 785177 48 50677 347797776 63677 11531 10703 0 0 0
cpu71 6227656 830 186101 342096902 189325 22639 3982 0 0 0
cpu72 18699251 972 699718 328905902 339410 63984 5861 0 0 0
cpu73 7113982 26 213677 341194912 169317 28693 4920 0 0 0
cpu74 7209297 2561 213075 341032393 231344 26448 5377 0 0 0
cpu75 6031889 43 194864 342318670 150527 22727 5045 0 0 0
cpu76 5681949 43 228375 342674440 111589 24379 4004 0 0 0
cpu77 7335538 193 298017 340719724 330068 31243 6221 0 0 0
cpu78 10544608 4101 275101 337726638 146950 28905 1069 0 0 0
cpu79 6840585 7624 287773 341337419 230537 23982 1255 0 0 0
cpu80 5314197 8727 247992 342971625 164830 19799 1789 0 0 0
cpu81 7824908 4176 362080 340267673 238416 28344 1272 0 0 0
cpu82 6390160 842 313017 341824744 177286 22832 862 0 0 0
cpu83 7899571 980 324015 340249066 225698 27826 1083 0 0 0
cpu84 1865145 1470 87307 346633037 139983 7418 762 0 0 0
cpu85 697506 57 41070 347893533 62522 5081 2470 0 0 0
cpu86 7027972 147 301732 341232209 141398 25334 918 0 0 0
cpu87 7501078 1270 371579 340630138 194070 28159 985 0 0 0
cpu88 1421321 232 59362 346862111 160735 8103 5505 0 0 0
cpu89 8314524 708 325744 339906543 151700 27863 1175 0 0 0
cpu90 10458352 16 428131 337603214 198104 37066 1151 0 0 0
cpu91 8133760 20 396715 340026110 138743 30239 1182 0 0 0
cpu92 7939363 1673 354577 340258187 139473 28149 1975 0 0 0
cpu93 10179550 3293 483055 337676486 343968 37967 1120 0 0 0
cpu94 12101519 2640 446634 335870903 256323 42548 1370 0 0 0
cpu95 9373844 1421 442654 338683010 187292 35168 1420 0 0 0
cpu96 580415 2701 33306 347981261 97987 4619 2486 0 0 0
cpu97 9480062 1418 410681 338623753 175724 33379 1103 0 0 0
cpu98 8876067 2 386405 339320134 108438 32828 1090 0 0 0
cpu99 7655246 177 346290 340680124 19255 27058 932 0 0 0
cpu100 9440339 33 361427 338718087 173744 32882 986 0 0 0
cpu101 8948027 159 403775 339220260 118220 34705 1355 0 0 0
cpu102 9915684 1447 424081 338209014 138265 36330 1368 0 0 0
cpu103 9527297 2575 435090 338458775 264190 36544 1342 0 0 0
## interrupts
            CPU0       CPU1       CPU2       CPU3       CPU4       CPU5       CPU6       CPU7       CPU8       CPU9       CPU10      CPU11      CPU12      CPU13      CPU14      CPU15      CPU16      CPU17      CPU18      CPU19      CPU20      CPU21      CPU22      CPU23      CPU24      CPU25      CPU26      CPU27      CPU28      CPU29      CPU30      CPU31      CPU32      CPU33      CPU34      CPU35      CPU36      CPU37      CPU38      CPU39      CPU40      CPU41      CPU42      CPU43      CPU44      CPU45      CPU46      CPU47      CPU48      CPU49      CPU50      CPU51      CPU52      CPU53      CPU54      CPU55      CPU56      CPU57      CPU58      CPU59      CPU60      CPU61      CPU62      CPU63      CPU64      CPU65      CPU66      CPU67      CPU68      CPU69      CPU70      CPU71      CPU72      CPU73      CPU74      CPU75      CPU76      CPU77      CPU78      CPU79      CPU80      CPU81      CPU82      CPU83      CPU84      CPU85      CPU86      CPU87      CPU88      CPU89      CPU90      CPU91      CPU92      CPU93      CPU94      CPU95      CPU96      CPU97      CPU98      CPU99      CPU100     CPU101     CPU102     CPU103     
 LOC:  443490476  392490896  267027743  350889687  407840602  358434428  337584166  373590399  344833871  412348052  376903704  248496698  379310637  371151326  382106038  208207363  342875674  240614772  252899079  263986799  193958261  335826807  295467910  266725236  288491422  260696487  157618522  321727517  241639517  282785315  230121134  332083759  316550192  360671197  239322839  244174650  392691870  236917579  287856631  278985156  195808817  300463115  285607250  262948495  365006965  275060844  218386416  157503750  227522071  263152939  263759163  278068566   92187625   27194999  172323971   20771192   27725990   31415427   44488512   22155967   39463234   35506352   57694631   51849327   49658758   38397060   39408455   40053875   47927688   43587698   15154319   70603518  199183899   79288633   81887320   68816366   65438933   83652083  111465140   74420861   59150908   84820482   69697934   84962393   22700341   12359806   76085535   81580647   21756787   89249750  111674990   88269843   86693455  109751295  129795479  101744968   11513281  101783162   96081003   82955132  101275970   96901103  106557957  102772172   Local timer interrupts
 RES:       7694      15157      12559      13358       9566      11006      11748      11464       9338      13535       8317      12513      12746      12142      11933      10823      10966       7854      10219      11692      11389      11027      11916       9710      12291       7533        387        422        542        570        624        334        288       2237        471        242        920       1936        217        286        202        167        142        276        207        284        746        193        390        286        173        139       7144      10833      20486      12573       8187       9479      10892      10356       7868      12211       7877      11721      11892      11576      11064      10044      17731       8929       8691      11186      10420      10701      11852       9611      11241       7541        287        277        415        390        388        311       2370        329        438        398        494        407        440        472        350        296        293        447        368        410       1201        493        450        526        431        456   Rescheduling interrupts
 CAL:   93918905   13668807   25032558    7125565    3770928    4540738    6873881    2100764    3197079    1761063    1954567    4963365    1705485    1548280    1601247    1600593    1672394    1640279    3876151    1645118    1743622    1729296    1594206    1755306    1746631    1754049    2268525    2268246    2193742    2118381    1971052    1997203    1969154    1971523    1857629    1850284    1744787    1734076    1642102    1708814    1672653    1862046    1531364    1607208    1512759    1556833    1407612    1530078    1503518    1469796    1477890    1420536    1708202    1417537    1829427    1638963    1719006    1696339    1689285    1330565    1529221    1614425    1534930    1537561    1598786    1533132    1424475    1519356    1620607    1712665    1595873    1595747    1618886    1730482    1689330    1461012    1504456    1882710    1684462    1725311    1574353    1680104    1566566    1563491    1597518    1402282    1629387    1515600    1325917    1592050    1645978    1622140    1640608    1891882    1660145    1652059    1475373    1633126    1701841    1722549    1698818    1678676    1607788    1770267   Function call interrupts
 TLB:    2087917    2175684    1798700    1935606    1816028    1806769    1822052    1842268    1721286    1578289    1414428    1521004    1527781    1471889    1518907    1337842    1383428    1473578    1627542    1482183    1422855    1458474    1437311    1439265    1455900    1598504    1968329    1997409    2026781    1839950    1801427    1817147    1791890    1757715    1528108    1556170    1527257    1479144    1434111    1514321    1462067    1538868    1362618    1436221    1355145    1376175    1282286    1417047    1398878    1340392    1345253    1228120    1510551    1217916    1459001    1326328    1488160    1385297    1467995    1330017    1307844    1357234    1297083    1409883    1310339    1387736    1275824    1321866    1449045    1539601    1317866    1413774    1412067    1360045    1490047    1266736    1220079    1377315    1498550    1448486    1403928    1401382    1389795    1399948    1405100    1256984    1380434    1333911    1265023    1417106    1403087    1404809    1422785    1577464    1431561    1427128    1268278    1371857    1495458    1521008    1498558    1385823    1348025    1504925   TLB shootdowns
## cpuidle cpu estado tiempo_us entradas
cpu0 POLL 2645942 78572
cpu0 C1 1615161531 288450
cpu0 C1E 2143431073 4386613
cpu0 C6 3284227222947 347475686
cpu1 POLL 1205161 29984
cpu1 C1 963115557 306221
cpu1 C1E 1472861380 7001644
cpu1 C6 3132435877489 54745729
cpu2 POLL 1786943 86390
cpu2 C1 38122766050 546236
cpu2 C1E 1331806451 7236135
cpu2 C6 3244874020898 96092556
cpu3 POLL 825749 25829
cpu3 C1 3982719395 272676
cpu3 C1E 704584595 4705018
cpu3 C6 3148730998224 25897010
cpu4 POLL 629386 17826
cpu4 C1 891020889 252781
cpu4 C1E 557348153 4158782
cpu4 C6 3087483536651 18220798
cpu5 POLL 725291 22364
cpu5 C1 874062803 226277
cpu5 C1E 459407444 3233714
cpu5 C6 3140779021283 21296007
cpu6 POLL 442339 14123
cpu6 C1 1724411507 152877
cpu6 C1E 446472892 2803912
cpu6 C6 3165451074916 24860714
cpu7 POLL 622415 28734
cpu7 C1 1409008653 206491
cpu7 C1E 392486440 2861804
cpu7 C6 3119921929531 12582380
cpu16 POLL 1823178 38034
cpu16 C1 969632270 247523
cpu16 C1E 4740776368 33453591
cpu16 C6 3150539632694 87619911
cpu17 POLL 687428 19165
cpu17 C1 1341794733 176161
cpu17 C1E 1756564756 10156372
cpu17 C6 3250750255690 10982629
cpu18 POLL 793828 27341
cpu18 C1 83489973 182490
cpu18 C1E 1722308780 9861132
cpu18 C6 3245135505206 23634345
cpu19 POLL 721992 20188
cpu19 C1 2285461264 183808
cpu19 C1E 1469737356 8543576
cpu19 C6 3226091939792 9362162
cpu20 POLL 516031 16308
cpu20 C1 1544055245 153209
cpu20 C1E 701295747 4835551
cpu20 C6 3296929946259 9711117
cpu21 POLL 490691 13981
cpu21 C1 1238386647 133290
cpu21 C1E 724248929 4456872
cpu21 C6 3160487473153 16373553
cpu22 POLL 512740 16544
cpu22 C1 947096331 148679
cpu22 C1E 719846036 4421594
cpu22 C6 3197740378666 12585141
cpu23 POLL 545784 15189
cpu23 C1 1429273561 126659
cpu23 C1E 747441933 4377887
cpu23 C6 3228289909151 13567221
## daemon hilo utime stime cpu
cpu_loop_main 9 2 84
cpu_loop_main 0 2 6
