## stat
cpu  1731823437 127832 73378533 34430196477 22047704 6640236 1775986 0 0 0
cpu0 17753534 2358 823634 328763167 214775 173504 699258 0 0 0
cpu1 33507443 221 1411030 313216925 307163 141427 96873 0 0 0
cpu2 19010187 4456 885166 328121261 364523 94775 205108 0 0 0
cpu3 31873409 226 1295051 315080511 281275 123425 47231 0 0 0
cpu4 38073943 213 1547664 308625435 283465 139254 25742 0 0 0
cpu5 32902946 223 1414229 313818711 409851 125025 25754 0 0 0
cpu6 30507125 3022 1254546 316522707 259349 113066 42648 0 0 0
cpu7 34961299 62 1378277 311800224 382854 123884 7995 0 0 0
cpu8 32116224 576 1291701 314939395 223637 117066 15679 0 0 0
cpu9 38918487 0 1513842 307894254 224129 138865 6858 0 0 0
cpu10 35461302 14 1476971 311285515 342847 127400 6778 0 0 0
cpu11 21964309 199 1013974 325336053 272800 88576 30338 0 0 0
cpu12 35750289 76 1594155 310867708 351305 131156 7025 0 0 0
cpu13 35044793 1714 1427140 311841298 229414 126214 6155 0 0 0
cpu14 36182097 30 1474121 310596123 311312 133106 6055 0 0 0
cpu15 19360035 1174 851530 328188418 237500 75240 5823 0 0 0
cpu16 31491431 13 1301283 315553782 111558 129400 105901 0 0 0
cpu17 22351582 282 883275 325169928 225359 78882 7195 0 0 0
cpu18 22945312 105 940859 324511345 201727 85124 23892 0 0 0
cpu19 24548873 69 1074885 322699735 294083 89848 5498 0 0 0
cpu20 17881269 849 837583 329640431 287085 68808 5216 0 0 0
cpu21 31096805 26 1210167 315915493 344213 117283 5825 0 0 0
cpu22 27428042 34 1214758 319644941 307721 103409 6334 0 0 0
cpu23 24722631 58 836123 322796240 262964 85885 6089 0 0 0
cpu24 26465267 73 1013210 320714038 405269 96773 6376 0 0 0
cpu25 23935090 762 1039555 323357431 275753 92436 6212 0 0 0
cpu26 14419198 9534 663636 333247902 314494 54146 6079 0 0 0
cpu27 30468576 5770 1271985 316566595 290995 104617 2897 0 0 0
cpu28 22808723 5017 1007519 324613015 197081 82627 2639 0 0 0
cpu29 26767221 753 1152445 320402104 298708 92902 2223 0 0 0
cpu30 21621003 213 1002709 325803481 214632 75545 2350 0 0 0
cpu31 31449438 59 1395539 315509997 234766 116247 2647 0 0 0
cpu32 29892816 45 1386593 317122404 198578 108714 2736 0 0 0
cpu33 34347930 1381 1335920 312646387 252248 120661 3077 0 0 0
cpu34 22610141 350 984321 324724067 312109 84799 2261 0 0 0
cpu35 23030709 1942 1056869 324248491 298523 81700 2107 0 0 0
cpu36 37157508 0 1718167 309389229 299809 135381 3286 0 0 0
cpu37 22350258 87 997636 325027226 260492 79906 2811 0 0 0
cpu38 27192734 293 1267646 319996854 152562 101109 2429 0 0 0
cpu39 26302671 148 1239291 320853210 218509 98220 2526 0 0 0
cpu40 18434515 1266 829493 329143696 244795 67692 2183 0 0 0
cpu41 28438644 498 1274590 318650777 239730 105106 2856 0 0 0
cpu42 26858702 2365 1220558 320411750 113629 102557 2401 0 0 0
cpu43 24775891 44 1102250 322491282 250500 94930 2031 0 0 0
cpu44 34570570 717 1551009 312116515 335906 127229 3170 0 0 0
cpu45 25913053 1863 1263951 321202568 234179 97857 2052 0 0 0
cpu46 20601747 25 927769 326949018 165137 76751 1729 0 0 0
cpu47 14719737 2 708364 333217041 25502 55123 1509 0 0 0
cpu48 21519258 11 928931 325989077 201072 79566 1825 0 0 0
cpu49 24994364 3417 958249 322537561 133159 88987 1880 0 0 0
cpu50 24842158 3220 1058046 322576101 139042 93086 2261 0 0 0
cpu51 26289034 8458 1099814 320930185 284312 98105 2541 0 0 0
cpu52 7936493 660 291652 340352147 92046 35575 10186 0 0 0
cpu53 1164794 151 63530 347396901 73668 15618 4565 0 0 0
cpu54 15498383 767 473609 332520660 144428 63821 10279 0 0 0
cpu55 1064042 665 60407 347436227 152342 10868 5402 0 0 0
cpu56 1882661 1304 95445 346653800 73991 15458 8092 0 0 0
cpu57 1981341 240 79816 346535655 98897 16858 13957 0 0 0
cpu58 2855834 1416 127340 345433155 276505 20342 4616 0 0 0
cpu59 968970 209 68496 347264150 127816 11525 9792 0 0 0
cpu60 3326182 67 114001 345129264 145354 13905 5328 0 0 0
cpu61 2860823 627 130062 345512646 213432 13756 3919 0 0 0
cpu62 5074903 153 112096 343213273 311731 17101 5370 0 0 0
cpu63 4193365 256 140819 344097895 211236 18184 73813 0 0 0
cpu64 4204395 1274 158736 344184352 115834 29127 34946 0 0 0
cpu65 3201697 113 128539 345164645 223836 14274 3994 0 0 0
cpu66 3415756 227 103112 345121046 81935 12883 3415 0 0 0
cpu67 3074259 2405 116104 345341075 179482 15451 4078 0 0 0
cpu68 3447038 93 135402 345055645 59918 20866 3727 0 0 0
cpu69 3706285 216 137177 344706733 163691 16379 5952 0 0 0
cpu70 785177 48 50677 347803802 63677 11531 10703 0 0 0
cpu71 6227656 830 186101 342102929 189325 22639 3982 0 0 0
cpu72 18699251 972 699718 328911928 339410 63984 5861 0 0 0
cpu73 7113982 26 213677 341200938 169317 28694 4920 0 0 0
cpu74 7209297 2561 213075 341038420 231344 26448 5377 0 0 0
cpu75 6031889 43 194864 342324697 150527 22727 5045 0 0 0
cpu76 5681949 43 228375 342680466 111589 24379 4004 0 0 0
cpu77 7335538 193 298017 340725750 330068 31243 6221 0 0 0
cpu78 10544608 4101 275101 337732664 146950 28905 1069 0 0 0
cpu79 6840585 7624 287773 341343446 230537 23982 1255 0 0 0
cpu80 5314197 8727 247992 342977651 164830 19799 1789 0 0 0
cpu81 7824908 4176 362082 340273640 238416 28358 1272 0 0 0
cpu82 6390160 842 313017 341830771 177286 22832 862 0 0 0
cpu83 7899571 980 324015 340255092 225698 27826 1083 0 0 0
cpu84 1865145 1470 87307 346639033 139983 7426 762 0 0 0
cpu85 697506 57 41070 347899557 62523 5081 2470 0 0 0
cpu86 7027972 147 301733 341238233 141398 25334 918 0 0 0
cpu87 7501078 1270 371580 340636163 194071 28159 985 0 0 0
cpu88 1421321 232 59363 346868131 160735 8103 5506 0 0 0
cpu89 8314525 708 325746 339912567 151700 27864 1175 0 0 0
cpu90 10458352 16 428132 337609239 198104 37066 1151 0 0 0
cpu91 8133760 20 396716 340032135 138743 30239 1182 0 0 0
cpu92 7939363 1673 354578 340264211 139474 28149 1975 0 0 0
cpu93 10179550 3293 483056 337682511 343968 37967 1120 0 0 0
cpu94 12101519 2640 446635 335876928 256323 42548 1370 0 0 0
cpu95 9373844 1421 442655 338689035 187292 35168 1420 0 0 0
cpu96 580416 2701 33306 347987286 97987 4619 2486 0 0 0
cpu97 9480062 1418 410681 338629780 175724 33379 1103 0 0 0
cpu98 8876067 2 386405 339326160 108438 32828 1090 0 0 0
cpu99 7655246 177 346290 340686151 19255 27058 932 0 0 0
cpu100 9440339 33 361427 338724114 173744 32882 986 0 0 0
cpu101 8948027 159 403775 339226287 118220 34705 1355 0 0 0
cpu102 9915684 1447 424081 338215041 138265 36330 1368 0 0 0
cpu103 9527297 2575 435090 338464802 264190 36544 1342 0 0 0
## interrupts
            CPU0       CPU1       CPU2       CPU3       CPU4       CPU5       CPU6       CPU7       CPU8       CPU9       CPU10      CPU11      CPU12      CPU13      CPU14      CPU15      CPU16      CPU17      CPU18      CPU19      CPU20      CPU21      CPU22      CPU23      CPU24      CPU25      CPU26      CPU27      CPU28      CPU29      CPU30      CPU31      CPU32      CPU33      CPU34      CPU35      CPU36      CPU37      CPU38      CPU39      CPU40      CPU41      CPU42      CPU43      CPU44      CPU45      CPU46      CPU47      CPU48      CPU49      CPU50      CPU51      CPU52      CPU53      CPU54      CPU55      CPU56      CPU57      CPU58      CPU59      CPU60      CPU61      CPU62      CPU63      CPU64      CPU65      CPU66      CPU67      CPU68      CPU69      CPU70      CPU71      CPU72      CPU73      CPU74      CPU75      CPU76      CPU77      CPU78      CPU79      CPU80      CPU81      CPU82      CPU83      CPU84      CPU85      CPU86      CPU87      CPU88      CPU89      CPU90      CPU91      CPU92      CPU93      CPU94      CPU95      CPU96      CPU97      CPU98      CPU99      CPU100     CPU101     CPU102     CPU103     
 LOC:  443490738  392490933  267027918  350889727  407840632  358434458  337590212  373590430  344833901  412348082  376903734  248496730  379310709  371151359  382106068  208207624  342876074  240614968  252900724  263986829  193958294  335826837  295467940  266725266  288491452  260696518  157618672  321727654  241639564  282785345  230121567  332083982  316550224  360671391  239322871  244174682  392691902  236917615  287856663  278985188  195808851  300463145  285607280  262948555  365006995  275060885  218386501  157503780  227522101  263152969  263759193  278068596   92187746   27195029  172325613   20771222   27726020   31415463   44488542   22156000   39463266   35506396   57694661   51849447   49658788   38397090   39408526   40053925   47927718   43587762   15154423   70603547  199183929   79288795   81887350   68816396   65438963   83652114  111465178   74420891   59150939   85111743   69697967   84962423   22853043   12359933   76085760   81580862   21757316   89249978  111675212   88270042   86693668  109751522  129795680  101745129   11513403  101783192   96081077   82955162  101276000   96901133  106557987  102772202   Local timer interrupts
 RES:       7694      15157      12559      13358       9566      11006      11748      11464       9338      13535       8317      12513      12746      12142      11933      10823      10966       7854      10219      11692      11389      11027      11916       9710      12291       7533        387        422        542        570        624        334        288       2237        471        242        920       1936        217        286        202        167        142        276        207        284        746        193        390        286        173        139       7144      10833      20486      12573       8187       9479      10892      10356       7868      12211       7877      11721      11892      11576      11064      10044      17731       8929       8691      11186      10420      10701      11852       9611      11241       7541        287        277        415        390        388        311       2370        329        438        398        495        407        440        473        350        296        293        447        368        410       1201        493        450        526        431        456   Rescheduling interrupts
 CAL:   93918966   13668820   25032566    7125576    3770936    4540746    6873889    2100772    3197087    1761071    1954575    4963373    1705493    1548288    1601255    1600602    1672403    1640287    3876159    1645126    1743630    1729304    1594214    1755314    1746639    1754057    2268533    2268254    2193750    2118389    1971061    1997211    1969162    1971531    1857637    1850292    1744795    1734084    1642110    1708822    1672661    1862054    1531372    1607216    1512767    1556841    1407620    1530086    1503526    1469804    1477898    1420544    1708210    1417545    1829435    1638971    1719014    1696347    1689293    1330573    1529229    1614433    1534938    1537569    1598794    1533140    1424484    1519364    1620615    1712673    1595881    1595755    1618894    1730490    1689338    1461020    1504464    1882718    1684470    1725319    1574361    1680112    1566574    1563499    1597526    1402290    1629395    1515608    1325917    1592058    1645986    1622148    1640616    1891890    1660153    1652067    1475381    1633134    1701849    1722557    1698826    1678684    1607796    1770275   Function call interrupts
 TLB:    2087917    2175684    1798700    1935606    1816028    1806769    1822052    1842268    1721286    1578289    1414428    1521004    1527781    1471889    1518907    1337842    1383428    1473578    1627542    1482183    1422855    1458474    1437311    1439265    1455900    1598504    1968329    1997409    2026781    1839950    1801427    1817147    1791890    1757715    1528108    1556170    1527257    1479144    1434111    1514321    1462067    1538868    1362618    1436221    1355145    1376175    1282286    1417047    1398878    1340392    1345253    1228120    1510551    1217916    1459001    1326328    1488160    1385297    1467995    1330017    1307844    1357234    1297083    1409883    1310339    1387736    1275824    1321866    1449045    1539601    1317866    1413774    1412067    1360045    1490047    1266736    1220079    1377315    1498550    1448486    1403928    1401382    1389795    1399948    1405100    1256984    1380434    1333911    1265023    1417106    1403087    1404809    1422785    1577464    1431561    1427128    1268278    1371857    1495458    1521008    1498558    1385823    1348025    1504925   TLB shootdowns
## cpuidle cpu estado tiempo_us entradas
cpu0 POLL 2645942 78572
cpu0 C1 1615162590 288453
cpu0 C1E 2143446166 4386660
cpu0 C6 3284287457918 347476030
cpu1 POLL 1205161 29984
cpu1 C1 963115557 306221
cpu1 C1E 1472861753 7001659
cpu1 C6 3132495201879 54745831
cpu2 POLL 1786954 86393
cpu2 C1 38124254158 546245
cpu2 C1E 1331810619 7236155
cpu2 C6 3244933153837 96092775
cpu3 POLL 825753 25830
cpu3 C1 3982719395 272676
cpu3 C1E 704584916 4705035
cpu3 C6 3148791296902 25897073
cpu4 POLL 629386 17826
cpu4 C1 891020889 252781
cpu4 C1E 557348517 4158797
cpu4 C6 3087544144951 18220852
cpu5 POLL 725291 22364
cpu5 C1 874062803 226277
cpu5 C1E 459407806 3233729
cpu5 C6 3140839020388 21296061
cpu6 POLL 442339 14123
cpu6 C1 1724413202 152879
cpu6 C1E 446475992 2803930
cpu6 C6 3165510998849 24867030
cpu7 POLL 622415 28734
cpu7 C1 1409008653 206491
cpu7 C1E 392486805 2861819
cpu7 C6 3119982152743 12582436
cpu16 POLL 1823191 38035
cpu16 C1 969632331 247527
cpu16 C1E 4740866757 33453934
cpu16 C6 3150599791888 87620480
cpu17 POLL 687428 19165
cpu17 C1 1341794998 176172
cpu17 C1E 1756595378 10156436
cpu17 C6 3250811098776 10982990
cpu18 POLL 793828 27341
cpu18 C1 83490973 182491
cpu18 C1E 1722328031 9861190
cpu18 C6 3245195638511 23635933
cpu19 POLL 721992 20188
cpu19 C1 2285461264 183808
cpu19 C1E 1469737719 8543591
cpu19 C6 3226151939358 9362187
cpu20 POLL 516031 16308
cpu20 C1 1544055245 153209
cpu20 C1E 701296102 4835567
cpu20 C6 3296989945200 9711174
cpu21 POLL 490691 13981
cpu21 C1 1238386647 133290
cpu21 C1E 724249296 4456887
cpu21 C6 3160547772306 16373617
cpu22 POLL 512740 16544
cpu22 C1 947096331 148679
cpu22 C1E 719846405 4421609
cpu22 C6 3197800377731 12585194
cpu23 POLL 545784 15189
cpu23 C1 1429273561 126659
cpu23 C1E 747442291 4377902
cpu23 C6 3228350132216 13567276
## daemon hilo utime stime cpu
cpu_loop_main 36 10 84
cpu_loop_main 0 18 6
