## stat
cpu  506744677 220658 62952442 13291684725 1596975 3382128 814142 0 0 0
cpu0 36838488 37455 2630148 392938206 151028 271224 118506 0 0 0
cpu1 38565347 13577 2723027 391677801 148481 195216 36839 0 0 0
cpu2 37332825 5256 2504273 393215667 97579 190950 34313 0 0 0
cpu3 36964581 6201 2354984 393729251 102285 188147 31412 0 0 0
cpu4 34599138 9635 2228395 396229388 90050 182499 34541 0 0 0
cpu5 51731205 25654 2449988 378794566 118305 227869 41543 0 0 0
cpu6 12338002 2065 24830549 396079552 59095 146470 73436 0 0 0
cpu7 13321712 6850 900082 418391059 48469 265266 31835 0 0 0
cpu8 9817356 10098 1331495 421066918 50867 99660 69268 0 0 0
cpu9 9796149 4867 999383 422457610 42544 51343 21874 0 0 0
cpu10 11338710 6591 1077580 420893057 38355 56243 13367 0 0 0
cpu11 13215116 5285 1167388 418922896 44090 55455 27465 0 0 0
cpu12 10267327 669 928463 422140913 30719 52002 8038 0 0 0
cpu13 9832124 2370 949109 422562958 26358 49667 7655 0 0 0
cpu14 10298113 806 984342 421739753 49187 349445 7020 0 0 0
cpu15 11159236 1153 1293583 420865874 27590 62958 7459 0 0 0
cpu16 6074491 1932 610037 426608742 16070 52163 25989 0 0 0
cpu17 6603196 4854 669662 426031235 18225 50065 25718 0 0 0
cpu18 7063024 8264 751392 425488690 16673 50827 32786 0 0 0
cpu19 7008960 6245 809577 425422818 17894 82802 43426 0 0 0
cpu20 5529476 7364 904979 426900210 16201 41486 8517 0 0 0
cpu21 7695578 4845 747279 424872730 20312 49790 21026 0 0 0
cpu22 6637198 2448 739861 425957097 24153 30029 14704 0 0 0
cpu23 5141423 9625 801420 427395426 23752 31324 14889 0 0 0
cpu24 12487956 4116 911813 419907687 31289 65309 14604 0 0 0
cpu25 14433772 6367 891792 417976312 45270 65828 6738 0 0 0
cpu26 13301151 9770 957699 419046448 37339 72965 6530 0 0 0
cpu27 13606702 1251 975139 418740460 40870 63019 6533 0 0 0
cpu28 13257687 3180 910357 419139672 39079 69574 6543 0 0 0
cpu29 13680871 4685 972880 418643624 41310 71651 7430 0 0 0
cpu30 13063233 5866 909703 419324463 41189 70073 6900 0 0 0
cpu31 13744513 1302 1036048 418523627 42331 70794 7222 0 0 0
## interrupts
            CPU0       CPU1       CPU2       CPU3       CPU4       CPU5       CPU6       CPU7       CPU8       CPU9       CPU10      CPU11      CPU12      CPU13      CPU14      CPU15      CPU16      CPU17      CPU18      CPU19      CPU20      CPU21      CPU22      CPU23      CPU24      CPU25      CPU26      CPU27      CPU28      CPU29      CPU30      CPU31      
 LOC:  508895967  470175208  440744151  435728526  417957971  582016506  916164795 3326191758  220127307  157533504  176424889  179291265  150897907  143509559  152762137  170172274  115424663  109852556  112777398  106530178   97637060  120883873  108106927  104131446  183153459  193793457  186190143  186893218  182949262  189365455  180113354  188350436   Local timer interrupts
 RES:     133763      74524      68976      60559      51181      46496       9764      11532      77627      16934      14727      12688      11817      11467      11514      11571       7255      11513      10056       8971       8743       6898       7084       6473       9410       9142       8623       8413       9034       8714       8124       8952   Rescheduling interrupts
 CAL: 1433250354 1107049881 1134818124 1114181072  999099475  944165104   99198799   37204882   37250107   28507902   25915005   23819244   22594669   21173905   21573979   22110377   21716826   17044397   16487249   16429078   16360327   16272433   15518815   15572327   29468979   30054809   31332114   32771736   33925134   35755701   35653968   35039645   Function call interrupts
 TLB:   41894062   45788230   46317956   46645429   46600574   45016150   34076735   34250536   28753184   28581582   27369424   25941101   24884003   23378217   23709294   24183044   22746649   19266319   18730537   18566792   18440003   18135786   15874504   15766635   31415332   31663626   32926122   34130884   35158288   36871259   36586174   35517026   TLB shootdowns
## cpuidle cpu estado tiempo_us entradas
cpu0 POLL 13954628 435192
cpu0 C1 2957975669 30328983
cpu0 C1E 25045616912 116077491
cpu0 C6 3900618337354 516665311
cpu1 POLL 5063936 139686
cpu1 C1 32129008 493424
cpu1 C1E 12595249223 74054603
cpu1 C6 3904828477733 151361812
cpu2 POLL 4527026 142558
cpu2 C1 47694691 533339
cpu2 C1E 11529003505 65169983
cpu2 C6 3920882124059 116501279
cpu3 POLL 4124979 112550
cpu3 C1 43783116 484140
cpu3 C1E 11371203563 58998208
cpu3 C6 3926256957893 110534134
cpu4 POLL 3847650 108665
cpu4 C1 50817741 498456
cpu4 C1E 11155918851 62759530
cpu4 C6 3951269881191 126367132
cpu5 POLL 4076030 118450
cpu5 C1 206356282 353744
cpu5 C1E 9943318482 64854693
cpu5 C6 3778431422276 89979901
cpu6 POLL 1111740364 135847318
cpu6 C1 14459114056 49268921
cpu6 C1E 162945495014 554470111
cpu6 C6 3781603557185 386466145
cpu7 POLL 29337421 742355
cpu7 C1 42803229 1946021
cpu7 C1E 424135160241 3170332054
cpu7 C6 3757950995475 87717405
cpu16 POLL 2076885 56841
cpu16 C1 77464291 196699
cpu16 C1E 7066901089 31247149
cpu16 C6 4258492073813 103224395
cpu17 POLL 1716179 47709
cpu17 C1 23709125 192054
cpu17 C1E 7079405239 28471539
cpu17 C6 4252848712444 88670845
cpu18 POLL 1435655 48024
cpu18 C1 27485125 198308
cpu18 C1E 6730595399 26017386
cpu18 C6 4247767883984 80212952
cpu19 POLL 1269212 43564
cpu19 C1 19412474 136486
cpu19 C1E 5875900142 19055477
cpu19 C6 4247663983031 111040741
cpu20 POLL 2155931 52898
cpu20 C1 14024738 167826
cpu20 C1E 6316915036 24969018
cpu20 C6 4262360101034 66212144
cpu21 POLL 2482107 57179
cpu21 C1 35790496 236950
cpu21 C1E 7324712417 32039688
cpu21 C6 4241100216840 66822471
cpu22 POLL 3787820 324450
cpu22 C1 108249549 249757
cpu22 C1E 7647646573 22946027
cpu22 C6 4251604609237 106398058
cpu23 POLL 3644562 225873
cpu23 C1 28254469 276037
cpu23 C1E 9505029744 34017150
cpu23 C6 4264238343773 80313991
## daemon hilo utime stime cpu
cpu_loop_main 6 2 2
cpu_loop_main 0 1 6
