## stat
cpu  506756744 220658 62952535 13291752912 1596990 3382222 814153 0 0 0
cpu0 36840493 37455 2630156 392938701 151028 271235 118506 0 0 0
cpu1 38567348 13577 2723036 391678302 148482 195227 36839 0 0 0
cpu2 37334825 5256 2504283 393216166 97579 190961 34314 0 0 0
cpu3 36966582 6201 2354990 393729755 102286 188159 31412 0 0 0
cpu4 34601184 9635 2228404 396229843 90050 182510 34541 0 0 0
cpu5 51733210 25654 2449992 378795066 118305 227880 41543 0 0 0
cpu6 12338003 2065 24830575 396081910 59096 146475 73437 0 0 0
cpu7 13321712 6850 900082 418393485 48478 265282 31838 0 0 0
cpu8 9817356 10098 1331497 421069416 50867 99664 69272 0 0 0
cpu9 9796149 4867 999383 422460130 42544 51343 21874 0 0 0
cpu10 11338711 6591 1077583 420895574 38356 56243 13367 0 0 0
cpu11 13215116 5285 1167388 418925416 44090 55455 27465 0 0 0
cpu12 10267327 669 928463 422143434 30719 52002 8038 0 0 0
cpu13 9832124 2370 949110 422565477 26358 49667 7655 0 0 0
cpu14 10298115 806 984344 421742269 49187 349446 7021 0 0 0
cpu15 11159236 1153 1293585 420868392 27590 62958 7459 0 0 0
cpu16 6074491 1932 610037 426611262 16070 52163 25989 0 0 0
cpu17 6603196 4854 669662 426033756 18225 50065 25718 0 0 0
cpu18 7063024 8264 751392 425491211 16673 50827 32786 0 0 0
cpu19 7008960 6245 809577 425425339 17895 82802 43426 0 0 0
cpu20 5529476 7364 904980 426902730 16201 41486 8517 0 0 0
cpu21 7695578 4845 747280 424875251 20312 49790 21026 0 0 0
cpu22 6637198 2448 739861 425959618 24153 30029 14704 0 0 0
cpu23 5141424 9625 801421 427397945 23752 31324 14889 0 0 0
cpu24 12487956 4116 911813 419910208 31289 65309 14604 0 0 0
cpu25 14433772 6367 891794 417978831 45270 65828 6738 0 0 0
cpu26 13301151 9770 957699 419048970 37339 72965 6530 0 0 0
cpu27 13606704 1251 975140 418742977 40870 63019 6533 0 0 0
cpu28 13257688 3180 910361 419142188 39081 69574 6544 0 0 0
cpu29 13680871 4685 972881 418646142 41310 71651 7430 0 0 0
cpu30 13063233 5866 909703 419326984 41189 70073 6900 0 0 0
cpu31 13744513 1302 1036048 418526148 42331 70794 7222 0 0 0
## interrupts
            CPU0       CPU1       CPU2       CPU3       CPU4       CPU5       CPU6       CPU7       CPU8       CPU9       CPU10      CPU11      CPU12      CPU13      CPU14      CPU15      CPU16      CPU17      CPU18      CPU19      CPU20      CPU21      CPU22      CPU23      CPU24      CPU25      CPU26      CPU27      CPU28      CPU29      CPU30      CPU31      
 LOC:  508916660  470195654  440768109  435751171  417978742  582037023  916215247 3326363362  220133148  157533664  176425188  179291399  150897921  143509675  152763049  170172587  115425131  109852617  112777438  106530233   97637206  120884273  108107112  104131658  183153489  193793604  186190154  186893965  182949560  189365609  180113361  188350445   Local timer interrupts
 RES:     133766      74528      68997      60561      51185      46499       9764      11532      77627      16934      14727      12688      11817      11467      11514      11579       7255      11513      10056       8971       8743       6898       7084       6473       9410       9142       8623       8413       9034       8714       8124       8952   Rescheduling interrupts
 CAL: 1433433445 1107232274 1135000561 1114363219  999286050  944347803   99198804   37207309   37250939   28507906   25915009   23819250   22594673   21173909   21573983   22110391   21716832   17044401   16487253   16429082   16360331   16272441   15518819   15572331   29468983   30054813   31332118   32771740   33925138   35755705   35653972   35039649   Function call interrupts
 TLB:   41894793   45788980   46318579   46646291   46601180   45017018   34076735   34250536   28753184   28581582   27369424   25941101   24884003   23378217   23709294   24183044   22746649   19266319   18730537   18566792   18440003   18135786   15874504   15766635   31415332   31663626   32926122   34130884   35158288   36871259   36586174   35517026   TLB shootdowns
## cpuidle cpu estado tiempo_us entradas
cpu0 POLL 13954628 435192
cpu0 C1 2957975669 30328983
cpu0 C1E 25045676682 116077563
cpu0 C6 3900623233942 516666613
cpu1 POLL 5063936 139686
cpu1 C1 32129058 493425
cpu1 C1E 12595340984 74054733
cpu1 C6 3904833396979 151362224
cpu2 POLL 4527092 142559
cpu2 C1 47694693 533339
cpu2 C1E 11529607036 65173712
cpu2 C6 3920886490567 116501480
cpu3 POLL 4125491 112558
cpu3 C1 43783202 484156
cpu3 C1E 11371537848 59000416
cpu3 C6 3926261666521 110534369
cpu4 POLL 3847650 108665
cpu4 C1 50817741 498456
cpu4 C1E 11155974353 62759638
cpu4 C6 3951274369998 126367321
cpu5 POLL 4076030 118450
cpu5 C1 206356282 353744
cpu5 C1E 9943397727 64854830
cpu5 C6 3778436351282 89980177
cpu6 POLL 1111742411 135847350
cpu6 C1 14459149123 49269484
cpu6 C1E 162969000282 554519686
cpu6 C6 3781603576797 386466189
cpu7 POLL 29337748 742361
cpu7 C1 42803703 1946104
cpu7 C1E 424158540950 3170504112
cpu7 C6 3757951829118 87717537
cpu16 POLL 2077014 56843
cpu16 C1 77464312 196703
cpu16 C1E 7067073332 31247899
cpu16 C6 4258517097526 103225067
cpu17 POLL 1716179 47709
cpu17 C1 23709125 192054
cpu17 C1E 7079405469 28471543
cpu17 C6 4252873911846 88671700
cpu18 POLL 1435655 48024
cpu18 C1 27485125 198308
cpu18 C1E 6730595399 26017386
cpu18 C6 4247793165001 80213095
cpu19 POLL 1269212 43564
cpu19 C1 19412474 136486
cpu19 C1E 5875900142 19055477
cpu19 C6 4247689339174 111040867
cpu20 POLL 2155931 52898
cpu20 C1 14024738 167826
cpu20 C1E 6316936234 24969044
cpu20 C6 4262385385298 66212382
cpu21 POLL 2482107 57179
cpu21 C1 35790502 236951
cpu21 C1E 7324861985 32039934
cpu21 C6 4241125255779 66822979
cpu22 POLL 3787820 324450
cpu22 C1 108249549 249757
cpu22 C1E 7647646573 22946027
cpu22 C6 4251629819113 106398319
cpu23 POLL 3644562 225873
cpu23 C1 28254469 276037
cpu23 C1E 9505140605 34017318
cpu23 C6 4264263460687 80314380
## daemon hilo utime stime cpu
cpu_loop_main 42 17 6
cpu_loop_main 2 148 6
