## stat
cpu  1731823245 127832 73378205 34425542044 22047610 6639961 1775926 0 0 0
cpu0 17753534 2358 823632 328718410 214775 173502 699254 0 0 0
cpu1 33507442 221 1411027 313172159 307163 141427 96873 0 0 0
cpu2 19010186 4456 885165 328076496 364522 94774 205107 0 0 0
cpu3 31873409 226 1295049 315035745 281274 123425 47230 0 0 0
cpu4 38073943 213 1547663 308580668 283465 139253 25742 0 0 0
cpu5 32902946 223 1414229 313773943 409851 125025 25753 0 0 0
cpu6 30507082 3022 1254486 316478391 259349 112952 42635 0 0 0
cpu7 34961299 62 1378277 311755454 382854 123884 7995 0 0 0
cpu8 32116224 576 1291701 314894626 223637 117066 15679 0 0 0
cpu9 38918487 0 1513841 307849485 224129 138865 6857 0 0 0
cpu10 35461302 14 1476971 311240746 342847 127400 6777 0 0 0
cpu11 21964309 199 1013973 325291284 272800 88576 30338 0 0 0
cpu12 35750289 76 1594155 310822939 351305 131156 7025 0 0 0
cpu13 35044793 1714 1427140 311796528 229414 126214 6155 0 0 0
cpu14 36182097 30 1474121 310551353 311312 133106 6055 0 0 0
cpu15 19360035 1174 851528 328143660 237500 75238 5820 0 0 0
cpu16 31491431 13 1301281 315509023 111558 129398 105895 0 0 0
cpu17 22351581 282 883272 325125165 225359 78881 7195 0 0 0
cpu18 22945289 105 940843 324466645 201726 85114 23891 0 0 0
cpu19 24548873 69 1074884 322654967 294083 89848 5498 0 0 0
cpu20 17881269 849 837583 329595664 287084 68808 5216 0 0 0
cpu21 31096805 26 1210167 315870724 344213 117283 5825 0 0 0
cpu22 27428042 34 1214757 319600174 307721 103409 6334 0 0 0
cpu23 24722631 58 836121 322751473 262964 85885 6089 0 0 0
cpu24 26465267 73 1013210 320669269 405269 96773 6376 0 0 0
cpu25 23935090 762 1039554 323312663 275753 92436 6212 0 0 0
cpu26 14419198 9534 663636 333203134 314494 54145 6078 0 0 0
cpu27 30468576 5770 1271985 316521827 290995 104617 2897 0 0 0
cpu28 22808723 5017 1007518 324568248 197080 82627 2639 0 0 0
cpu29 26767220 753 1152442 320357340 298706 92901 2222 0 0 0
cpu30 21620994 213 1002700 325758761 214630 75537 2349 0 0 0
cpu31 31449437 59 1395535 315465234 234765 116247 2647 0 0 0
cpu32 29892815 45 1386591 317077637 198577 108713 2736 0 0 0
cpu33 34347928 1381 1335914 312601626 252246 120660 3076 0 0 0
cpu34 22610141 350 984320 324679300 312108 84799 2261 0 0 0
cpu35 23030705 1942 1056866 324203765 298523 81691 2106 0 0 0
cpu36 37157508 0 1718167 309344525 299808 135364 3286 0 0 0
cpu37 22350257 87 997635 324982459 260492 79906 2810 0 0 0
cpu38 27192734 293 1267644 319952087 152561 101109 2429 0 0 0
cpu39 26302671 148 1239290 320808443 218508 98220 2526 0 0 0
cpu40 18434515 1266 829490 329098932 244793 67692 2183 0 0 0
cpu41 28438643 498 1274589 318606010 239729 105106 2856 0 0 0
cpu42 26858702 2365 1220557 320366982 113628 102557 2401 0 0 0
cpu43 24775891 44 1102250 322446514 250500 94930 2031 0 0 0
cpu44 34570570 717 1551009 312071745 335906 127229 3170 0 0 0
cpu45 25913053 1863 1263951 321157800 234179 97857 2051 0 0 0
cpu46 20601743 25 927763 326904258 165137 76751 1729 0 0 0
cpu47 14719737 2 708364 333172272 25502 55123 1509 0 0 0
cpu48 21519258 11 928931 325944307 201072 79566 1825 0 0 0
cpu49 24994364 3417 958249 322492791 133159 88987 1880 0 0 0
cpu50 24842158 3220 1058046 322531331 139042 93086 2261 0 0 0
cpu51 26289034 8458 1099814 320885416 284312 98105 2541 0 0 0
cpu52 7936493 660 291652 340307379 92046 35575 10185 0 0 0
cpu53 1164794 151 63530 347352131 73668 15618 4565 0 0 0
cpu54 15498361 767 473594 332475958 144428 63811 10279 0 0 0
cpu55 1064042 665 60407 347391458 152342 10867 5402 0 0 0
cpu56 1882661 1304 95445 346609031 73991 15458 8092 0 0 0
cpu57 1981341 240 79816 346490886 98897 16858 13957 0 0 0
cpu58 2855833 1416 127340 345388388 276505 20341 4615 0 0 0
cpu59 968969 209 68495 347219383 127816 11525 9792 0 0 0
cpu60 3326182 67 113997 345084501 145353 13905 5328 0 0 0
cpu61 2860822 627 130058 345467881 213431 13755 3919 0 0 0
cpu62 5074903 153 112092 343168511 311729 17101 5370 0 0 0
cpu63 4193363 256 140814 344053140 211234 18183 73806 0 0 0
cpu64 4204395 1274 158733 344139588 115833 29127 34946 0 0 0
cpu65 3201696 113 128535 345119880 223835 14273 3994 0 0 0
cpu66 3415755 227 103109 345076282 81935 12882 3415 0 0 0
cpu67 3074259 2405 116104 345296305 179482 15451 4078 0 0 0
cpu68 3447037 93 135400 345010878 59918 20866 3727 0 0 0
cpu69 3706284 216 137176 344661967 163690 16378 5951 0 0 0
cpu70 785177 48 50675 347759038 63677 11531 10703 0 0 0
cpu71 6227656 830 186099 342058163 189324 22639 3982 0 0 0
cpu72 18699250 972 699717 328867162 339409 63984 5861 0 0 0
cpu73 7113982 26 213676 341156176 169317 28693 4918 0 0 0
cpu74 7209296 2561 213072 340993655 231343 26448 5377 0 0 0
cpu75 6031888 43 194861 342279933 150526 22726 5045 0 0 0
cpu76 5681949 43 228374 342635700 111588 24379 4003 0 0 0
cpu77 7335538 193 298017 340680982 330068 31242 6221 0 0 0
cpu78 10544608 4101 275101 337687896 146949 28905 1069 0 0 0
cpu79 6840584 7624 287772 341298746 230537 23964 1255 0 0 0
cpu80 5314194 8727 247978 342932992 164816 19780 1787 0 0 0
cpu81 7824905 4176 362070 340228951 238411 28343 1271 0 0 0
cpu82 6390158 842 313012 341786011 177284 22832 862 0 0 0
cpu83 7899569 980 324004 340210342 225695 27825 1082 0 0 0
cpu84 1865130 1470 87291 346594386 139975 7405 761 0 0 0
cpu85 697502 57 41061 347854811 62518 5080 2469 0 0 0
cpu86 7027969 147 301724 341193479 141395 25333 918 0 0 0
cpu87 7501076 1270 371572 340591407 194067 28159 985 0 0 0
cpu88 1421320 232 59357 346823435 160733 8102 5504 0 0 0
cpu89 8314522 708 325737 339867814 151698 27863 1175 0 0 0
cpu90 10458350 16 428127 337564478 198102 37065 1151 0 0 0
cpu91 8133758 20 396710 339987376 138741 30239 1182 0 0 0
cpu92 7939362 1673 354575 340219447 139473 28149 1975 0 0 0
cpu93 10179549 3293 483054 337637747 343967 37967 1120 0 0 0
cpu94 12101519 2640 446632 335832162 256322 42548 1370 0 0 0
cpu95 9373844 1421 442653 338644268 187292 35168 1420 0 0 0
cpu96 580398 2701 33305 347942540 97986 4618 2485 0 0 0
cpu97 9480062 1418 410681 338585010 175724 33379 1103 0 0 0
cpu98 8876067 2 386405 339281390 108438 32828 1090 0 0 0
cpu99 7655246 177 346290 340641381 19255 27058 932 0 0 0
cpu100 9440339 33 361425 338679346 173744 32882 986 0 0 0
cpu101 8948027 159 403775 339181517 118220 34705 1355 0 0 0
cpu102 9915684 1447 424081 338170271 138265 36330 1368 0 0 0
cpu103 9527297 2575 435090 338420032 264190 36544 1342 0 0 0
## interrupts
            CPU0       CPU1       CPU2       CPU3       CPU4       CPU5       CPU6       CPU7       CPU8       CPU9       CPU10      CPU11      CPU12      CPU13      CPU14      CPU15      CPU16      CPU17      CPU18      CPU19      CPU20      CPU21      CPU22      CPU23      CPU24      CPU25      CPU26      CPU27      CPU28      CPU29      CPU30      CPU31      CPU32      CPU33      CPU34      CPU35      CPU36      CPU37      CPU38      CPU39      CPU40      CPU41      CPU42      CPU43      CPU44      CPU45      CPU46      CPU47      CPU48      CPU49      CPU50      CPU51      CPU52      CPU53      CPU54      CPU55      CPU56      CPU57      CPU58      CPU59      CPU60      CPU61      CPU62      CPU63      CPU64      CPU65      CPU66      CPU67      CPU68      CPU69      CPU70      CPU71      CPU72      CPU73      CPU74      CPU75      CPU76      CPU77      CPU78      CPU79      CPU80      CPU81      CPU82      CPU83      CPU84      CPU85      CPU86      CPU87      CPU88      CPU89      CPU90      CPU91      CPU92      CPU93      CPU94      CPU95      CPU96      CPU97      CPU98      CPU99      CPU100     CPU101     CPU102     CPU103     
 LOC:  443488526  392490244  267025978  350889216  407840176  358434035  337325855  373590204  344833651  412347681  376903509  248496291  379310250  371151111  382105843  208205080  342873864  240613002  252887277  263986450  193957891  335826612  295467610  266724941  288491174  260696212  157617741  321726915  241639073  282784761  229970251  332083046  316549685  360670587  239322345  243997954  392363762  236917076  287856084  278984602  195807975  300462490  285606897  262948060  365006743  275060533  218385742  157503394  227521878  263152747  263758955  278068366   92186920   27194805  172313248   20770996   27725767   31415231   44487134   22155484   39462243   35505756   57693865   51848195   49658085   38396426   39406927   40053679   47927317   43586215   15153306   70602933  199183378   79287093   81886818   68815856   65438517   83651829  111464815   74067394   58816042   84817445   69696765   84960135   22466192   12357856   76084018   81579385   21753810   89248442  111673992   88268827   86692880  109750255  129794842  101744618   11512409  101782967   96080753   82954851  101275675   96900853  106557762  102771977   Local timer interrupts
 RES:       7694      15157      12559      13358       9566      11006      11748      11464       9338      13534       8317      12513      12746      12142      11933      10823      10966       7854      10219      11692      11389      11027      11916       9710      12291       7533        387        422        542        570        624        334        288       2237        471        242        920       1936        217        286        202        167        142        276        207        284        746        193        390        286        173        139       7144      10833      20486      12573       8187       9479      10892      10356       7868      12211       7877      11720      11892      11576      11064      10044      17731       8929       8691      11186      10419      10699      11852       9610      11241       7541        287        277        415        390        388        311       2370        327        436        398        493        405        439        470        350        296        293        447        367        410       1201        493        450        526        431        456   Rescheduling interrupts
 CAL:   93918458   13668714   25032489    7125486    3770859    4540669    6873812    2100695    3197010    1760994    1954498    4963296    1705416    1548211    1601178    1600514    1672321    1640206    3876075    1645049    1743552    1729227    1594137    1755237    1746562    1753980    2268456    2268170    2193673    2118312    1970982    1997134    1969085    1971453    1857560    1850217    1744720    1734007    1642033    1708745    1672584    1861976    1531295    1607139    1512690    1556764    1407543    1530009    1503449    1469727    1477816    1420467    1708133    1417468    1829358    1638894    1718937    1696270    1689216    1330496    1529151    1614356    1534861    1537492    1598717    1533063    1424400    1519286    1620538    1712588    1595765    1595675    1618816    1730406    1689260    1460943    1504386    1882640    1684393    1725241    1574261    1680007    1566497    1563422    1597455    1402212    1629316    1515531    1325896    1591979    1645909    1622071    1640539    1891812    1660052    1651990    1475304    1633057    1701772    1722480    1698749    1678607    1607719    1770198   Function call interrupts
 TLB:    2087917    2175684    1798700    1935606    1816028    1806769    1822052    1842268    1721286    1578289    1414428    1521004    1527781    1471889    1518907    1337842    1383428    1473578    1627542    1482183    1422855    1458474    1437311    1439265    1455900    1598504    1968329    1997402    2026781    1839950    1801421    1817147    1791890    1757715    1528108    1556170    1527257    1479144    1434111    1514321    1462067    1538868    1362618    1436221    1355145    1376175    1282286    1417047    1398878    1340392    1345248    1228120    1510551    1217916    1459001    1326328    1488160    1385297    1467995    1330017    1307844    1357234    1297083    1409883    1310339    1387736    1275824    1321866    1449045    1539601    1317830    1413772    1412067    1360045    1490047    1266736    1220079    1377315    1498550    1448486    1403928    1401382    1389795    1399948    1405100    1256984    1380434    1333911    1265023    1417106    1403087    1404809    1422785    1577464    1431537    1427128    1268278    1371857    1495458    1521008    1498558    1385823    1348025    1504925   TLB shootdowns
## cpuidle cpu estado tiempo_us entradas
cpu0 POLL 2645918 78569
cpu0 C1 1615140002 288409
cpu0 C1E 2143340781 4386367
cpu0 C6 3283840039564 347471595
cpu1 POLL 1205161 29984
cpu1 C1 963107560 306206
cpu1 C1E 1472746378 7001177
cpu1 C6 3132048631091 54744957
cpu2 POLL 1786591 86372
cpu2 C1 38111595157 546191
cpu2 C1E 1331696697 7235407
cpu2 C6 3244498619002 96090349
cpu3 POLL 825684 25828
cpu3 C1 3982719192 272666
cpu3 C1E 704571888 4704903
cpu3 C6 3148344303740 25896370
cpu4 POLL 629386 17826
cpu4 C1 891020880 252780
cpu4 C1E 557337116 4158667
cpu4 C6 3087096836801 18220226
cpu5 POLL 725291 22364
cpu5 C1 874062803 226277
cpu5 C1E 459403118 3233613
cpu5 C6 3140392309513 21295478
cpu6 POLL 440184 14091
cpu6 C1 1724267683 152717
cpu6 C1E 360994772 2608940
cpu6 C6 3165154409738 24796239
cpu7 POLL 622415 28734
cpu7 C1 1409008653 206491
cpu7 C1E 392484185 2861707
cpu7 C6 3119534416261 12581977
cpu16 POLL 1823178 38034
cpu16 C1 969632051 247503
cpu16 C1E 4740238879 33451527
cpu16 C6 3150152870945 87614507
cpu17 POLL 687363 19164
cpu17 C1 1341068329 176076
cpu17 C1E 1756450440 10156054
cpu17 C6 3250363868245 10980750
cpu18 POLL 793828 27341
cpu18 C1 83484460 182478
cpu18 C1E 1722003155 9860281
cpu18 C6 3244749083882 23622648
cpu19 POLL 721992 20188
cpu19 C1 2285461264 183808
cpu19 C1E 1469728840 8543459
cpu19 C6 3225704647165 9361823
cpu20 POLL 516031 16308
cpu20 C1 1544055224 153208
cpu20 C1E 701279116 4835420
cpu20 C6 3296543167620 9710574
cpu21 POLL 490691 13981
cpu21 C1 1238386647 133290
cpu21 C1E 724246733 4456775
cpu21 C6 3160100044019 16373097
cpu22 POLL 512740 16544
cpu22 C1 947096326 148678
cpu22 C1E 719835411 4421476
cpu22 C6 3197353499476 12584654
cpu23 POLL 545784 15189
cpu23 C1 1429273561 126659
cpu23 C1E 747426618 4377767
cpu23 C6 3227902425124 13566749
## daemon hilo utime stime cpu
cpu_loop_main 35 7 58
cpu_loop_main 5 0 6
