## stat
cpu  1731823239 127832 73378184 34424915231 22047604 6639926 1775921 0 0 0
cpu0 17753534 2358 823632 328712382 214775 173502 699254 0 0 0
cpu1 33507442 221 1411026 313166131 307162 141427 96873 0 0 0
cpu2 19010186 4456 885163 328070514 364522 94763 205107 0 0 0
cpu3 31873409 226 1295048 315029720 281273 123425 47230 0 0 0
cpu4 38073942 213 1547661 308574642 283464 139253 25742 0 0 0
cpu5 32902946 223 1414228 313767917 409850 125025 25753 0 0 0
cpu6 30507082 3022 1254486 316472383 259349 112944 42634 0 0 0
cpu7 34961298 62 1378275 311749428 382853 123883 7995 0 0 0
cpu8 32116224 576 1291700 314888600 223636 117065 15679 0 0 0
cpu9 38918486 0 1513840 307843459 224128 138865 6857 0 0 0
cpu10 35461301 14 1476970 311234720 342846 127400 6777 0 0 0
cpu11 21964309 199 1013972 325285258 272799 88576 30338 0 0 0
cpu12 35750289 76 1594154 310816912 351305 131156 7025 0 0 0
cpu13 35044793 1714 1427139 311790501 229414 126214 6155 0 0 0
cpu14 36182096 30 1474121 310545325 311312 133106 6055 0 0 0
cpu15 19360035 1174 851527 328137633 237500 75238 5820 0 0 0
cpu16 31491431 13 1301281 315502995 111558 129398 105895 0 0 0
cpu17 22351581 282 883271 325119137 225359 78881 7194 0 0 0
cpu18 22945288 105 940843 324460619 201726 85113 23891 0 0 0
cpu19 24548873 69 1074884 322648939 294083 89848 5498 0 0 0
cpu20 17881269 849 837583 329589635 287084 68808 5216 0 0 0
cpu21 31096805 26 1210167 315864695 344213 117283 5825 0 0 0
cpu22 27428042 34 1214757 319594145 307721 103409 6334 0 0 0
cpu23 24722631 58 836121 322745444 262964 85885 6089 0 0 0
cpu24 26465267 73 1013210 320663240 405269 96773 6376 0 0 0
cpu25 23935090 762 1039554 323306634 275753 92436 6212 0 0 0
cpu26 14419198 9534 663636 333197105 314494 54145 6078 0 0 0
cpu27 30468576 5770 1271985 316515799 290995 104617 2897 0 0 0
cpu28 22808723 5017 1007518 324562219 197080 82627 2639 0 0 0
cpu29 26767220 753 1152442 320351312 298706 92901 2222 0 0 0
cpu30 21620994 213 1002700 325752733 214630 75537 2349 0 0 0
cpu31 31449437 59 1395535 315459205 234765 116247 2647 0 0 0
cpu32 29892815 45 1386591 317071609 198577 108713 2736 0 0 0
cpu33 34347928 1381 1335914 312595597 252246 120660 3076 0 0 0
cpu34 22610141 350 984320 324673271 312108 84799 2261 0 0 0
cpu35 23030705 1942 1056866 324197736 298523 81691 2106 0 0 0
cpu36 37157508 0 1718167 309338497 299808 135364 3286 0 0 0
cpu37 22350257 87 997635 324976430 260492 79906 2810 0 0 0
cpu38 27192734 293 1267644 319946058 152561 101109 2429 0 0 0
cpu39 26302671 148 1239290 320802415 218508 98220 2526 0 0 0
cpu40 18434515 1266 829490 329092903 244793 67692 2183 0 0 0
cpu41 28438643 498 1274589 318599981 239729 105106 2856 0 0 0
cpu42 26858702 2365 1220557 320360954 113628 102557 2401 0 0 0
cpu43 24775891 44 1102250 322440485 250500 94930 2031 0 0 0
cpu44 34570570 717 1551009 312065717 335906 127229 3170 0 0 0
cpu45 25913053 1863 1263951 321151771 234179 97857 2051 0 0 0
cpu46 20601743 25 927762 326898231 165137 76751 1729 0 0 0
cpu47 14719737 2 708364 333166244 25502 55123 1509 0 0 0
cpu48 21519258 11 928931 325938279 201072 79566 1825 0 0 0
cpu49 24994364 3417 958249 322486763 133159 88987 1880 0 0 0
cpu50 24842158 3220 1058046 322525303 139042 93086 2261 0 0 0
cpu51 26289034 8458 1099814 320879387 284312 98105 2541 0 0 0
cpu52 7936493 660 291652 340301351 92046 35575 10185 0 0 0
cpu53 1164794 151 63530 347346103 73668 15618 4565 0 0 0
cpu54 15498360 767 473594 332469932 144428 63811 10279 0 0 0
cpu55 1064042 665 60407 347385429 152342 10867 5402 0 0 0
cpu56 1882661 1304 95445 346603003 73991 15457 8092 0 0 0
cpu57 1981341 240 79816 346484857 98897 16858 13957 0 0 0
cpu58 2855833 1416 127340 345382400 276505 20331 4615 0 0 0
cpu59 968969 209 68495 347213355 127816 11525 9792 0 0 0
cpu60 3326182 67 113997 345078473 145353 13904 5328 0 0 0
cpu61 2860822 627 130058 345461853 213431 13755 3919 0 0 0
cpu62 5074903 153 112092 343162482 311729 17101 5370 0 0 0
cpu63 4193363 256 140814 344047112 211234 18183 73806 0 0 0
cpu64 4204395 1274 158733 344133559 115833 29127 34946 0 0 0
cpu65 3201696 113 128535 345113852 223835 14273 3994 0 0 0
cpu66 3415755 227 103109 345070253 81935 12882 3415 0 0 0
cpu67 3074259 2405 116104 345290277 179482 15451 4078 0 0 0
cpu68 3447037 93 135400 345004849 59918 20866 3727 0 0 0
cpu69 3706284 216 137175 344655939 163690 16378 5951 0 0 0
cpu70 785177 48 50675 347753010 63677 11531 10703 0 0 0
cpu71 6227656 830 186099 342052135 189324 22639 3982 0 0 0
cpu72 18699250 972 699717 328861133 339409 63984 5861 0 0 0
cpu73 7113982 26 213676 341150148 169317 28692 4918 0 0 0
cpu74 7209296 2561 213072 340987626 231343 26448 5377 0 0 0
cpu75 6031888 43 194861 342273904 150526 22726 5045 0 0 0
cpu76 5681949 43 228374 342629671 111588 24379 4003 0 0 0
cpu77 7335538 193 298017 340674953 330068 31242 6221 0 0 0
cpu78 10544608 4101 275101 337681868 146949 28905 1069 0 0 0
cpu79 6840584 7624 287772 341292718 230537 23964 1255 0 0 0
cpu80 5314194 8727 247978 342926964 164816 19780 1787 0 0 0
cpu81 7824905 4176 362070 340222922 238411 28343 1271 0 0 0
cpu82 6390158 842 313012 341779983 177284 22832 862 0 0 0
cpu83 7899569 980 324004 340204313 225695 27825 1082 0 0 0
cpu84 1865130 1470 87291 346588358 139975 7405 761 0 0 0
cpu85 697502 57 41061 347848783 62518 5080 2469 0 0 0
cpu86 7027969 147 301724 341187451 141395 25333 918 0 0 0
cpu87 7501076 1270 371572 340585378 194067 28159 985 0 0 0
cpu88 1421320 232 59357 346817421 160733 8101 5503 0 0 0
cpu89 8314522 708 325737 339861785 151698 27863 1175 0 0 0
cpu90 10458350 16 428127 337558449 198102 37065 1151 0 0 0
cpu91 8133758 20 396710 339981348 138741 30239 1182 0 0 0
cpu92 7939362 1673 354575 340213419 139473 28149 1975 0 0 0
cpu93 10179549 3293 483054 337631719 343967 37966 1120 0 0 0
cpu94 12101519 2640 446632 335826134 256322 42548 1370 0 0 0
cpu95 9373844 1421 442653 338638240 187292 35168 1420 0 0 0
cpu96 580398 2701 33305 347936513 97986 4618 2485 0 0 0
cpu97 9480062 1418 410681 338578981 175724 33379 1103 0 0 0
cpu98 8876067 2 386405 339275362 108438 32828 1090 0 0 0
cpu99 7655246 177 346290 340635353 19255 27058 932 0 0 0
cpu100 9440339 33 361425 338673318 173744 32882 986 0 0 0
cpu101 8948027 159 403775 339175489 118220 34705 1355 0 0 0
cpu102 9915684 1447 424081 338164243 138265 36330 1368 0 0 0
cpu103 9527297 2575 435090 338414003 264190 36544 1342 0 0 0
## interrupts
            CPU0       CPU1       CPU2       CPU3       CPU4       CPU5       CPU6       CPU7       CPU8       CPU9       CPU10      CPU11      CPU12      CPU13      CPU14      CPU15      CPU16      CPU17      CPU18      CPU19      CPU20      CPU21      CPU22      CPU23      CPU24      CPU25      CPU26      CPU27      CPU28      CPU29      CPU30      CPU31      CPU32      CPU33      CPU34      CPU35      CPU36      CPU37      CPU38      CPU39      CPU40      CPU41      CPU42      CPU43      CPU44      CPU45      CPU46      CPU47      CPU48      CPU49      CPU50      CPU51      CPU52      CPU53      CPU54      CPU55      CPU56      CPU57      CPU58      CPU59      CPU60      CPU61      CPU62      CPU63      CPU64      CPU65      CPU66      CPU67      CPU68      CPU69      CPU70      CPU71      CPU72      CPU73      CPU74      CPU75      CPU76      CPU77      CPU78      CPU79      CPU80      CPU81      CPU82      CPU83      CPU84      CPU85      CPU86      CPU87      CPU88      CPU89      CPU90      CPU91      CPU92      CPU93      CPU94      CPU95      CPU96      CPU97      CPU98      CPU99      CPU100     CPU101     CPU102     CPU103     
 LOC:  443488345  392489213  266796089  350888905  407839926  358433777  337205284  373589959  344832572  412347409  376903303  248496060  379310043  371150941  382105691  208204840  342873604  240612307  252885628  263986420  193957857  335826582  295467580  266724911  288491144  260696182  157617621  321726839  241639028  282784731  229970140  332083016  316549655  360670557  239322315  243997924  392363732  236917043  287856054  278984572  195807917  300462460  285606865  262948007  365006711  275060490  218385582  157503292  227521846  263152715  263758922  278068334   92186781   27194773  172311546   20770966   27725737   31415201   44274651   22153770   39462169   35505690   57693835   51848058   49658055   38396396   39406897   40053649   47927287   43586106   15153202   70602903  199183348   79286732   81886788   68815826   65438487   83651799  111464757   74067364   58816011   84817415   69696734   84960105   22466116   12357781   76083988   81579355   21753504   89248412  111673962   88268797   86692850  109750135  129794791  101744552   11512334  101782937   96080723   82954821  101275645   96900823  106557732  102771947   Local timer interrupts
 RES:       7694      15157      12559      13358       9566      11006      11748      11464       9338      13534       8317      12513      12746      12142      11933      10823      10966       7854      10219      11692      11389      11027      11916       9710      12291       7533        387        422        542        570        624        334        288       2237        471        242        920       1936        217        286        202        167        142        276        207        284        746        193        390        286        173        139       7144      10833      20486      12573       8187       9479      10892      10356       7868      12211       7877      11720      11892      11576      11064      10044      17731       8929       8691      11186      10419      10699      11852       9610      11241       7541        287        277        415        390        388        311       2370        327        436        398        493        405        439        470        350        296        293        447        367        410       1201        493        450        526        431        456   Rescheduling interrupts
 CAL:   93918435   13668706   25032481    7125478    3770848    4540661    6873804    2100687    3197002    1760986    1954490    4963288    1705408    1548203    1601170    1600504    1672304    1640192    3876066    1645041    1743544    1729219    1594129    1755229    1746554    1753972    2268448    2268162    2193665    2118304    1970974    1997126    1969077    1971445    1857552    1850209    1744712    1733999    1642025    1708737    1672576    1861968    1531287    1607131    1512682    1556756    1407535    1530000    1503441    1469719    1477808    1420459    1708125    1417460    1829350    1638886    1718929    1696262    1689208    1330488    1529143    1614348    1534853    1537484    1598709    1533055    1424392    1519278    1620530    1712572    1595757    1595667    1618808    1730397    1689252    1460935    1504378    1882632    1684385    1725233    1574253    1679999    1566489    1563414    1597447    1402204    1629308    1515523    1325896    1591971    1645901    1622063    1640531    1891804    1660044    1651982    1475296    1633049    1701764    1722472    1698741    1678599    1607711    1770190   Function call interrupts
 TLB:    2087917    2175684    1798700    1935606    1816028    1806769    1822052    1842268    1721286    1578289    1414428    1521004    1527781    1471889    1518907    1337842    1383428    1473578    1627542    1482183    1422855    1458474    1437311    1439265    1455900    1598504    1968329    1997402    2026781    1839950    1801421    1817147    1791890    1757715    1528108    1556170    1527257    1479144    1434111    1514321    1462067    1538868    1362618    1436221    1355145    1376175    1282286    1417047    1398878    1340392    1345248    1228120    1510551    1217916    1459001    1326328    1488160    1385297    1467995    1330017    1307844    1357234    1297083    1409883    1310339    1387736    1275824    1321866    1449045    1539601    1317830    1413772    1412067    1360045    1490047    1266736    1220079    1377315    1498550    1448486    1403928    1401382    1389795    1399948    1405100    1256984    1380434    1333911    1265023    1417106    1403087    1404809    1422785    1577464    1431537    1427128    1268278    1371857    1495458    1521008    1498558    1385823    1348025    1504925   TLB shootdowns
## cpuidle cpu estado tiempo_us entradas
cpu0 POLL 2645664 78563
cpu0 C1 1614871836 288399
cpu0 C1E 2143332495 4386290
cpu0 C6 3283780037796 347471094
cpu1 POLL 1205158 29983
cpu1 C1 963107553 306205
cpu1 C1E 1472657992 7000870
cpu1 C6 3131987472068 54743420
cpu2 POLL 1786587 86371
cpu2 C1 38111595114 546184
cpu2 C1E 1300817788 7005249
cpu2 C6 3244469783412 96089599
cpu3 POLL 825671 25826
cpu3 C1 3982719182 272665
cpu3 C1E 704550601 4704838
cpu3 C6 3148284065409 25896033
cpu4 POLL 629284 17823
cpu4 C1 891020838 252769
cpu4 C1E 557315458 4158566
cpu4 C6 3087036582020 18219964
cpu5 POLL 725291 22364
cpu5 C1 874062803 226277
cpu5 C1E 459391555 3233575
cpu5 C6 3140332045558 21295205
cpu6 POLL 440184 14091
cpu6 C1 1724267683 152717
cpu6 C1E 300991917 2488337
cpu6 C6 3165154409738 24796239
cpu7 POLL 622415 28734
cpu7 C1 1409008653 206491
cpu7 C1E 392476216 2861681
cpu7 C6 3119474597719 12580393
cpu16 POLL 1822983 38029
cpu16 C1 969631947 247495
cpu16 C1E 4740169691 33451228
cpu16 C6 3150092654035 87614217
cpu17 POLL 687358 19163
cpu17 C1 1341060239 176058
cpu17 C1E 1756403389 10155862
cpu17 C6 3250304123136 10979974
cpu18 POLL 793828 27341
cpu18 C1 83474748 182456
cpu18 C1E 1721965961 9860177
cpu18 C6 3244688858265 23620045
cpu19 POLL 721992 20188
cpu19 C1 2285461264 183808
cpu19 C1E 1469728360 8543444
cpu19 C6 3225643963028 9361781
cpu20 POLL 516031 16308
cpu20 C1 1544055224 153208
cpu20 C1E 701278652 4835403
cpu20 C6 3296481985304 9710462
cpu21 POLL 490691 13981
cpu21 C1 1238386647 133290
cpu21 C1E 724246261 4456760
cpu21 C6 3160038938932 16372808
cpu22 POLL 512740 16544
cpu22 C1 947096326 148678
cpu22 C1E 719834931 4421461
cpu22 C6 3197292407954 12584577
cpu23 POLL 545784 15189
cpu23 C1 1429273561 126659
cpu23 C1E 747426134 4377752
cpu23 C6 3227841945627 13566676
## daemon hilo utime stime cpu
cpu_loop_main 8 1 58
cpu_loop_main 0 0 6
