## stat
cpu  506974782 220658 62960774 13294496683 1597442 3383848 814486 0 0 0
cpu0 36876738 37455 2630351 392994878 151047 271391 118516 0 0 0
cpu1 38603637 13577 2723185 391734502 148492 195380 36844 0 0 0
cpu2 37370957 5256 2504480 393272473 97594 191113 34318 0 0 0
cpu3 37002685 6201 2355160 393786085 102300 188318 31436 0 0 0
cpu4 34637262 9635 2228532 396286282 90058 182664 34544 0 0 0
cpu5 51769171 25654 2450170 378851577 118311 228031 41546 0 0 0
cpu6 12338185 2065 24836562 396172043 59105 146733 73545 0 0 0
cpu7 13321729 6850 900106 418485771 48521 265363 31891 0 0 0
cpu8 9817391 10098 1331559 421161831 50886 99693 69301 0 0 0
cpu9 9796280 4867 999498 422552590 42575 51373 21881 0 0 0
cpu10 11338854 6591 1077687 420988045 38381 56267 13376 0 0 0
cpu11 13215127 5285 1167424 419018160 44094 55458 27475 0 0 0
cpu12 10267338 669 928490 422236190 30726 52004 8040 0 0 0
cpu13 9832168 2370 949180 422658123 26376 49680 7659 0 0 0
cpu14 10298127 806 984366 421835015 49194 349452 7022 0 0 0
cpu15 11159248 1153 1293614 420961146 27599 62959 7461 0 0 0
cpu16 6074496 1932 610052 426704027 16074 52168 25993 0 0 0
cpu17 6603205 4854 669681 426126410 18234 50083 25724 0 0 0
cpu18 7063040 8264 751417 425583963 16678 50833 32789 0 0 0
cpu19 7009048 6245 809628 425517745 17917 82844 43428 0 0 0
cpu20 5529482 7364 905000 426995501 16206 41489 8519 0 0 0
cpu21 7695586 4845 747310 424968007 20318 49793 21028 0 0 0
cpu22 6637223 2448 739877 426052327 24164 30040 14708 0 0 0
cpu23 5141436 9625 801464 427490643 23761 31338 14895 0 0 0
cpu24 12487958 4116 911817 420003011 31289 65309 14604 0 0 0
cpu25 14433783 6367 891813 418071603 45275 65829 6739 0 0 0
cpu26 13301161 9770 957728 419141735 37344 72966 6532 0 0 0
cpu27 13606772 1251 975249 418835440 40901 63066 6538 0 0 0
cpu28 13257723 3180 910441 419234768 39111 69592 6548 0 0 0
cpu29 13680898 4685 972926 418738863 41319 71655 7433 0 0 0
cpu30 13063396 5866 909829 419419408 41210 70106 6907 0 0 0
cpu31 13744663 1302 1036163 418618505 42366 70842 7230 0 0 0
## interrupts
            CPU0       CPU1       CPU2       CPU3       CPU4       CPU5       CPU6       CPU7       CPU8       CPU9       CPU10      CPU11      CPU12      CPU13      CPU14      CPU15      CPU16      CPU17      CPU18      CPU19      CPU20      CPU21      CPU22      CPU23      CPU24      CPU25      CPU26      CPU27      CPU28      CPU29      CPU30      CPU31      
 LOC:  509296859  470583980  441140201  436149323  418346097  582402821  917164973 3327341146  220193398  157746369  176472353  179297159  150902352  143533029  152843188  170175936  115445003  109977256  112790440  106850353   97645760  120895436  108215217  104256997  183154588  193796972  186193604  187456244  183212158  189374683  180216707  188868297   Local timer interrupts
 RES:     133852      74668      69101      60635      51246      46566       9767      11536      77647      17023      14786      12721      11901      11479      11557      11582       7263      11568      10061       8974       8767       6966       7096       6492       9430       9163       8672       8477       9083       8736       8242       9002   Rescheduling interrupts
 CAL: 1435521659 1109320426 1137082404 1116443497 1001358760  946419574   99238805   37234868   37255655   28508238   25915311   23819521   22594972   21174177   21574287   22110668   21717145   17044778   16487520   16429415   16360626   16272755   15519144   15572661   29469240   30055132   31332399   32772019   33925456   35756014   35654273   35039946   Function call interrupts
 TLB:   41909937   45802299   46333076   46658685   46614705   45029388   34076766   34250543   28753184   28581582   27369428   25941101   24884003   23378224   23709294   24183044   22746649   19266319   18730537   18566792   18440003   18135786   15874525   15766652   31415332   31663626   32926122   34130884   35158307   36871298   36586174   35517026   TLB shootdowns
## cpuidle cpu estado tiempo_us entradas
cpu0 POLL 13955087 435200
cpu0 C1 2959459316 30329032
cpu0 C1E 25049736939 116085433
cpu0 C6 3901179506920 516697178
cpu1 POLL 5064535 139697
cpu1 C1 32131246 493444
cpu1 C1E 12600535020 74074888
cpu1 C6 3905390237396 151376025
cpu2 POLL 4527380 142564
cpu2 C1 47697321 533361
cpu2 C1E 11532916953 65179179
cpu2 C6 3921446358569 116513456
cpu3 POLL 4126018 112568
cpu3 C1 43786496 484229
cpu3 C1E 11378154365 59034564
cpu3 C6 3926818349014 110567634
cpu4 POLL 3847778 108667
cpu4 C1 50820662 498466
cpu4 C1E 11157665617 62762021
cpu4 C6 3951837105267 126375581
cpu5 POLL 4076420 118458
cpu5 C1 206358751 353749
cpu5 C1E 9944575836 64856457
cpu5 C6 3779000273802 89987807
cpu6 POLL 1112026881 135851831
cpu6 C1 14459704739 49279650
cpu6 C1E 163290331793 555182417
cpu6 C6 3782180499676 386914049
cpu7 POLL 29345760 742487
cpu7 C1 42809539 1946865
cpu7 C1E 424284348873 3171429486
cpu7 C6 3758748150263 87889734
cpu16 POLL 2077760 56875
cpu16 C1 77469887 196751
cpu16 C1E 7070457600 31259755
cpu16 C6 4259441305559 103245413
cpu17 POLL 1718404 47751
cpu17 C1 23713001 192185
cpu17 C1E 7099116707 28599952
cpu17 C6 4253780592413 88696890
cpu18 POLL 1435873 48029
cpu18 C1 27490370 198327
cpu18 C1E 6733619348 26023503
cpu18 C6 4248717617442 80227589
cpu19 POLL 1275035 43654
cpu19 C1 19436278 136714
cpu19 C1E 5921721204 19352209
cpu19 C6 4248567330086 111071174
cpu20 POLL 2156734 52911
cpu20 C1 14025260 167843
cpu20 C1E 6320558903 24974556
cpu20 C6 4263309460648 66224091
cpu21 POLL 2482474 57188
cpu21 C1 35790688 236966
cpu21 C1E 7330087579 32048503
cpu21 C6 4242047574473 66836006
cpu22 POLL 3789162 324476
cpu22 C1 108253192 249825
cpu22 C1E 7663800696 23046025
cpu22 C6 4252539964686 106605234
cpu23 POLL 3647520 225922
cpu23 C1 28257446 276229
cpu23 C1E 9524578561 34133169
cpu23 C6 4265170731243 80387458
## daemon hilo utime stime cpu
