## stat
cpu  506974794 220658 62960797 13294689561 1597448 3383855 814491 0 0 0
cpu0 36876739 37455 2630352 393000906 151047 271391 118517 0 0 0
cpu1 38603637 13577 2723186 391740529 148493 195380 36844 0 0 0
cpu2 37370957 5256 2504482 393278500 97595 191114 34318 0 0 0
cpu3 37002685 6201 2355161 393792113 102300 188318 31436 0 0 0
cpu4 34637262 9635 2228532 396292311 90058 182664 34544 0 0 0
cpu5 51769171 25654 2450170 378857607 118311 228031 41546 0 0 0
cpu6 12338185 2065 24836562 396178072 59105 146733 73545 0 0 0
cpu7 13321729 6850 900106 418491801 48521 265363 31891 0 0 0
cpu8 9817391 10098 1331560 421167846 50886 99693 69302 0 0 0
cpu9 9796280 4867 999498 422558618 42575 51373 21881 0 0 0
cpu10 11338855 6591 1077687 420994074 38381 56267 13376 0 0 0
cpu11 13215127 5285 1167424 419024188 44094 55458 27476 0 0 0
cpu12 10267338 669 928490 422242220 30726 52004 8040 0 0 0
cpu13 9832168 2370 949182 422664151 26376 49680 7659 0 0 0
cpu14 10298127 806 984366 421841044 49194 349452 7022 0 0 0
cpu15 11159248 1153 1293614 420967175 27599 62959 7461 0 0 0
cpu16 6074496 1932 610052 426710056 16074 52168 25993 0 0 0
cpu17 6603205 4854 669681 426132440 18234 50083 25724 0 0 0
cpu18 7063040 8264 751417 425589989 16678 50834 32790 0 0 0
cpu19 7009048 6245 809629 425523774 17917 82844 43428 0 0 0
cpu20 5529483 7364 905001 427001529 16207 41489 8519 0 0 0
cpu21 7695586 4845 747310 424974035 20319 49793 21028 0 0 0
cpu22 6637223 2448 739877 426058356 24164 30040 14708 0 0 0
cpu23 5141437 9625 801465 427496669 23761 31338 14895 0 0 0
cpu24 12487958 4116 911817 420009040 31289 65310 14604 0 0 0
cpu25 14433783 6367 891815 418077629 45276 65829 6739 0 0 0
cpu26 13301161 9770 957729 419147764 37344 72967 6532 0 0 0
cpu27 13606775 1251 975251 418841460 40902 63068 6539 0 0 0
cpu28 13257723 3180 910442 419240796 39111 69593 6548 0 0 0
cpu29 13680898 4685 972927 418744892 41319 71655 7433 0 0 0
cpu30 13063399 5866 909833 419425427 41210 70108 6907 0 0 0
cpu31 13744664 1302 1036164 418624532 42367 70842 7230 0 0 0
## interrupts
            CPU0       CPU1       CPU2       CPU3       CPU4       CPU5       CPU6       CPU7       CPU8       CPU9       CPU10      CPU11      CPU12      CPU13      CPU14      CPU15      CPU16      CPU17      CPU18      CPU19      CPU20      CPU21      CPU22      CPU23      CPU24      CPU25      CPU26      CPU27      CPU28      CPU29      CPU30      CPU31      
 LOC:  509297174  470584138  441140369  436149447  418346115  582402837  917165264 3327341173  220193930  157746515  176472442  179297359  150902394  143533244  152843253  170175952  115445182  109977359  112791504  106850469   97646032  120895594  108215296  104257266  183154684  193797188  186193680  187458089  183212448  189374813  180218536  188868505   Local timer interrupts
 RES:     133852      74668      69101      60635      51246      46566       9767      11536      77647      17023      14786      12721      11901      11479      11557      11582       7263      11568      10061       8974       8767       6966       7096       6492       9430       9163       8672       8477       9083       8736       8242       9002   Rescheduling interrupts
 CAL: 1435521719 1109320435 1137082413 1116443508 1001358770  946419583   99238815   37234877   37255655   28508248   25915320   23819530   22594981   21174186   21574297   22110677   21717154   17044789   16487529   16429425   16360638   16272764   15519153   15572670   29469249   30055141   31332408   32772030   33925467   35756023   35654282   35039955   Function call interrupts
 TLB:   41909937   45802299   46333076   46658685   46614705   45029388   34076766   34250543   28753184   28581582   27369428   25941101   24884003   23378224   23709294   24183044   22746649   19266319   18730537   18566792   18440003   18135786   15874525   15766652   31415332   31663626   32926122   34130884   35158307   36871298   36586174   35517026   TLB shootdowns
## cpuidle cpu estado tiempo_us entradas
cpu0 POLL 13955152 435201
cpu0 C1 2959459316 30329032
cpu0 C1E 25049859492 116085627
cpu0 C6 3901239661105 516697616
cpu1 POLL 5064535 139697
cpu1 C1 32131246 493444
cpu1 C1E 12600579097 74074946
cpu1 C6 3905450469286 151376214
cpu2 POLL 4527380 142564
cpu2 C1 47701310 533365
cpu2 C1E 11532968242 65179249
cpu2 C6 3921506565580 116513892
cpu3 POLL 4126018 112568
cpu3 C1 43786496 484229
cpu3 C1E 11378185295 59034623
cpu3 C6 3926878593592 110567905
cpu4 POLL 3847778 108667
cpu4 C1 50820662 498466
cpu4 C1E 11157665617 62762021
cpu4 C6 3951897395736 126375744
cpu5 POLL 4076420 118458
cpu5 C1 206358751 353749
cpu5 C1E 9944575836 64856457
cpu5 C6 3779060585728 89987905
cpu6 POLL 1112026881 135851831
cpu6 C1 14459704739 49279650
cpu6 C1E 163290401211 555182526
cpu6 C6 3782240718629 386914308
cpu7 POLL 29345760 742487
cpu7 C1 42809539 1946865
cpu7 C1E 424284349286 3171429487
cpu7 C6 3758808497262 87889924
cpu16 POLL 2077760 56875
cpu16 C1 77476813 196758
cpu16 C1E 7070458468 31259758
cpu16 C6 4259501579801 103245710
cpu17 POLL 1718404 47751
cpu17 C1 23713001 192185
cpu17 C1E 7099249987 28600255
cpu17 C6 4253840735806 88697247
cpu18 POLL 1435873 48029
cpu18 C1 27490370 198327
cpu18 C1E 6733646071 26023534
cpu18 C6 4248777791320 80228803
cpu19 POLL 1275035 43654
cpu19 C1 19436278 136714
cpu19 C1E 5921745662 19352237
cpu19 C6 4248627529090 111071353
cpu20 POLL 2156734 52911
cpu20 C1 14025260 167843
cpu20 C1E 6320602801 24974637
cpu20 C6 4263369695451 66224456
cpu21 POLL 2482474 57188
cpu21 C1 35790688 236966
cpu21 C1E 7330113011 32048565
cpu21 C6 4242107733062 66836093
cpu22 POLL 3789162 324476
cpu22 C1 108253195 249826
cpu22 C1E 7663819045 23046049
cpu22 C6 4252600107143 106605452
cpu23 POLL 3647520 225922
cpu23 C1 28257446 276229
cpu23 C1E 9524609421 34133211
cpu23 C6 4265230893802 80387705
## daemon hilo utime stime cpu
