## stat
cpu  506938457 220658 62960017 13293230099 1597299 3383453 814398 0 0 0
cpu0 36870642 37455 2630304 392960275 151040 271369 118513 0 0 0
cpu1 38597643 13577 2723153 391699769 148489 195360 36842 0 0 0
cpu2 37364982 5256 2504444 393237727 97591 191093 34317 0 0 0
cpu3 36996710 6201 2355124 393751347 102296 188298 31428 0 0 0
cpu4 34631268 9635 2228516 396251533 90055 182643 34544 0 0 0
cpu5 51763201 25654 2450141 378816816 118310 228011 41545 0 0 0
cpu6 12338181 2065 24836361 396131985 59102 146597 73509 0 0 0
cpu7 13321726 6850 900098 418445026 48519 265356 31890 0 0 0
cpu8 9817382 10098 1331538 421121164 50880 99690 69297 0 0 0
cpu9 9796272 4867 999477 422511859 42562 51371 21880 0 0 0
cpu10 11338723 6591 1077632 420947517 38366 56246 13371 0 0 0
cpu11 13215123 5285 1167413 418977399 44093 55457 27471 0 0 0
cpu12 10267334 669 928479 422195428 30724 52003 8040 0 0 0
cpu13 9832153 2370 949161 422617395 26372 49674 7658 0 0 0
cpu14 10298127 806 984364 421794236 49193 349452 7022 0 0 0
cpu15 11159246 1153 1293608 420920372 27598 62959 7461 0 0 0
cpu16 6074495 1932 610050 426663253 16073 52167 25992 0 0 0
cpu17 6603200 4854 669677 426085644 18232 50081 25722 0 0 0
cpu18 7063038 8264 751408 425543203 16676 50831 32787 0 0 0
cpu19 7009046 6245 809622 425476975 17916 82843 43427 0 0 0
cpu20 5529481 7364 904994 426954730 16205 41488 8518 0 0 0
cpu21 7695583 4845 747302 424927243 20315 49792 21027 0 0 0
cpu22 6637223 2448 739875 426011555 24163 30038 14707 0 0 0
cpu23 5141429 9625 801443 427449925 23756 31329 14893 0 0 0
cpu24 12487957 4116 911815 419962232 31289 65309 14604 0 0 0
cpu25 14433781 6367 891810 418030829 45273 65829 6739 0 0 0
cpu26 13301159 9770 957720 419100967 37342 72966 6531 0 0 0
cpu27 13606750 1251 975225 418794826 40884 63040 6536 0 0 0
cpu28 13257711 3180 910423 419194064 39100 69584 6547 0 0 0
cpu29 13680890 4685 972908 418698114 41315 71654 7432 0 0 0
cpu30 13063332 5866 909781 419378777 41203 70092 6904 0 0 0
cpu31 13744651 1302 1036134 418577897 42349 70815 7228 0 0 0
## interrupts
            CPU0       CPU1       CPU2       CPU3       CPU4       CPU5       CPU6       CPU7       CPU8       CPU9       CPU10      CPU11      CPU12      CPU13      CPU14      CPU15      CPU16      CPU17      CPU18      CPU19      CPU20      CPU21      CPU22      CPU23      CPU24      CPU25      CPU26      CPU27      CPU28      CPU29      CPU30      CPU31      
 LOC:  509229594  470520769  441078100  436086835  418284449  582341785  916835230 3327238065  220184909  157742214  176432856  179295102  150900564  143522905  152842823  170175393  115443311  109974382  112785427  106848410   97643509  120892079  108199612  104146141  183154206  193796165  186192577  187080421  183069051  189371509  180163706  188390817   Local timer interrupts
 RES:     133835      74653      69084      60614      51236      46556       9766      11536      77647      16988      14768      12696      11864      11479      11557      11582       7263      11568      10061       8974       8767       6962       7091       6474       9430       9163       8672       8475       9080       8735       8231       9000   Rescheduling interrupts
 CAL: 1435315320 1109118142 1136880356 1116241400 1001157748  946217744   99226073   37234556   37255624   28508093   25915194   23819428   22594871   21174085   21574198   22110579   21717053   17044674   16487426   16429317   16360529   16272653   15519053   15572555   29469151   30055035   31332311   32771917   33925349   35755919   35654176   35039850   Function call interrupts
 TLB:   41907377   45800198   46330510   46656600   46612896   45027169   34076765   34250543   28753184   28581582   27369424   25941101   24884003   23378224   23709294   24183044   22746649   19266319   18730537   18566792   18440003   18135786   15874525   15766652   31415332   31663626   32926122   34130884   35158307   36871298   36586174   35517026   TLB shootdowns
## cpuidle cpu estado tiempo_us entradas
cpu0 POLL 13955015 435198
cpu0 C1 2959458975 30329009
cpu0 C1E 25048066738 116081133
cpu0 C6 3900835124531 516689956
cpu1 POLL 5064013 139688
cpu1 C1 32131115 493438
cpu1 C1E 12599475672 74073102
cpu1 C6 3905043884365 151370837
cpu2 POLL 4527380 142564
cpu2 C1 47695222 533355
cpu2 C1E 11532093652 65177787
cpu2 C6 3921099630147 116509212
cpu3 POLL 4125954 112567
cpu3 C1 43786313 484220
cpu3 C1E 11377127650 59031740
cpu3 C6 3926472001501 110556720
cpu4 POLL 3847778 108667
cpu4 C1 50820442 498462
cpu4 C1E 11157111323 62761318
cpu4 C6 3951490164912 126372926
cpu5 POLL 4076420 118458
cpu5 C1 206357702 353747
cpu5 C1E 9944318429 64856141
cpu5 C6 3778652951642 89985118
cpu6 POLL 1112026615 135851825
cpu6 C1 14459704544 49279636
cpu6 C1E 163175847264 554932590
cpu6 C6 3781895598856 386757099
cpu7 POLL 29342815 742441
cpu7 C1 42807981 1946617
cpu7 C1E 424270845635 3171328637
cpu7 C6 3758354346059 87877126
cpu16 POLL 2077695 56874
cpu16 C1 77469827 196750
cpu16 C1E 7070241395 31259498
cpu16 C6 4259033807064 103241205
cpu17 POLL 1718263 47747
cpu17 C1 23712603 192172
cpu17 C1E 7097764202 28596357
cpu17 C6 4253374309851 88688625
cpu18 POLL 1435809 48028
cpu18 C1 27490304 198320
cpu18 C1E 6732521336 26021807
cpu18 C6 4248311102294 80221225
cpu19 POLL 1275035 43654
cpu19 C1 19435224 136706
cpu19 C1E 5920874222 19350313
cpu19 C6 4248160457521 111068020
cpu20 POLL 2156669 52910
cpu20 C1 14025243 167842
cpu20 C1E 6319583564 24973077
cpu20 C6 4262902682806 66220809
cpu21 POLL 2482369 57184
cpu21 C1 35790639 236963
cpu21 C1E 7328617821 32046400
cpu21 C6 4241641415246 66831777
cpu22 POLL 3789098 324475
cpu22 C1 108253138 249815
cpu22 C1E 7661554188 23030723
cpu22 C6 4252134838862 106529380
cpu23 POLL 3644995 225883
cpu23 C1 28254783 276059
cpu23 C1E 9508659977 34022710
cpu23 C6 4264779359619 80382680
## daemon hilo utime stime cpu
cpu_loop_main 37 17 7
cpu_loop_main 1 154 6
