## stat
cpu  506926437 220658 62957964 13293162184 1597285 3383355 814386 0 0 0
cpu0 36868611 37455 2630295 392959815 151040 271358 118513 0 0 0
cpu1 38595644 13577 2723147 391699275 148489 195349 36842 0 0 0
cpu2 37362993 5256 2504437 393237224 97591 191082 34317 0 0 0
cpu3 36994718 6201 2355118 393750846 102296 188286 31427 0 0 0
cpu4 34629269 9635 2228513 396251036 90055 182632 34543 0 0 0
cpu5 51761213 25654 2450132 378816313 118310 228000 41545 0 0 0
cpu6 12338169 2065 24834377 396129646 59102 146587 73508 0 0 0
cpu7 13321725 6850 900098 418442598 48510 265344 31889 0 0 0
cpu8 9817382 10098 1331538 421118683 50880 99684 69291 0 0 0
cpu9 9796271 4867 999474 422509354 42562 51371 21880 0 0 0
cpu10 11338722 6591 1077628 420945012 38365 56246 13371 0 0 0
cpu11 13215123 5285 1167412 418974888 44093 55457 27471 0 0 0
cpu12 10267334 669 928479 422192917 30724 52003 8040 0 0 0
cpu13 9832152 2370 949159 422614888 26372 49673 7658 0 0 0
cpu14 10298127 806 984364 421791725 49193 349452 7022 0 0 0
cpu15 11159246 1153 1293608 420917861 27598 62959 7461 0 0 0
cpu16 6074495 1932 610050 426660742 16073 52167 25992 0 0 0
cpu17 6603200 4854 669677 426083134 18232 50081 25722 0 0 0
cpu18 7063038 8264 751407 425540692 16676 50831 32787 0 0 0
cpu19 7009045 6245 809621 425474464 17916 82843 43427 0 0 0
cpu20 5529481 7364 904994 426952219 16204 41488 8518 0 0 0
cpu21 7695583 4845 747302 424924733 20315 49792 21027 0 0 0
cpu22 6637223 2448 739875 426009044 24163 30038 14707 0 0 0
cpu23 5141428 9625 801443 427447414 23756 31329 14893 0 0 0
cpu24 12487957 4116 911815 419959721 31289 65309 14604 0 0 0
cpu25 14433780 6367 891808 418028320 45273 65829 6739 0 0 0
cpu26 13301159 9770 957720 419098456 37342 72966 6531 0 0 0
cpu27 13606748 1251 975223 418792323 40883 63039 6536 0 0 0
cpu28 13257711 3180 910417 419191561 39099 69583 6547 0 0 0
cpu29 13680890 4685 972908 418695603 41315 71654 7432 0 0 0
cpu30 13063331 5866 909779 419376269 41203 70092 6904 0 0 0
cpu31 13744650 1302 1036130 418575393 42348 70815 7228 0 0 0
## interrupts
            CPU0       CPU1       CPU2       CPU3       CPU4       CPU5       CPU6       CPU7       CPU8       CPU9       CPU10      CPU11      CPU12      CPU13      CPU14      CPU15      CPU16      CPU17      CPU18      CPU19      CPU20      CPU21      CPU22      CPU23      CPU24      CPU25      CPU26      CPU27      CPU28      CPU29      CPU30      CPU31      
 LOC:  509208838  470500364  441057962  436066679  418264241  582321641  916785010 3327061202  220175740  157741888  176432466  179295038  150900550  143522064  152842814  170175385  115443257  109974310  112785400  106848351   97643396  120891719  108199564  104146098  183154193  193796110  186192569  187079348  183068705  189371463  180163335  188390482   Local timer interrupts
 RES:     133832      74648      69080      60610      51233      46552       9766      11536      77647      16988      14768      12696      11864      11479      11557      11582       7263      11568      10061       8974       8767       6962       7091       6474       9430       9163       8672       8473       9078       8735       8205       8999   Rescheduling interrupts
 CAL: 1435129929 1108935852 1136698864 1116059774 1000975997  946036436   99226064   37234106   37254229   28508088   25915190   23819424   22594867   21174081   21574194   22110575   21717049   17044668   16487422   16429313   16360525   16272649   15519049   15572551   29469147   30055031   31332307   32771911   33925344   35755915   35654166   35039828   Function call interrupts
 TLB:   41906567   45799346   46329678   46655777   46612395   45026527   34076761   34250540   28753184   28581582   27369424   25941101   24884003   23378224   23709294   24183044   22746649   19266319   18730537   18566792   18440003   18135786   15874525   15766652   31415332   31663626   32926122   34130884   35158307   36871298   36586174   35517026   TLB shootdowns
## cpuidle cpu estado tiempo_us entradas
cpu0 POLL 13955015 435198
cpu0 C1 2959458975 30329009
cpu0 C1E 25047977971 116080968
cpu0 C6 3900830623891 516689340
cpu1 POLL 5064013 139688
cpu1 C1 32131115 493438
cpu1 C1E 12599400199 74072920
cpu1 C6 3905039070821 151370204
cpu2 POLL 4527380 142564
cpu2 C1 47695222 533355
cpu2 C1E 11532069903 65177751
cpu2 C6 3921092840863 116509073
cpu3 POLL 4125954 112567
cpu3 C1 43786313 484220
cpu3 C1E 11377096727 59031696
cpu3 C6 3926467040076 110554739
cpu4 POLL 3847778 108667
cpu4 C1 50820442 498462
cpu4 C1E 11157083953 62761287
cpu4 C6 3951485004442 126372736
cpu5 POLL 4076420 118458
cpu5 C1 206357702 353747
cpu5 C1E 9944288624 64856101
cpu5 C6 3778647957704 89984918
cpu6 POLL 1112026615 135851825
cpu6 C1 14459704438 49279625
cpu6 C1E 163160016297 554910488
cpu6 C6 3781888091034 386740829
cpu7 POLL 29342293 742433
cpu7 C1 42807651 1946552
cpu7 C1E 424246697879 3171151890
cpu7 C6 3758354262055 87877123
cpu16 POLL 2077687 56873
cpu16 C1 77469827 196750
cpu16 C1E 7070241395 31259498
cpu16 C6 4259008698583 103240963
cpu17 POLL 1718256 47746
cpu17 C1 23712597 192171
cpu17 C1E 7097729537 28596259
cpu17 C6 4253349251696 88687650
cpu18 POLL 1435805 48027
cpu18 C1 27490304 198320
cpu18 C1E 6732513972 26021799
cpu18 C6 4248285712887 80221102
cpu19 POLL 1275035 43654
cpu19 C1 19435224 136706
cpu19 C1E 5920850308 19350285
cpu19 C6 4248135434055 111067865
cpu20 POLL 2156665 52909
cpu20 C1 14025243 167842
cpu20 C1E 6319498377 24972963
cpu20 C6 4262877738751 66220538
cpu21 POLL 2482369 57184
cpu21 C1 35790639 236963
cpu21 C1E 7328442729 32045990
cpu21 C6 4241616501032 66831453
cpu22 POLL 3789098 324475
cpu22 C1 108253115 249813
cpu22 C1E 7661549914 23030718
cpu22 C6 4252109871594 106521176
cpu23 POLL 3644995 225883
cpu23 C1 28254783 276059
cpu23 C1E 9508659210 34022706
cpu23 C6 4264754483476 80382568
## daemon hilo utime stime cpu
cpu_loop_main 6 2 7
cpu_loop_main 1 0 6
