## stat
cpu  506962469 220658 62960441 13293456348 1597329 3383544 814433 0 0 0
cpu0 36874697 37455 2630329 392964020 151041 271378 118514 0 0 0
cpu1 38601629 13577 2723166 391703596 148490 195368 36843 0 0 0
cpu2 37368957 5256 2504464 393241559 97593 191102 34317 0 0 0
cpu3 37000681 6201 2355144 393755181 102297 188306 31430 0 0 0
cpu4 34635255 9635 2228522 396255366 90056 182652 34544 0 0 0
cpu5 51767174 25654 2450159 378820652 118310 228020 41546 0 0 0
cpu6 12338183 2065 24836556 396139750 59103 146608 73529 0 0 0
cpu7 13321729 6850 900105 418452831 48520 265363 31890 0 0 0
cpu8 9817385 10098 1331545 421128967 50882 99691 69298 0 0 0
cpu9 9796274 4867 999483 422519683 42563 51372 21880 0 0 0
cpu10 11338727 6591 1077647 420955326 38369 56247 13372 0 0 0
cpu11 13215124 5285 1167414 418985231 44093 55457 27472 0 0 0
cpu12 10267337 669 928485 422203253 30726 52003 8040 0 0 0
cpu13 9832155 2370 949165 422625222 26373 49674 7659 0 0 0
cpu14 10298127 806 984364 421802072 49193 349452 7022 0 0 0
cpu15 11159246 1153 1293610 420928207 27598 62959 7461 0 0 0
cpu16 6074495 1932 610051 426671088 16073 52167 25992 0 0 0
cpu17 6603204 4854 669679 426093473 18232 50082 25722 0 0 0
cpu18 7063039 8264 751409 425551035 16676 50832 32787 0 0 0
cpu19 7009046 6245 809622 425484810 17916 82843 43427 0 0 0
cpu20 5529481 7364 904995 426962564 16205 41488 8518 0 0 0
cpu21 7695583 4845 747303 424935076 20315 49792 21028 0 0 0
cpu22 6637223 2448 739876 426019387 24163 30039 14708 0 0 0
cpu23 5141431 9625 801448 427457728 23757 31336 14894 0 0 0
cpu24 12487957 4116 911816 419970066 31289 65309 14604 0 0 0
cpu25 14433783 6367 891812 418038660 45274 65829 6739 0 0 0
cpu26 13301159 9770 957721 419108801 37342 72966 6531 0 0 0
cpu27 13606759 1251 975238 418802633 40886 63042 6537 0 0 0
cpu28 13257714 3180 910430 419201886 39102 69584 6547 0 0 0
cpu29 13680894 4685 972917 418705934 41316 71654 7432 0 0 0
cpu30 13063347 5866 909803 419386563 41206 70097 6905 0 0 0
cpu31 13744657 1302 1036147 418585709 42353 70816 7229 0 0 0
## interrupts
            CPU0       CPU1       CPU2       CPU3       CPU4       CPU5       CPU6       CPU7       CPU8       CPU9       CPU10      CPU11      CPU12      CPU13      CPU14      CPU15      CPU16      CPU17      CPU18      CPU19      CPU20      CPU21      CPU22      CPU23      CPU24      CPU25      CPU26      CPU27      CPU28      CPU29      CPU30      CPU31      
 LOC:  509273588  470561794  441118717  436127425  418324924  582382248  916863367 3327340443  220186520  157743814  176434801  179295441  150901379  143523747  152842845  170175467  115443684  109975616  112786727  106848555   97644533  120893639  108214315  104253865  183154314  193796586  186192681  187084421  183070028  189372774  180171828  188392883   Local timer interrupts
 RES:     133843      74661      69090      60622      51243      46563       9766      11536      77647      17022      14776      12697      11864      11479      11557      11582       7263      11568      10061       8974       8767       6964       7096       6492       9430       9163       8672       8476       9081       8736       8242       9000   Rescheduling interrupts
 CAL: 1435335557 1109137874 1136900198 1116261117 1001176839  946237184   99234436   37234602   37255637   28508141   25915226   23819451   22594894   21174108   21574221   22110602   21717078   17044704   16487449   16429340   16360558   16272685   15519076   15572583   29469175   30055066   31332334   32771943   33925373   35755944   35654208   35039873   Function call interrupts
 TLB:   41909059   45801661   46332254   46658248   46613896   45028517   34076765   34250543   28753184   28581582   27369424   25941101   24884003   23378224   23709294   24183044   22746649   19266319   18730537   18566792   18440003   18135786   15874525   15766652   31415332   31663626   32926122   34130884   35158307   36871298   36586174   35517026   TLB shootdowns
## cpuidle cpu estado tiempo_us entradas
cpu0 POLL 13955015 435198
cpu0 C1 2959459101 30329026
cpu0 C1E 25048728290 116083803
cpu0 C6 3900871919360 516692199
cpu1 POLL 5064013 139688
cpu1 C1 32131228 493440
cpu1 C1E 12599734765 74073495
cpu1 C6 3905081986850 151372828
cpu2 POLL 4527380 142564
cpu2 C1 47695273 533357
cpu2 C1E 11532386793 65178173
cpu2 C6 3921137768226 116510272
cpu3 POLL 4125954 112567
cpu3 C1 43786452 484224
cpu3 C1E 11377421053 59032206
cpu3 C6 3926510054093 110558364
cpu4 POLL 3847778 108667
cpu4 C1 50820485 498463
cpu4 C1E 11157299130 62761549
cpu4 C6 3951528312891 126373885
cpu5 POLL 4076420 118458
cpu5 C1 206357702 353747
cpu5 C1E 9944428708 64856277
cpu5 C6 3778691212868 89986407
cpu6 POLL 1112026816 135851830
cpu6 C1 14459704603 49279642
cpu6 C1E 163178627783 554937040
cpu6 C6 3781970311133 386815914
cpu7 POLL 29345760 742487
cpu7 C1 42809539 1946865
cpu7 C1E 424284264040 3171429385
cpu7 C6 3758418947853 87878828
cpu16 POLL 2077695 56874
cpu16 C1 77469827 196750
cpu16 C1E 7070287435 31259552
cpu16 C6 4259112120500 103242275
cpu17 POLL 1718339 47750
cpu17 C1 23712954 192180
cpu17 C1E 7098414574 28598004
cpu17 C6 4253451953560 88690896
cpu18 POLL 1435809 48028
cpu18 C1 27490312 198321
cpu18 C1E 6732634322 26021932
cpu18 C6 4248389341634 80223075
cpu19 POLL 1275035 43654
cpu19 C1 19435224 136706
cpu19 C1E 5920922208 19350369
cpu19 C6 4248238707212 111068490
cpu20 POLL 2156734 52911
cpu20 C1 14025260 167843
cpu20 C1E 6320008561 24973709
cpu20 C6 4262980672384 66222153
cpu21 POLL 2482431 57185
cpu21 C1 35790660 236964
cpu21 C1E 7329315736 32047481
cpu21 C6 4241719057274 66833723
cpu22 POLL 3789162 324476
cpu22 C1 108253192 249825
cpu22 C1E 7663522179 23045270
cpu22 C6 4252211246224 106548794
cpu23 POLL 3647323 225919
cpu23 C1 28255746 276219
cpu23 C1E 9523185756 34130416
cpu23 C6 4264843028833 80383528
## daemon hilo utime stime cpu
cpu_loop_main 8 7 30
cpu_loop_main 0 5 6
