## stat
cpu  506974668 220658 62960555 13293524307 1597343 3383650 814444 0 0 0
cpu0 36876734 37455 2630339 392964478 151042 271389 118514 0 0 0
cpu1 38603633 13577 2723173 391704094 148490 195379 36843 0 0 0
cpu2 37370954 5256 2504473 393242060 97593 191113 34318 0 0 0
cpu3 37002682 6201 2355155 393755675 102298 188317 31431 0 0 0
cpu4 34637253 9635 2228527 396255871 90056 182663 34544 0 0 0
cpu5 51769170 25654 2450168 378821154 118310 228031 41546 0 0 0
cpu6 12338183 2065 24836556 396142081 59103 146622 73531 0 0 0
cpu7 13321729 6850 900106 418455345 48521 265363 31891 0 0 0
cpu8 9817386 10098 1331547 421131477 50882 99691 69299 0 0 0
cpu9 9796274 4867 999483 422522202 42563 51372 21880 0 0 0
cpu10 11338851 6591 1077681 420957635 38377 56265 13376 0 0 0
cpu11 13215125 5285 1167419 418987745 44094 55457 27472 0 0 0
cpu12 10267337 669 928489 422205768 30726 52003 8040 0 0 0
cpu13 9832155 2370 949165 422627741 26373 49674 7659 0 0 0
cpu14 10298127 806 984364 421804591 49193 349452 7022 0 0 0
cpu15 11159246 1153 1293610 420930726 27598 62959 7461 0 0 0
cpu16 6074495 1932 610051 426673607 16073 52167 25992 0 0 0
cpu17 6603204 4854 669679 426095992 18232 50082 25722 0 0 0
cpu18 7063039 8264 751409 425553553 16676 50832 32788 0 0 0
cpu19 7009046 6245 809622 425487329 17916 82843 43427 0 0 0
cpu20 5529481 7364 904996 426965082 16205 41488 8518 0 0 0
cpu21 7695583 4845 747304 424937594 20315 49792 21028 0 0 0
cpu22 6637223 2448 739876 426021906 24163 30039 14708 0 0 0
cpu23 5141431 9625 801448 427460246 23757 31336 14894 0 0 0
cpu24 12487957 4116 911816 419972585 31289 65309 14604 0 0 0
cpu25 14433783 6367 891812 418041179 45274 65829 6739 0 0 0
cpu26 13301159 9770 957721 419111320 37342 72966 6531 0 0 0
cpu27 13606760 1251 975239 418805148 40887 63043 6537 0 0 0
cpu28 13257714 3180 910431 419204405 39102 69584 6547 0 0 0
cpu29 13680895 4685 972919 418708449 41317 71654 7433 0 0 0
cpu30 13063382 5866 909813 419389027 41206 70102 6906 0 0 0
cpu31 13744657 1302 1036149 418588225 42354 70816 7229 0 0 0
## interrupts
            CPU0       CPU1       CPU2       CPU3       CPU4       CPU5       CPU6       CPU7       CPU8       CPU9       CPU10      CPU11      CPU12      CPU13      CPU14      CPU15      CPU16      CPU17      CPU18      CPU19      CPU20      CPU21      CPU22      CPU23      CPU24      CPU25      CPU26      CPU27      CPU28      CPU29      CPU30      CPU31      
 LOC:  509294494  470582490  441139059  436147866  418345218  582402471  916888559 3327341068  220186894  157743885  176469566  179295811  150901673  143523764  152842874  170175473  115443812  109975809  112787439  106848561   97644701  120893941  108214340  104254039  183154325  193796593  186192691  187085332  183070045  189373104  180181139  188393113   Local timer interrupts
 RES:     133846      74668      69094      60626      51246      46566       9766      11536      77647      17022      14786      12721      11864      11479      11557      11582       7263      11568      10061       8974       8767       6964       7096       6492       9430       9163       8672       8476       9081       8736       8242       9000   Rescheduling interrupts
 CAL: 1435521454 1109320348 1137082304 1116443381 1001358696  946419513   99238735   37234806   37255637   28508146   25915241   23819457   22594898   21174112   21574225   22110606   21717083   17044713   16487454   16429344   16360563   16272690   15519080   15572587   29469179   30055070   31332338   32771947   33925395   35755948   35654213   35039877   Function call interrupts
 TLB:   41909937   45802299   46333076   46658685   46614705   45029388   34076766   34250543   28753184   28581582   27369428   25941101   24884003   23378224   23709294   24183044   22746649   19266319   18730537   18566792   18440003   18135786   15874525   15766652   31415332   31663626   32926122   34130884   35158307   36871298   36586174   35517026   TLB shootdowns
## cpuidle cpu estado tiempo_us entradas
cpu0 POLL 13955015 435198
cpu0 C1 2959459101 30329026
cpu0 C1E 25048849003 116084002
cpu0 C6 3900876389820 516692761
cpu1 POLL 5064013 139688
cpu1 C1 32131240 493443
cpu1 C1E 12599885907 74073850
cpu1 C6 3905086815413 151373685
cpu2 POLL 4527380 142564
cpu2 C1 47695273 533357
cpu2 C1E 11532456030 65178261
cpu2 C6 3921142723887 116510580
cpu3 POLL 4125954 112567
cpu3 C1 43786452 484224
cpu3 C1E 11377502903 59032356
cpu3 C6 3926514938658 110558658
cpu4 POLL 3847778 108667
cpu4 C1 50820485 498463
cpu4 C1E 11157352734 62761617
cpu4 C6 3951533281146 126374084
cpu5 POLL 4076420 118458
cpu5 C1 206357702 353747
cpu5 C1E 9944443879 64856297
cpu5 C6 3778696162855 89986580
cpu6 POLL 1112026816 135851830
cpu6 C1 14459704603 49279642
cpu6 C1E 163189706052 554949204
cpu6 C6 3781982495246 386838364
cpu7 POLL 29345760 742487
cpu7 C1 42809539 1946865
cpu7 C1E 424284348873 3171429486
cpu7 C6 3758443997023 87888140
cpu16 POLL 2077695 56874
cpu16 C1 77469827 196750
cpu16 C1E 7070287435 31259552
cpu16 C6 4259137324375 103242672
cpu17 POLL 1718339 47750
cpu17 C1 23712954 192180
cpu17 C1E 7098473295 28598130
cpu17 C6 4253477093914 88691918
cpu18 POLL 1435809 48028
cpu18 C1 27490312 198321
cpu18 C1E 6732758761 26022130
cpu18 C6 4248414411352 80224086
cpu19 POLL 1275035 43654
cpu19 C1 19435224 136706
cpu19 C1E 5920937542 19350385
cpu19 C6 4248263948593 111068636
cpu20 POLL 2156734 52911
cpu20 C1 14025260 167843
cpu20 C1E 6320049040 24973757
cpu20 C6 4263005741330 66222333
cpu21 POLL 2482431 57185
cpu21 C1 35790660 236964
cpu21 C1E 7329374334 32047563
cpu21 C6 4241744097543 66833950
cpu22 POLL 3789162 324476
cpu22 C1 108253192 249825
cpu22 C1E 7663522558 23045271
cpu22 C6 4252236427778 106558806
cpu23 POLL 3647323 225919
cpu23 C1 28255746 276219
cpu23 C1E 9523332233 34130633
cpu23 C6 4264868086740 80384530
## daemon hilo utime stime cpu
cpu_loop_main 173 51 10
cpu_loop_main 0 160 6
