## stat
cpu  506926418 220658 62957932 13293131826 1597276 3383351 814383 0 0 0
cpu0 36868611 37455 2630293 392958867 151039 271358 118513 0 0 0
cpu1 38595643 13577 2723146 391698326 148489 195349 36842 0 0 0
cpu2 37362993 5256 2504435 393236275 97591 191082 34317 0 0 0
cpu3 36994718 6201 2355118 393749896 102296 188286 31427 0 0 0
cpu4 34629269 9635 2228513 396250085 90055 182632 34543 0 0 0
cpu5 51761213 25654 2450132 378815361 118310 228000 41545 0 0 0
cpu6 12338169 2065 24834376 396128699 59102 146587 73508 0 0 0
cpu7 13321724 6850 900097 418441654 48510 265342 31889 0 0 0
cpu8 9817378 10098 1331535 421117741 50879 99684 69291 0 0 0
cpu9 9796271 4867 999472 422508406 42561 51371 21879 0 0 0
cpu10 11338722 6591 1077625 420944066 38364 56246 13371 0 0 0
cpu11 13215123 5285 1167412 418973937 44093 55457 27471 0 0 0
cpu12 10267334 669 928479 422191966 30724 52003 8040 0 0 0
cpu13 9832151 2370 949158 422613940 26371 49673 7658 0 0 0
cpu14 10298127 806 984364 421790774 49193 349452 7022 0 0 0
cpu15 11159246 1153 1293608 420916910 27598 62959 7461 0 0 0
cpu16 6074495 1932 610050 426659792 16073 52167 25992 0 0 0
cpu17 6603200 4854 669677 426082183 18232 50081 25721 0 0 0
cpu18 7063038 8264 751407 425539741 16676 50831 32787 0 0 0
cpu19 7009045 6245 809621 425473517 17915 82843 43427 0 0 0
cpu20 5529481 7364 904994 426951269 16204 41488 8518 0 0 0
cpu21 7695583 4845 747301 424923782 20315 49792 21027 0 0 0
cpu22 6637223 2448 739875 426008093 24163 30038 14707 0 0 0
cpu23 5141428 9625 801441 427446466 23756 31329 14893 0 0 0
cpu24 12487957 4116 911815 419958770 31289 65309 14604 0 0 0
cpu25 14433780 6367 891808 418027369 45273 65829 6739 0 0 0
cpu26 13301158 9770 957719 419097506 37342 72966 6531 0 0 0
cpu27 13606746 1251 975220 418791378 40882 63039 6536 0 0 0
cpu28 13257709 3180 910414 419190615 39098 69583 6546 0 0 0
cpu29 13680890 4685 972906 418694654 41315 71654 7432 0 0 0
cpu30 13063331 5866 909777 419375321 41203 70092 6904 0 0 0
cpu31 13744647 1302 1036126 418574451 42346 70814 7227 0 0 0
## interrupts
            CPU0       CPU1       CPU2       CPU3       CPU4       CPU5       CPU6       CPU7       CPU8       CPU9       CPU10      CPU11      CPU12      CPU13      CPU14      CPU15      CPU16      CPU17      CPU18      CPU19      CPU20      CPU21      CPU22      CPU23      CPU24      CPU25      CPU26      CPU27      CPU28      CPU29      CPU30      CPU31      
 LOC:  509208612  470500218  441057804  436066644  418264238  582321638  916776430 3327039625  220175352  157741601  176432116  179295016  150900516  143521596  152842810  170175382  115443168  109974283  112785380  106839821   97642966  120891505  108198279  104145908  183154189  193796059  186192506  187078790  183068375  189371218  180162853  188390099   Local timer interrupts
 RES:     133832      74648      69080      60610      51233      46552       9766      11536      77647      16988      14768      12696      11864      11479      11557      11582       7263      11568      10061       8974       8767       6954       7091       6474       9430       9163       8672       8473       9078       8735       8182       8997   Rescheduling interrupts
 CAL: 1435129910 1108935844 1136698856 1116059766 1000975989  946036428   99226056   37234100   37254221   28508080   25915182   23819416   22594859   21174073   21574186   22110567   21717040   17044660   16487414   16429275   16360516   16272637   15519041   15572543   29469139   30055020   31332299   32771903   33925334   35755907   35654151   35039819   Function call interrupts
 TLB:   41906567   45799346   46329678   46655777   46612395   45026527   34076761   34250540   28753184   28581582   27369424   25941101   24884003   23378224   23709294   24183044   22746649   19266319   18730537   18566792   18440003   18135786   15874525   15766652   31415332   31663626   32926122   34130884   35158307   36871298   36586174   35517026   TLB shootdowns
## cpuidle cpu estado tiempo_us entradas
cpu0 POLL 13954951 435197
cpu0 C1 2959458940 30329008
cpu0 C1E 25047906237 116080878
cpu0 C6 3900821203819 516688829
cpu1 POLL 5064013 139688
cpu1 C1 32131115 493438
cpu1 C1E 12599353078 74072856
cpu1 C6 3905029639078 151370019
cpu2 POLL 4527380 142564
cpu2 C1 47695155 533353
cpu2 C1E 11532012522 65177677
cpu2 C6 3921085266833 116508935
cpu3 POLL 4125954 112567
cpu3 C1 43786313 484220
cpu3 C1E 11377085014 59031678
cpu3 C6 3926457549879 110554302
cpu4 POLL 3847778 108667
cpu4 C1 50820442 498462
cpu4 C1E 11157083947 62761286
cpu4 C6 3951475718870 126372566
cpu5 POLL 4076420 118458
cpu5 C1 206357702 353747
cpu5 C1E 9944288618 64856100
cpu5 C6 3778638448058 89984818
cpu6 POLL 1112026615 135851825
cpu6 C1 14459704428 49279624
cpu6 C1E 163156241749 554902310
cpu6 C6 3781882404503 386739535
cpu7 POLL 29342165 742430
cpu7 C1 42807131 1946480
cpu7 C1E 424243715506 3171129396
cpu7 C6 3758347799618 87877052
cpu16 POLL 2077687 56873
cpu16 C1 77469797 196746
cpu16 C1E 7070211657 31259462
cpu16 C6 4258999232870 103240765
cpu17 POLL 1718256 47746
cpu17 C1 23712597 192171
cpu17 C1E 7097727767 28596256
cpu17 C6 4253339750451 88687251
cpu18 POLL 1435794 48026
cpu18 C1 27490304 198320
cpu18 C1E 6732513967 26021798
cpu18 C6 4248276453380 80221012
cpu19 POLL 1275035 43654
cpu19 C1 19435204 136702
cpu19 C1E 5919779407 19342316
cpu19 C6 4248126949336 111067820
cpu20 POLL 2156665 52909
cpu20 C1 14024919 167840
cpu20 C1E 6319404273 24972824
cpu20 C6 4262868331011 66220301
cpu21 POLL 2482369 57184
cpu21 C1 35790634 236962
cpu21 C1E 7328243216 32045655
cpu21 C6 4241607198018 66831115
cpu22 POLL 3789098 324475
cpu22 C1 108253073 249809
cpu22 C1E 7661549914 23030718
cpu22 C6 4252100366098 106520484
cpu23 POLL 3644995 225883
cpu23 C1 28254783 276059
cpu23 C1E 9508634490 34022676
cpu23 C6 4264745010125 80382465
## daemon hilo utime stime cpu
cpu_loop_main 64 63 19
cpu_loop_main 159 0 6
