## stat
cpu  506914048 220658 62957827 13293062211 1597262 3383252 814370 0 0 0
cpu0 36866557 37455 2630280 392958367 151039 271346 118512 0 0 0
cpu1 38593588 13577 2723133 391697826 148488 195338 36842 0 0 0
cpu2 37360942 5256 2504415 393235779 97591 191072 34317 0 0 0
cpu3 36992616 6201 2355113 393749437 102296 188274 31426 0 0 0
cpu4 34627223 9635 2228495 396249579 90055 182622 34543 0 0 0
cpu5 51759159 25654 2450122 378814858 118309 227989 41545 0 0 0
cpu6 12338169 2065 24834376 396126293 59102 146579 73505 0 0 0
cpu7 13321724 6850 900097 418439087 48510 265341 31882 0 0 0
cpu8 9817378 10098 1331535 421115169 50879 99683 69291 0 0 0
cpu9 9796271 4867 999471 422505830 42561 51371 21879 0 0 0
cpu10 11338721 6591 1077624 420941489 38364 56245 13371 0 0 0
cpu11 13215123 5285 1167410 418971361 44093 55456 27470 0 0 0
cpu12 10267334 669 928478 422189389 30724 52003 8040 0 0 0
cpu13 9832149 2370 949156 422611366 26371 49672 7658 0 0 0
cpu14 10298127 806 984363 421788196 49193 349452 7022 0 0 0
cpu15 11159246 1153 1293608 420914332 27598 62959 7461 0 0 0
cpu16 6074495 1932 610050 426657213 16073 52167 25992 0 0 0
cpu17 6603200 4854 669677 426079604 18232 50081 25721 0 0 0
cpu18 7063038 8264 751407 425537163 16676 50831 32787 0 0 0
cpu19 7009044 6245 809617 425471110 17906 82823 43427 0 0 0
cpu20 5529480 7364 904993 426948691 16204 41488 8518 0 0 0
cpu21 7695582 4845 747299 424921206 20315 49792 21027 0 0 0
cpu22 6637223 2448 739875 426005517 24163 30038 14707 0 0 0
cpu23 5141428 9625 801436 427443893 23755 31329 14893 0 0 0
cpu24 12487957 4116 911814 419956191 31289 65309 14604 0 0 0
cpu25 14433780 6367 891808 418024790 45273 65829 6739 0 0 0
cpu26 13301158 9770 957719 419094927 37342 72966 6531 0 0 0
cpu27 13606745 1251 975220 418788802 40882 63038 6536 0 0 0
cpu28 13257709 3180 910414 419188036 39098 69583 6546 0 0 0
cpu29 13680890 4685 972906 418692075 41315 71654 7432 0 0 0
cpu30 13063331 5866 909776 419372745 41202 70092 6904 0 0 0
cpu31 13744646 1302 1036125 418571874 42346 70814 7227 0 0 0
## interrupts
            CPU0       CPU1       CPU2       CPU3       CPU4       CPU5       CPU6       CPU7       CPU8       CPU9       CPU10      CPU11      CPU12      CPU13      CPU14      CPU15      CPU16      CPU17      CPU18      CPU19      CPU20      CPU21      CPU22      CPU23      CPU24      CPU25      CPU26      CPU27      CPU28      CPU29      CPU30      CPU31      
 LOC:  509187485  470479199  441036506  436045344  418243414  582300785  916724847 3327032381  220175043  157741331  176431869  179294787  150900318  143520712  152842715  170175308  115443036  109974245  112784886  106664236   97642553  120891220  108192442  104145587  183154154  193796046  186192488  187078065  183068361  189371140  180162693  188389956   Local timer interrupts
 RES:     133828      74645      69071      60607      51229      46550       9766      11536      77647      16987      14768      12688      11853      11469      11557      11581       7263      11568      10061       8974       8758       6954       7091       6474       9430       9163       8672       8473       9078       8735       8182       8997   Rescheduling interrupts
 CAL: 1434942307 1108748199 1136510730 1115868298 1000788337  945848686   99226032   37230835   37254220   28508075   25915177   23819408   22594849   21174069   21574182   22110563   21717036   17044654   16487410   16429271   16360504   16272632   15519037   15572539   29469135   30055016   31332295   32771899   33925330   35755902   35654147   35039815   Function call interrupts
 TLB:   41905613   45798630   46328922   46655128   46611381   45025546   34076743   34250540   28753184   28581582   27369424   25941101   24884003   23378224   23709294   24183044   22746649   19266319   18730537   18566792   18440003   18135786   15874525   15766652   31415332   31663626   32926122   34130884   35158307   36871298   36586174   35517026   TLB shootdowns
## cpuidle cpu estado tiempo_us entradas
cpu0 POLL 13954886 435196
cpu0 C1 2959458940 30329008
cpu0 C1E 25047777623 116080703
cpu0 C6 3900816330257 516687932
cpu1 POLL 5064013 139688
cpu1 C1 32131115 493438
cpu1 C1E 12599241589 74072709
cpu1 C6 3905024759972 151369721
cpu2 POLL 4527380 142564
cpu2 C1 47694859 533347
cpu2 C1E 11531825563 65176983
cpu2 C6 3921080513292 116508729
cpu3 POLL 4125954 112567
cpu3 C1 43786306 484219
cpu3 C1E 11377068246 59031585
cpu3 C6 3926452972425 110553675
cpu4 POLL 3847778 108667
cpu4 C1 50820442 498462
cpu4 C1E 11157044866 62761236
cpu4 C6 3951470694903 126372323
cpu5 POLL 4076420 118458
cpu5 C1 206357702 353747
cpu5 C1E 9944254331 64856056
cpu5 C6 3778633431193 89984636
cpu6 POLL 1112026613 135851824
cpu6 C1 14459704420 49279623
cpu6 C1E 163139036904 554857031
cpu6 C6 3781875604888 386722161
cpu7 POLL 29342165 742430
cpu7 C1 42807131 1946480
cpu7 C1E 424243711665 3171129392
cpu7 C6 3758322202115 87852522
cpu16 POLL 2077501 56862
cpu16 C1 77469766 196743
cpu16 C1E 7070210885 31259450
cpu16 C6 4258973433645 103240424
cpu17 POLL 1718243 47745
cpu17 C1 23712597 192171
cpu17 C1E 7097710326 28596183
cpu17 C6 4253313962478 88686468
cpu18 POLL 1435794 48026
cpu18 C1 27490304 198320
cpu18 C1E 6732512989 26021797
cpu18 C6 4248250733557 80220355
cpu19 POLL 1271679 43602
cpu19 C1 19431018 136592
cpu19 C1E 5896869386 19167940
cpu19 C6 4248125954842 111067748
cpu20 POLL 2156665 52909
cpu20 C1 14024870 167837
cpu20 C1E 6319187985 24972466
cpu20 C6 4262842748905 66219752
cpu21 POLL 2482369 57184
cpu21 C1 35790628 236961
cpu21 C1E 7328128156 32045427
cpu21 C6 4241581500839 66830848
cpu22 POLL 3788704 324467
cpu22 C1 108252895 249788
cpu22 C1E 7660587123 23023702
cpu22 C6 4252075579013 106509558
cpu23 POLL 3644974 225881
cpu23 C1 28254749 276055
cpu23 C1E 9508536544 34022537
cpu23 C6 4264719366100 80374983
## daemon hilo utime stime cpu
cpu_loop_main 6 2 2
cpu_loop_main 2 0 6
