## stat
cpu  1731823368 127832 73378400 34427869550 22047649 6640114 1775958 0 0 0
cpu0 17753534 2358 823633 328740792 214775 173503 699256 0 0 0
cpu1 33507443 221 1411030 313194544 307163 141427 96873 0 0 0
cpu2 19010186 4456 885165 328098881 364523 94775 205108 0 0 0
cpu3 31873409 226 1295051 315058130 281275 123425 47231 0 0 0
cpu4 38073943 213 1547664 308603053 283465 139254 25742 0 0 0
cpu5 32902946 223 1414229 313796330 409851 125025 25753 0 0 0
cpu6 30507125 3022 1254546 316500517 259349 113026 42645 0 0 0
cpu7 34961299 62 1378277 311777842 382854 123884 7995 0 0 0
cpu8 32116224 576 1291701 314917013 223637 117066 15679 0 0 0
cpu9 38918487 0 1513842 307871872 224129 138865 6858 0 0 0
cpu10 35461302 14 1476971 311263134 342847 127400 6778 0 0 0
cpu11 21964309 199 1013974 325313671 272800 88576 30338 0 0 0
cpu12 35750289 76 1594155 310845326 351305 131156 7025 0 0 0
cpu13 35044793 1714 1427140 311818916 229414 126214 6155 0 0 0
cpu14 36182097 30 1474121 310573741 311312 133106 6055 0 0 0
cpu15 19360035 1174 851528 328166043 237500 75239 5822 0 0 0
cpu16 31491431 13 1301282 315531407 111558 129399 105898 0 0 0
cpu17 22351581 282 883273 325147551 225359 78882 7195 0 0 0
cpu18 22945299 105 940851 324488999 201726 85119 23892 0 0 0
cpu19 24548873 69 1074885 322677354 294083 89848 5498 0 0 0
cpu20 17881269 849 837583 329618049 287085 68808 5216 0 0 0
cpu21 31096805 26 1210167 315893111 344213 117283 5825 0 0 0
cpu22 27428042 34 1214758 319622560 307721 103409 6334 0 0 0
cpu23 24722631 58 836123 322773858 262964 85885 6089 0 0 0
cpu24 26465267 73 1013210 320691656 405269 96773 6376 0 0 0
cpu25 23935090 762 1039555 323335049 275753 92436 6212 0 0 0
cpu26 14419198 9534 663636 333225521 314494 54145 6079 0 0 0
cpu27 30468576 5770 1271985 316544214 290995 104617 2897 0 0 0
cpu28 22808723 5017 1007519 324590634 197081 82627 2639 0 0 0
cpu29 26767221 753 1152445 320379722 298708 92902 2223 0 0 0
cpu30 21621002 213 1002707 325781103 214631 75545 2349 0 0 0
cpu31 31449437 59 1395536 315487619 234765 116247 2647 0 0 0
cpu32 29892815 45 1386591 317100024 198578 108713 2736 0 0 0
cpu33 34347929 1381 1335916 312624010 252247 120660 3076 0 0 0
cpu34 22610141 350 984320 324701687 312109 84799 2261 0 0 0
cpu35 23030709 1942 1056869 324226111 298523 81700 2107 0 0 0
cpu36 37157508 0 1718167 309366848 299808 135381 3286 0 0 0
cpu37 22350257 87 997636 325004846 260492 79906 2811 0 0 0
cpu38 27192734 293 1267645 319974473 152561 101109 2429 0 0 0
cpu39 26302671 148 1239290 320830830 218508 98220 2526 0 0 0
cpu40 18434515 1266 829493 329121316 244794 67692 2183 0 0 0
cpu41 28438643 498 1274589 318628397 239729 105106 2856 0 0 0
cpu42 26858702 2365 1220557 320389370 113628 102557 2401 0 0 0
cpu43 24775891 44 1102250 322468901 250500 94930 2031 0 0 0
cpu44 34570570 717 1551009 312094133 335906 127229 3170 0 0 0
cpu45 25913053 1863 1263951 321180187 234179 97857 2052 0 0 0
cpu46 20601745 25 927766 326926641 165137 76751 1729 0 0 0
cpu47 14719737 2 708364 333194660 25502 55123 1509 0 0 0
cpu48 21519258 11 928931 325966695 201072 79566 1825 0 0 0
cpu49 24994364 3417 958249 322515179 133159 88987 1880 0 0 0
cpu50 24842158 3220 1058046 322553719 139042 93086 2261 0 0 0
cpu51 26289034 8458 1099814 320907803 284312 98105 2541 0 0 0
cpu52 7936493 660 291652 340329766 92046 35575 10186 0 0 0
cpu53 1164794 151 63530 347374519 73668 15618 4565 0 0 0
cpu54 15498372 767 473602 332498312 144428 63816 10279 0 0 0
cpu55 1064042 665 60407 347413845 152342 10867 5402 0 0 0
cpu56 1882661 1304 95445 346631419 73991 15458 8092 0 0 0
cpu57 1981341 240 79816 346513274 98897 16858 13957 0 0 0
cpu58 2855834 1416 127340 345410774 276505 20342 4615 0 0 0
cpu59 968970 209 68496 347241769 127816 11525 9792 0 0 0
cpu60 3326182 67 113999 345106886 145353 13905 5328 0 0 0
cpu61 2860822 627 130058 345490269 213431 13756 3919 0 0 0
cpu62 5074903 153 112092 343190897 311729 17101 5370 0 0 0
cpu63 4193363 256 140815 344075524 211234 18183 73810 0 0 0
cpu64 4204395 1274 158734 344161974 115833 29127 34946 0 0 0
cpu65 3201696 113 128536 345142267 223836 14274 3994 0 0 0
cpu66 3415755 227 103110 345098668 81935 12882 3415 0 0 0
cpu67 3074259 2405 116104 345318693 179482 15451 4078 0 0 0
cpu68 3447037 93 135401 345033265 59918 20866 3727 0 0 0
cpu69 3706284 216 137177 344684353 163690 16379 5952 0 0 0
cpu70 785177 48 50676 347781422 63677 11531 10703 0 0 0
cpu71 6227656 830 186100 342080549 189325 22639 3982 0 0 0
cpu72 18699251 972 699718 328889547 339410 63984 5861 0 0 0
cpu73 7113982 26 213677 341178560 169317 28693 4919 0 0 0
cpu74 7209297 2561 213074 341016039 231344 26448 5377 0 0 0
cpu75 6031889 43 194862 342302318 150526 22727 5045 0 0 0
cpu76 5681949 43 228375 342658085 111588 24379 4003 0 0 0
cpu77 7335538 193 298017 340703369 330068 31243 6221 0 0 0
cpu78 10544608 4101 275101 337710283 146950 28905 1069 0 0 0
cpu79 6840585 7624 287773 341321064 230537 23982 1255 0 0 0
cpu80 5314196 8727 247985 342955369 164816 19781 1787 0 0 0
cpu81 7824906 4176 362075 340251330 238413 28343 1271 0 0 0
cpu82 6390159 842 313012 341808398 177284 22832 862 0 0 0
cpu83 7899570 980 324011 340232718 225697 27826 1083 0 0 0
cpu84 1865132 1470 87299 346616761 139977 7406 761 0 0 0
cpu85 697504 57 41065 347877188 62521 5081 2470 0 0 0
cpu86 7027970 147 301728 341215860 141396 25334 918 0 0 0
cpu87 7501077 1270 371575 340613788 194069 28159 985 0 0 0
cpu88 1421320 232 59360 346845786 160734 8102 5505 0 0 0
cpu89 8314523 708 325741 339890194 151699 27863 1175 0 0 0
cpu90 10458351 16 428129 337586862 198103 37066 1151 0 0 0
cpu91 8133759 20 396713 340009758 138742 30239 1182 0 0 0
cpu92 7939362 1673 354575 340241835 139473 28149 1975 0 0 0
cpu93 10179550 3293 483055 337660132 343967 37967 1120 0 0 0
cpu94 12101519 2640 446634 335854548 256323 42548 1370 0 0 0
cpu95 9373844 1421 442654 338666655 187292 35168 1420 0 0 0
cpu96 580415 2701 33306 347964907 97987 4618 2485 0 0 0
cpu97 9480062 1418 410681 338607398 175724 33379 1103 0 0 0
cpu98 8876067 2 386405 339303778 108438 32828 1090 0 0 0
cpu99 7655246 177 346290 340663769 19255 27058 932 0 0 0
cpu100 9440339 33 361427 338701732 173744 32882 986 0 0 0
cpu101 8948027 159 403775 339203905 118220 34705 1355 0 0 0
cpu102 9915684 1447 424081 338192659 138265 36330 1368 0 0 0
cpu103 9527297 2575 435090 338442420 264190 36544 1342 0 0 0
## interrupts
            CPU0       CPU1       CPU2       CPU3       CPU4       CPU5       CPU6       CPU7       CPU8       CPU9       CPU10      CPU11      CPU12      CPU13      CPU14      CPU15      CPU16      CPU17      CPU18      CPU19      CPU20      CPU21      CPU22      CPU23      CPU24      CPU25      CPU26      CPU27      CPU28      CPU29      CPU30      CPU31      CPU32      CPU33      CPU34      CPU35      CPU36      CPU37      CPU38      CPU39      CPU40      CPU41      CPU42      CPU43      CPU44      CPU45      CPU46      CPU47      CPU48      CPU49      CPU50      CPU51      CPU52      CPU53      CPU54      CPU55      CPU56      CPU57      CPU58      CPU59      CPU60      CPU61      CPU62      CPU63      CPU64      CPU65      CPU66      CPU67      CPU68      CPU69      CPU70      CPU71      CPU72      CPU73      CPU74      CPU75      CPU76      CPU77      CPU78      CPU79      CPU80      CPU81      CPU82      CPU83      CPU84      CPU85      CPU86      CPU87      CPU88      CPU89      CPU90      CPU91      CPU92      CPU93      CPU94      CPU95      CPU96      CPU97      CPU98      CPU99      CPU100     CPU101     CPU102     CPU103     
 LOC:  443489469  392490743  267027412  350889580  407840496  358434346  337446311  373590317  344833787  412347967  376903622  248496517  379310509  371151235  382105956  208206203  342874938  240613712  252894045  263986717  193958150  335826725  295467828  266725154  288491340  260696405  157618225  321727229  241639343  282785215  230120713  332083367  316549853  360670884  239322585  244174408  392689943  236917338  287856378  278984892  195808569  300462875  285607010  262948271  365006856  275060724  218386103  157503605  227521989  263152857  263759081  278068484   92187365   27194917  172319509   20771110   27725908   31415345   44488423   22155806   39462599   35505870   57694131   51848713   49658353   38396674   39407774   40053793   47927488   43587443   15154071   70603290  199183662   79287973   81887132   68816151   65438787   83652000  111465033   74420780   58817897   84818315   69697003   84961295   22467454   12358872   76084884   81580105   21755677   89249182  111674553   88269399   86693073  109750939  129795292  101744885   11513078  101783080   96080921   82955051  101275887   96901021  106557875  102772090   Local timer interrupts
 RES:       7694      15157      12559      13358       9566      11006      11748      11464       9338      13535       8317      12513      12746      12142      11933      10823      10966       7854      10219      11692      11389      11027      11916       9710      12291       7533        387        422        542        570        624        334        288       2237        471        242        920       1936        217        286        202        167        142        276        207        284        746        193        390        286        173        139       7144      10833      20486      12573       8187       9479      10892      10356       7868      12211       7877      11720      11892      11576      11064      10044      17731       8929       8691      11186      10420      10699      11852       9610      11241       7541        287        277        415        390        388        311       2370        327        437        398        494        407        439        471        350        296        293        447        368        410       1201        493        450        526        431        456   Rescheduling interrupts
 CAL:   93918614   13668759   25032526    7125530    3770896    4540706    6873849    2100732    3197047    1761031    1954535    4963333    1705453    1548248    1601215    1600555    1672362    1640246    3876115    1645086    1743590    1729264    1594174    1755274    1746599    1754017    2268493    2268214    2193710    2118349    1971020    1997171    1969122    1971490    1857597    1850252    1744757    1734044    1642070    1708782    1672621    1862014    1531332    1607176    1512727    1556801    1407580    1530046    1503486    1469764    1477858    1420504    1708170    1417505    1829395    1638931    1718974    1696307    1689253    1330533    1529188    1614393    1534898    1537529    1598754    1533100    1424439    1519323    1620575    1712633    1595839    1595715    1618853    1730446    1689297    1460980    1504423    1882677    1684430    1725279    1574306    1680044    1566534    1563459    1597492    1402250    1629355    1515568    1325905    1592017    1645946    1622108    1640576    1891849    1660113    1652027    1475341    1633094    1701809    1722517    1698786    1678644    1607756    1770235   Function call interrupts
 TLB:    2087917    2175684    1798700    1935606    1816028    1806769    1822052    1842268    1721286    1578289    1414428    1521004    1527781    1471889    1518907    1337842    1383428    1473578    1627542    1482183    1422855    1458474    1437311    1439265    1455900    1598504    1968329    1997409    2026781    1839950    1801427    1817147    1791890    1757715    1528108    1556170    1527257    1479144    1434111    1514321    1462067    1538868    1362618    1436221    1355145    1376175    1282286    1417047    1398878    1340392    1345253    1228120    1510551    1217916    1459001    1326328    1488160    1385297    1467995    1330017    1307844    1357234    1297083    1409883    1310339    1387736    1275824    1321866    1449045    1539601    1317866    1413774    1412067    1360045    1490047    1266736    1220079    1377315    1498550    1448486    1403928    1401382    1389795    1399948    1405100    1256984    1380434    1333911    1265023    1417106    1403087    1404809    1422785    1577464    1431561    1427128    1268278    1371857    1495458    1521008    1498558    1385823    1348025    1504925   TLB shootdowns
## cpuidle cpu estado tiempo_us entradas
cpu0 POLL 2645942 78572
cpu0 C1 1615158315 288442
cpu0 C1E 2143356682 4386430
cpu0 C6 3284063811998 347473755
cpu1 POLL 1205161 29984
cpu1 C1 963115557 306221
cpu1 C1E 1472860308 7001605
cpu1 C6 3132272362001 54745403
cpu2 POLL 1786778 86384
cpu2 C1 38120357759 546227
cpu2 C1E 1331798306 7236090
cpu2 C6 3244713090501 96091416
cpu3 POLL 825749 25829
cpu3 C1 3982719324 272672
cpu3 C1E 704583857 4704976
cpu3 C6 3148567002118 25896801
cpu4 POLL 629386 17826
cpu4 C1 891020880 252780
cpu4 C1E 557346887 4158741
cpu4 C6 3087320149951 18220588
cpu5 POLL 725291 22364
cpu5 C1 874062803 226277
cpu5 C1E 459406576 3233673
cpu5 C6 3140615023996 21295824
cpu6 POLL 442339 14123
cpu6 C1 1724411499 152876
cpu6 C1E 379851908 2666873
cpu6 C6 3165356060805 24859750
cpu7 POLL 622415 28734
cpu7 C1 1409008653 206491
cpu7 C1E 392485568 2861763
cpu7 C6 3119757964533 12582193
cpu16 POLL 1823178 38034
cpu16 C1 969632140 247512
cpu16 C1E 4740514718 33452462
cpu16 C6 3150376405622 87616416
cpu17 POLL 687363 19164
cpu17 C1 1341785653 176134
cpu17 C1E 1756507911 10156216
cpu17 C6 3250587421532 10981647
cpu18 POLL 793828 27341
cpu18 C1 83488644 182487
cpu18 C1E 1722178865 9860795
cpu18 C6 3244972400111 23629383
cpu19 POLL 721992 20188
cpu19 C1 2285461264 183808
cpu19 C1E 1469736506 8543535
cpu19 C6 3225927941797 9362067
cpu20 POLL 516031 16308
cpu20 C1 1544055224 153208
cpu20 C1E 701294943 4835511
cpu20 C6 3296765949816 9710899
cpu21 POLL 490691 13981
cpu21 C1 1238386647 133290
cpu21 C1E 724248075 4456831
cpu21 C6 3160322934120 16373341
cpu22 POLL 512740 16544
cpu22 C1 947096331 148679
cpu22 C1E 719845180 4421553
cpu22 C6 3197576381607 12584957
cpu23 POLL 545784 15189
cpu23 C1 1429273561 126659
cpu23 C1E 747441085 4377846
cpu23 C6 3228125944020 13567041
## daemon hilo utime stime cpu
cpu_loop_main 31 14 36
cpu_loop_main 18 0 6
