## stat
cpu  1731823358 127832 73378376 34427242618 22047641 6640080 1775953 0 0 0
cpu0 17753534 2358 823633 328734763 214775 173502 699255 0 0 0
cpu1 33507443 221 1411030 313188514 307163 141427 96873 0 0 0
cpu2 19010186 4456 885165 328092851 364523 94775 205108 0 0 0
cpu3 31873409 226 1295051 315052100 281275 123425 47231 0 0 0
cpu4 38073943 213 1547664 308597023 283465 139254 25742 0 0 0
cpu5 32902946 223 1414229 313790300 409851 125025 25753 0 0 0
cpu6 30507125 3022 1254546 316494516 259349 113021 42645 0 0 0
cpu7 34961299 62 1378277 311771812 382854 123884 7995 0 0 0
cpu8 32116224 576 1291701 314910983 223637 117066 15679 0 0 0
cpu9 38918487 0 1513842 307865842 224129 138865 6858 0 0 0
cpu10 35461302 14 1476971 311257104 342847 127400 6778 0 0 0
cpu11 21964309 199 1013974 325307641 272800 88576 30338 0 0 0
cpu12 35750289 76 1594155 310839296 351305 131156 7025 0 0 0
cpu13 35044793 1714 1427140 311812886 229414 126214 6155 0 0 0
cpu14 36182097 30 1474121 310567711 311312 133106 6055 0 0 0
cpu15 19360035 1174 851528 328160015 237500 75239 5821 0 0 0
cpu16 31491431 13 1301282 315525378 111558 129399 105897 0 0 0
cpu17 22351581 282 883272 325141521 225359 78882 7195 0 0 0
cpu18 22945297 105 940849 324482979 201726 85117 23891 0 0 0
cpu19 24548873 69 1074884 322671325 294083 89848 5498 0 0 0
cpu20 17881269 849 837583 329612021 287084 68808 5216 0 0 0
cpu21 31096805 26 1210167 315887082 344213 117283 5825 0 0 0
cpu22 27428042 34 1214757 319616531 307721 103409 6334 0 0 0
cpu23 24722631 58 836121 322767830 262964 85885 6089 0 0 0
cpu24 26465267 73 1013210 320685627 405269 96773 6376 0 0 0
cpu25 23935090 762 1039554 323329021 275753 92436 6212 0 0 0
cpu26 14419198 9534 663636 333219491 314494 54145 6079 0 0 0
cpu27 30468576 5770 1271985 316538185 290995 104617 2897 0 0 0
cpu28 22808723 5017 1007519 324584604 197081 82627 2639 0 0 0
cpu29 26767220 753 1152444 320373695 298706 92902 2223 0 0 0
cpu30 21621002 213 1002706 325775075 214631 75545 2349 0 0 0
cpu31 31449437 59 1395535 315481591 234765 116247 2647 0 0 0
cpu32 29892815 45 1386591 317093995 198577 108713 2736 0 0 0
cpu33 34347928 1381 1335914 312617984 252246 120660 3076 0 0 0
cpu34 22610141 350 984320 324695658 312108 84799 2261 0 0 0
cpu35 23030709 1942 1056868 324220105 298523 81694 2106 0 0 0
cpu36 37157508 0 1718167 309360883 299808 135364 3286 0 0 0
cpu37 22350257 87 997635 324998817 260492 79906 2810 0 0 0
cpu38 27192734 293 1267645 319968444 152561 101109 2429 0 0 0
cpu39 26302671 148 1239290 320824801 218508 98220 2526 0 0 0
cpu40 18434515 1266 829492 329115286 244794 67692 2183 0 0 0
cpu41 28438643 498 1274589 318622367 239729 105106 2856 0 0 0
cpu42 26858702 2365 1220557 320383340 113628 102557 2401 0 0 0
cpu43 24775891 44 1102250 322462871 250500 94930 2031 0 0 0
cpu44 34570570 717 1551009 312088103 335906 127229 3170 0 0 0
cpu45 25913053 1863 1263951 321174157 234179 97857 2052 0 0 0
cpu46 20601745 25 927765 326920613 165137 76751 1729 0 0 0
cpu47 14719737 2 708364 333188630 25502 55123 1509 0 0 0
cpu48 21519258 11 928931 325960665 201072 79566 1825 0 0 0
cpu49 24994364 3417 958249 322509149 133159 88987 1880 0 0 0
cpu50 24842158 3220 1058046 322547689 139042 93086 2261 0 0 0
cpu51 26289034 8458 1099814 320901773 284312 98105 2541 0 0 0
cpu52 7936493 660 291652 340323737 92046 35575 10186 0 0 0
cpu53 1164794 151 63530 347368489 73668 15618 4565 0 0 0
cpu54 15498369 767 473600 332492291 144428 63815 10279 0 0 0
cpu55 1064042 665 60407 347407816 152342 10867 5402 0 0 0
cpu56 1882661 1304 95445 346625389 73991 15458 8092 0 0 0
cpu57 1981341 240 79816 346507244 98897 16858 13957 0 0 0
cpu58 2855834 1416 127340 345404744 276505 20342 4615 0 0 0
cpu59 968970 209 68496 347235739 127816 11525 9792 0 0 0
cpu60 3326182 67 113999 345100856 145353 13905 5328 0 0 0
cpu61 2860822 627 130058 345484239 213431 13755 3919 0 0 0
cpu62 5074903 153 112092 343184867 311729 17101 5370 0 0 0
cpu63 4193363 256 140815 344069495 211234 18183 73809 0 0 0
cpu64 4204395 1274 158734 344155944 115833 29127 34946 0 0 0
cpu65 3201696 113 128536 345136237 223836 14274 3994 0 0 0
cpu66 3415755 227 103110 345092638 81935 12882 3415 0 0 0
cpu67 3074259 2405 116104 345312663 179482 15451 4078 0 0 0
cpu68 3447037 93 135401 345027235 59918 20866 3727 0 0 0
cpu69 3706284 216 137177 344678323 163690 16379 5952 0 0 0
cpu70 785177 48 50676 347775393 63677 11531 10703 0 0 0
cpu71 6227656 830 186100 342074519 189325 22639 3982 0 0 0
cpu72 18699251 972 699718 328883517 339410 63984 5861 0 0 0
cpu73 7113982 26 213676 341172531 169317 28693 4919 0 0 0
cpu74 7209297 2561 213074 341010009 231344 26448 5377 0 0 0
cpu75 6031889 43 194862 342296288 150526 22727 5045 0 0 0
cpu76 5681949 43 228375 342652055 111588 24379 4003 0 0 0
cpu77 7335538 193 298017 340697339 330068 31242 6221 0 0 0
cpu78 10544608 4101 275101 337704253 146950 28905 1069 0 0 0
cpu79 6840585 7624 287773 341315034 230537 23982 1255 0 0 0
cpu80 5314195 8727 247984 342949341 164816 19781 1787 0 0 0
cpu81 7824906 4176 362075 340245300 238413 28343 1271 0 0 0
cpu82 6390159 842 313012 341802368 177284 22832 862 0 0 0
cpu83 7899570 980 324011 340226688 225697 27826 1083 0 0 0
cpu84 1865132 1470 87298 346610733 139976 7406 761 0 0 0
cpu85 697504 57 41065 347871159 62521 5081 2470 0 0 0
cpu86 7027970 147 301728 341209830 141396 25334 918 0 0 0
cpu87 7501077 1270 371575 340607758 194069 28159 985 0 0 0
cpu88 1421320 232 59360 346839761 160734 8102 5505 0 0 0
cpu89 8314523 708 325741 339884164 151699 27863 1175 0 0 0
cpu90 10458351 16 428129 337580832 198103 37066 1151 0 0 0
cpu91 8133759 20 396713 340003728 138742 30239 1182 0 0 0
cpu92 7939362 1673 354575 340235805 139473 28149 1975 0 0 0
cpu93 10179550 3293 483055 337654102 343967 37967 1120 0 0 0
cpu94 12101519 2640 446634 335848518 256323 42548 1370 0 0 0
cpu95 9373844 1421 442654 338660625 187292 35168 1420 0 0 0
cpu96 580415 2701 33306 347958878 97987 4618 2485 0 0 0
cpu97 9480062 1418 410681 338601368 175724 33379 1103 0 0 0
cpu98 8876067 2 386405 339297748 108438 32828 1090 0 0 0
cpu99 7655246 177 346290 340657739 19255 27058 932 0 0 0
cpu100 9440339 33 361427 338695702 173744 32882 986 0 0 0
cpu101 8948027 159 403775 339197875 118220 34705 1355 0 0 0
cpu102 9915684 1447 424081 338186629 138265 36330 1368 0 0 0
cpu103 9527297 2575 435090 338436390 264190 36544 1342 0 0 0
## interrupts
            CPU0       CPU1       CPU2       CPU3       CPU4       CPU5       CPU6       CPU7       CPU8       CPU9       CPU10      CPU11      CPU12      CPU13      CPU14      CPU15      CPU16      CPU17      CPU18      CPU19      CPU20      CPU21      CPU22      CPU23      CPU24      CPU25      CPU26      CPU27      CPU28      CPU29      CPU30      CPU31      CPU32      CPU33      CPU34      CPU35      CPU36      CPU37      CPU38      CPU39      CPU40      CPU41      CPU42      CPU43      CPU44      CPU45      CPU46      CPU47      CPU48      CPU49      CPU50      CPU51      CPU52      CPU53      CPU54      CPU55      CPU56      CPU57      CPU58      CPU59      CPU60      CPU61      CPU62      CPU63      CPU64      CPU65      CPU66      CPU67      CPU68      CPU69      CPU70      CPU71      CPU72      CPU73      CPU74      CPU75      CPU76      CPU77      CPU78      CPU79      CPU80      CPU81      CPU82      CPU83      CPU84      CPU85      CPU86      CPU87      CPU88      CPU89      CPU90      CPU91      CPU92      CPU93      CPU94      CPU95      CPU96      CPU97      CPU98      CPU99      CPU100     CPU101     CPU102     CPU103     
 LOC:  443489112  392490684  267027245  350889539  407840466  358434316  337440260  373590287  344833736  412347937  376903592  248496487  379310429  371151202  382105926  208205782  342874843  240613477  252892065  263986574  193958017  335826695  295467693  266725024  288491256  260696295  157618083  321727153  241639291  282785009  230120137  332083159  316549769  360670670  239322428  244056194  392364048  236917167  287856242  278984772  195808483  300462788  285606978  262948208  365006824  275060692  218386014  157503520  227521959  263152827  263759051  278068454   92187245   27194887  172317850   20771080   27725878   31415315   44488390   22155773   39462568   35505840   57694101   51848593   49658323   38396644   39407725   40053763   47927458   43587398   15153858   70603260  199183632   79287780   81887102   68816121   65438757   83651970  111464996   74420750   58817456   84818282   69696971   84961233   22467273   12358797   76084854   81580075   21755184   89249152  111674523   88269369   86693044  109750818  129795248  101744853   11512979  101783050   96080891   82955021  101275857   96900991  106557845  102772060   Local timer interrupts
 RES:       7694      15157      12559      13358       9566      11006      11748      11464       9338      13535       8317      12513      12746      12142      11933      10823      10966       7854      10219      11692      11389      11027      11916       9710      12291       7533        387        422        542        570        624        334        288       2237        471        242        920       1936        217        286        202        167        142        276        207        284        746        193        390        286        173        139       7144      10833      20486      12573       8187       9479      10892      10356       7868      12211       7877      11720      11892      11576      11064      10044      17731       8929       8691      11186      10420      10699      11852       9610      11241       7541        287        277        415        390        388        311       2370        327        437        398        494        407        439        471        350        296        293        447        368        410       1201        493        450        526        431        456   Rescheduling interrupts
 CAL:   93918584   13668752   25032519    7125523    3770889    4540699    6873842    2100725    3197040    1761024    1954528    4963326    1705446    1548241    1601208    1600544    1672354    1640238    3876106    1645079    1743583    1729257    1594167    1755267    1746592    1754010    2268486    2268207    2193703    2118342    1971013    1997164    1969115    1971483    1857590    1850245    1744750    1734037    1642063    1708775    1672614    1862007    1531325    1607169    1512720    1556794    1407573    1530039    1503479    1469757    1477851    1420497    1708163    1417498    1829388    1638924    1718967    1696300    1689246    1330526    1529181    1614386    1534891    1537522    1598747    1533093    1424432    1519316    1620568    1712626    1595832    1595708    1618846    1730438    1689290    1460973    1504416    1882670    1684423    1725272    1574299    1680037    1566527    1563452    1597485    1402243    1629348    1515561    1325905    1592010    1645939    1622101    1640569    1891842    1660106    1652020    1475334    1633087    1701802    1722510    1698779    1678637    1607749    1770228   Function call interrupts
 TLB:    2087917    2175684    1798700    1935606    1816028    1806769    1822052    1842268    1721286    1578289    1414428    1521004    1527781    1471889    1518907    1337842    1383428    1473578    1627542    1482183    1422855    1458474    1437311    1439265    1455900    1598504    1968329    1997409    2026781    1839950    1801427    1817147    1791890    1757715    1528108    1556170    1527257    1479144    1434111    1514321    1462067    1538868    1362618    1436221    1355145    1376175    1282286    1417047    1398878    1340392    1345253    1228120    1510551    1217916    1459001    1326328    1488160    1385297    1467995    1330017    1307844    1357234    1297083    1409883    1310339    1387736    1275824    1321866    1449045    1539601    1317866    1413774    1412067    1360045    1490047    1266736    1220079    1377315    1498550    1448486    1403928    1401382    1389795    1399948    1405100    1256984    1380434    1333911    1265023    1417106    1403087    1404809    1422785    1577464    1431561    1427128    1268278    1371857    1495458    1521008    1498558    1385823    1348025    1504925   TLB shootdowns
## cpuidle cpu estado tiempo_us entradas
cpu0 POLL 2645923 78570
cpu0 C1 1615157250 288438
cpu0 C1E 2143347956 4386402
cpu0 C6 3284003540842 347473237
cpu1 POLL 1205161 29984
cpu1 C1 963115557 306221
cpu1 C1E 1472859938 7001590
cpu1 C6 3132211398572 54745302
cpu2 POLL 1786767 86382
cpu2 C1 38118133676 546217
cpu2 C1E 1331794953 7236074
cpu2 C6 3244655293414 96091163
cpu3 POLL 825684 25828
cpu3 C1 3982719324 272672
cpu3 C1E 704583530 4704959
cpu3 C6 3148507159675 25896736
cpu4 POLL 629386 17826
cpu4 C1 891020880 252780
cpu4 C1E 557346517 4158726
cpu4 C6 3087260118843 18220535
cpu5 POLL 725291 22364
cpu5 C1 874062803 226277
cpu5 C1E 459406204 3233658
cpu5 C6 3140555157097 21295770
cpu6 POLL 442339 14123
cpu6 C1 1724406654 152870
cpu6 C1E 379851908 2666873
cpu6 C6 3165296110675 24853306
cpu7 POLL 622415 28734
cpu7 C1 1409008653 206491
cpu7 C1E 392485194 2861748
cpu7 C6 3119697933345 12582140
cpu16 POLL 1823178 38034
cpu16 C1 969632132 247511
cpu16 C1E 4740505327 33452366
cpu16 C6 3150316156986 87616027
cpu17 POLL 687363 19164
cpu17 C1 1341068624 176106
cpu17 C1E 1756487081 10156164
cpu17 C6 3250527847593 10981388
cpu18 POLL 793828 27341
cpu18 C1 83487982 182485
cpu18 C1E 1722138852 9860684
cpu18 C6 3244912287843 23627498
cpu19 POLL 721992 20188
cpu19 C1 2285461264 183808
cpu19 C1E 1469736149 8543520
cpu19 C6 3225868663232 9362043
cpu20 POLL 516031 16308
cpu20 C1 1544055224 153208
cpu20 C1E 701294598 4835495
cpu20 C6 3296706648994 9710839
cpu21 POLL 490691 13981
cpu21 C1 1238386647 133290
cpu21 C1E 724247698 4456816
cpu21 C6 3160263735050 16373289
cpu22 POLL 512740 16544
cpu22 C1 947096331 148679
cpu22 C1E 719844822 4421538
cpu22 C6 3197517062494 12584904
cpu23 POLL 545784 15189
cpu23 C1 1429273561 126659
cpu23 C1E 747440720 4377831
cpu23 C6 3228066424757 13566987
## daemon hilo utime stime cpu
cpu_loop_main 7 3 36
cpu_loop_main 2 0 6
