## stat
cpu  1731823590 127832 73378769 34433299246 22047770 6640426 1776027 0 0 0
cpu0 17753535 2358 823638 328793002 214777 173504 699261 0 0 0
cpu1 33507443 221 1411033 313246764 307164 141427 96874 0 0 0
cpu2 19010187 4456 885169 328151098 364524 94776 205109 0 0 0
cpu3 31873410 226 1295054 315110350 281276 123425 47231 0 0 0
cpu4 38073944 213 1547665 308655276 283466 139254 25743 0 0 0
cpu5 32902947 223 1414231 313848553 409852 125026 25754 0 0 0
cpu6 30507177 3022 1254603 316552160 259349 113169 42661 0 0 0
cpu7 34961299 62 1378277 311830069 382854 123884 7995 0 0 0
cpu8 32116224 576 1291701 314969240 223637 117066 15679 0 0 0
cpu9 38918487 0 1513842 307924098 224129 138865 6858 0 0 0
cpu10 35461302 14 1476971 311315360 342847 127400 6778 0 0 0
cpu11 21964309 199 1013974 325365897 272800 88576 30338 0 0 0
cpu12 35750289 76 1594155 310897552 351305 131156 7025 0 0 0
cpu13 35044793 1714 1427140 311871142 229414 126214 6155 0 0 0
cpu14 36182097 30 1474121 310625968 311312 133106 6055 0 0 0
cpu15 19360035 1174 851530 328218258 237500 75240 5825 0 0 0
cpu16 31491431 13 1301283 315583621 111558 129401 105905 0 0 0
cpu17 22351583 282 883285 325199713 225359 78897 7196 0 0 0
cpu18 22945324 105 940867 324541160 201727 85129 23893 0 0 0
cpu19 24548873 69 1074885 322729579 294083 89848 5498 0 0 0
cpu20 17881269 849 837583 329670275 287085 68809 5216 0 0 0
cpu21 31096805 26 1210167 315945338 344213 117283 5825 0 0 0
cpu22 27428042 34 1214758 319674784 307721 103410 6334 0 0 0
cpu23 24722631 58 836123 322826085 262965 85885 6089 0 0 0
cpu24 26465267 73 1013210 320743883 405269 96773 6376 0 0 0
cpu25 23935090 762 1039555 323387275 275754 92437 6212 0 0 0
cpu26 14419198 9534 663636 333277745 314494 54146 6079 0 0 0
cpu27 30468576 5770 1271985 316596438 290995 104618 2897 0 0 0
cpu28 22808723 5017 1007519 324642860 197081 82627 2639 0 0 0
cpu29 26767221 753 1152445 320431949 298708 92902 2223 0 0 0
cpu30 21621004 213 1002714 325833318 214633 75546 2350 0 0 0
cpu31 31449445 59 1395543 315539777 234773 116258 2648 0 0 0
cpu32 29892817 45 1386595 317152245 198579 108714 2736 0 0 0
cpu33 34347930 1381 1335922 312676228 252248 120661 3077 0 0 0
cpu34 22610143 350 984324 324753905 312111 84799 2262 0 0 0
cpu35 23030710 1942 1056872 324278332 298524 81700 2107 0 0 0
cpu36 37157508 0 1718168 309419071 299809 135381 3287 0 0 0
cpu37 22350258 87 997638 325057068 260493 79907 2811 0 0 0
cpu38 27192735 293 1267651 320026692 152563 101109 2430 0 0 0
cpu39 26302671 148 1239293 320883053 218509 98220 2526 0 0 0
cpu40 18434517 1266 829496 329173536 244795 67692 2183 0 0 0
cpu41 28438644 498 1274591 318680621 239730 105106 2857 0 0 0
cpu42 26858702 2365 1220559 320441593 113629 102557 2401 0 0 0
cpu43 24775891 44 1102250 322521126 250501 94930 2031 0 0 0
cpu44 34570570 717 1551009 312146359 335906 127229 3170 0 0 0
cpu45 25913053 1863 1263952 321232412 234179 97857 2052 0 0 0
cpu46 20601748 25 927774 326978856 165137 76751 1729 0 0 0
cpu47 14719737 2 708364 333246885 25502 55123 1509 0 0 0
cpu48 21519258 11 928931 326018922 201072 79566 1825 0 0 0
cpu49 24994364 3417 958249 322567406 133159 88987 1880 0 0 0
cpu50 24842158 3220 1058046 322605946 139042 93086 2261 0 0 0
cpu51 26289034 8458 1099814 320960030 284312 98105 2541 0 0 0
cpu52 7936493 660 291653 340381990 92046 35576 10186 0 0 0
cpu53 1164794 151 63530 347426746 73668 15618 4565 0 0 0
cpu54 15498397 767 473617 332550466 144428 63827 10280 0 0 0
cpu55 1064042 665 60407 347466072 152342 10868 5402 0 0 0
cpu56 1882661 1304 95446 346683645 73991 15458 8092 0 0 0
cpu57 1981341 240 79816 346565500 98897 16858 13957 0 0 0
cpu58 2855834 1416 127340 345462998 276505 20342 4617 0 0 0
cpu59 968970 209 68496 347293995 127816 11525 9792 0 0 0
cpu60 3326182 67 114001 345159109 145354 13905 5328 0 0 0
cpu61 2860823 627 130062 345542491 213432 13756 3919 0 0 0
cpu62 5074903 153 112096 343243118 311731 17101 5370 0 0 0
cpu63 4193365 256 140819 344127735 211236 18184 73818 0 0 0
cpu64 4204395 1274 158736 344214197 115834 29127 34946 0 0 0
cpu65 3201697 113 128539 345194490 223836 14274 3994 0 0 0
cpu66 3415756 227 103112 345150891 81935 12883 3415 0 0 0
cpu67 3074259 2405 116104 345370919 179482 15451 4078 0 0 0
cpu68 3447038 93 135402 345085489 59918 20866 3727 0 0 0
cpu69 3706285 216 137177 344736577 163691 16379 5952 0 0 0
cpu70 785178 48 50679 347833641 63678 11532 10704 0 0 0
cpu71 6227657 830 186104 342132768 189326 22639 3982 0 0 0
cpu72 18699256 972 699723 328941715 339411 63997 5861 0 0 0
cpu73 7113983 26 213678 341230777 169318 28694 4920 0 0 0
cpu74 7209298 2561 213077 341068260 231345 26448 5377 0 0 0
cpu75 6031889 43 194867 342354536 150528 22727 5045 0 0 0
cpu76 5681951 43 228380 342710303 111590 24379 4004 0 0 0
cpu77 7335539 193 298021 340755588 330070 31243 6221 0 0 0
cpu78 10544608 4101 275101 337762509 146950 28905 1069 0 0 0
cpu79 6840585 7624 287773 341373290 230537 23982 1255 0 0 0
cpu80 5314197 8727 247992 343007496 164830 19799 1789 0 0 0
cpu81 7824911 4176 362091 340303394 238428 28374 1273 0 0 0
cpu82 6390162 842 313023 341860606 177288 22833 862 0 0 0
cpu83 7899573 980 324020 340284928 225700 27827 1083 0 0 0
cpu84 1865147 1470 87311 346668869 139985 7427 762 0 0 0
cpu85 697509 57 41076 347929386 62525 5082 2470 0 0 0
cpu86 7027975 147 301737 341268069 141400 25334 918 0 0 0
cpu87 7501097 1270 371584 340665982 194072 28160 986 0 0 0
cpu88 1421322 232 59367 346897906 160737 8104 5507 0 0 0
cpu89 8314526 708 325750 339942405 151702 27864 1175 0 0 0
cpu90 10458353 16 428136 337639075 198106 37066 1151 0 0 0
cpu91 8133761 20 396720 340061972 138745 30240 1182 0 0 0
cpu92 7939364 1673 354582 340294049 139476 28149 1976 0 0 0
cpu93 10179550 3293 483058 337712351 343969 37967 1121 0 0 0
cpu94 12101520 2640 446636 335906770 256324 42549 1370 0 0 0
cpu95 9373844 1421 442656 338718879 187293 35169 1420 0 0 0
cpu96 580416 2701 33307 348017127 97987 4619 2486 0 0 0
cpu97 9480062 1418 410682 338659623 175724 33379 1103 0 0 0
cpu98 8876067 2 386406 339356003 108438 32828 1090 0 0 0
cpu99 7655246 177 346290 340715995 19255 27059 932 0 0 0
cpu100 9440339 33 361427 338753959 173744 32882 986 0 0 0
cpu101 8948027 159 403775 339256131 118220 34705 1355 0 0 0
cpu102 9915684 1447 424081 338244886 138265 36330 1368 0 0 0
cpu103 9527297 2575 435090 338494647 264190 36544 1342 0 0 0
## interrupts
            CPU0       CPU1       CPU2       CPU3       CPU4       CPU5       CPU6       CPU7       CPU8       CPU9       CPU10      CPU11      CPU12      CPU13      CPU14      CPU15      CPU16      CPU17      CPU18      CPU19      CPU20      CPU21      CPU22      CPU23      CPU24      CPU25      CPU26      CPU27      CPU28      CPU29      CPU30      CPU31      CPU32      CPU33      CPU34      CPU35      CPU36      CPU37      CPU38      CPU39      CPU40      CPU41      CPU42      CPU43      CPU44      CPU45      CPU46      CPU47      CPU48      CPU49      CPU50      CPU51      CPU52      CPU53      CPU54      CPU55      CPU56      CPU57      CPU58      CPU59      CPU60      CPU61      CPU62      CPU63      CPU64      CPU65      CPU66      CPU67      CPU68      CPU69      CPU70      CPU71      CPU72      CPU73      CPU74      CPU75      CPU76      CPU77      CPU78      CPU79      CPU80      CPU81      CPU82      CPU83      CPU84      CPU85      CPU86      CPU87      CPU88      CPU89      CPU90      CPU91      CPU92      CPU93      CPU94      CPU95      CPU96      CPU97      CPU98      CPU99      CPU100     CPU101     CPU102     CPU103     
 LOC:  443491954  392491596  267029690  350890323  407841155  358434866  337841404  373590579  344834053  412348231  376903881  248496976  379310996  371151524  382106217  208208281  342877751  240878246  252906945  263987420  193958460  335826986  295468635  266725446  288491601  260696757  157619150  321728328  241639795  282785492  230122725  332291759  316550707  360671941  239323508  244175223  392692235  236918107  287857324  278985512  195809246  300463550  285607682  262948901  365007254  275061123  218387108  157504126  227522292  263153119  263759344  278068746   92188324   27195181  172333939   20771399   27726213   31415615   44488780   22156186   39463416   35506548   57694813   51849996   49658940   38397243   39408813   40054569   47928201   43588096   15155487   70604120  199426150   79289720   81887876   68817121   65439685   83652799  111465397   74421043   59151093   85409453   69699043   84963527   22855877   12361281   76086772   81581860   21759573   89250957  111675993   88271096   86694444  109752482  129796176  101745449   11513897  101783421   96081355   82955357  101276151   96901284  106558138  102772354   Local timer interrupts
 RES:       7695      15157      12559      13358       9566      11006      11748      11464       9338      13535       8317      12513      12746      12142      11933      10823      10966       7854      10219      11692      11389      11027      11918       9710      12291       7533        387        422        542        570        624        334        288       2238        471        242        920       1936        217        286        202        167        142        276        207        284        746        193        390        286        173        139       7144      10833      20486      12573       8187       9479      10892      10356       7868      12211       7877      11721      11892      11576      11064      10044      17732       8929       8691      11189      10421      10702      11852       9611      11241       7541        287        277        415        390        388        311       2370        329        438        400        495        408        441        473        351        296        293        447        369        410       1201        493        450        526        431        456   Rescheduling interrupts
 CAL:   93919178   13668894   25032627    7125629    3770990    4540797    6873942    2100823    3197138    1761122    1954626    4963424    1705544    1548339    1601306    1600653    1672470    1640350    3876216    1645181    1743681    1729355    1594267    1755365    1746690    1754108    2268584    2268305    2193801    2118440    1971112    1997260    1969213    1971582    1857688    1850343    1744846    1734135    1642181    1708874    1672712    1862114    1531423    1607267    1512818    1556892    1407671    1530137    1503577    1469855    1477956    1420595    1708261    1417596    1829486    1639022    1719065    1696398    1689344    1330624    1529280    1614484    1534989    1537620    1598845    1533191    1424536    1519416    1620676    1712725    1595941    1595806    1618940    1730545    1689390    1461071    1504515    1882770    1684521    1725370    1574412    1680170    1566629    1563550    1597575    1402367    1629446    1515659    1325930    1592110    1646037    1622199    1640668    1891943    1660204    1652118    1475432    1633185    1701900    1722608    1698877    1678735    1607847    1770326   Function call interrupts
 TLB:    2087917    2175684    1798700    1935606    1816028    1806769    1822052    1842268    1721286    1578289    1414428    1521004    1527781    1471889    1518907    1337842    1383428    1473578    1627542    1482183    1422855    1458474    1437311    1439265    1455900    1598504    1968329    1997409    2026781    1839950    1801427    1817147    1791890    1757715    1528108    1556170    1527257    1479144    1434131    1514321    1462067    1538877    1362618    1436221    1355145    1376175    1282286    1417047    1398878    1340392    1345260    1228120    1510551    1217916    1459001    1326328    1488160    1385297    1467995    1330017    1307844    1357234    1297083    1409883    1310339    1387736    1275824    1321866    1449045    1539601    1317877    1413774    1412067    1360045    1490047    1266736    1220079    1377315    1498550    1448486    1403928    1401382    1389795    1399948    1405100    1257010    1380434    1333911    1265023    1417106    1403087    1404809    1422785    1577464    1431561    1427128    1268278    1371857    1495458    1521008    1498558    1385823    1348025    1504925   TLB shootdowns
## cpuidle cpu estado tiempo_us entradas
cpu0 POLL 2646207 78579
cpu0 C1 1615542608 288479
cpu0 C1E 2143475325 4386760
cpu0 C6 3284585386499 347478915
cpu1 POLL 1205161 29984
cpu1 C1 963123602 306231
cpu1 C1E 1472889300 7001787
cpu1 C6 3132792359440 54746593
cpu2 POLL 1787176 86409
cpu2 C1 38129366758 546291
cpu2 C1E 1331999293 7236584
cpu2 C6 3245226544879 96097212
cpu3 POLL 825770 25832
cpu3 C1 3982727604 272697
cpu3 C1E 704604747 4705157
cpu3 C6 3149090226944 25897811
cpu4 POLL 629386 17826
cpu4 C1 891028932 252791
cpu4 C1E 557365462 4158905
cpu4 C6 3087841115310 18221568
cpu5 POLL 725291 22364
cpu5 C1 874070879 226287
cpu5 C1E 459413735 3233813
cpu5 C6 3141138265162 21296637
cpu6 POLL 445670 14172
cpu6 C1 1724581051 153117
cpu6 C1E 531052053 2996457
cpu6 C6 3165719922059 24926573
cpu7 POLL 622415 28734
cpu7 C1 1409008653 206491
cpu7 C1E 392488372 2861893
cpu7 C6 3120279940173 12582763
cpu16 POLL 1823257 38036
cpu16 C1 969632517 247545
cpu16 C1E 4741422618 33456079
cpu16 C6 3150897601718 87624625
cpu17 POLL 687689 19171
cpu17 C1 1341811107 176207
cpu17 C1E 1792250571 10419637
cpu17 C6 3251071921373 10984947
cpu18 POLL 793828 27341
cpu18 C1 83492452 182496
cpu18 C1E 1722496836 9861691
cpu18 C6 3245493561989 23642282
cpu19 POLL 722056 20189
cpu19 C1 2285461278 183810
cpu19 C1E 1469804826 8543841
cpu19 C6 3226448946586 9362824
cpu20 POLL 516031 16308
cpu20 C1 1544055254 153210
cpu20 C1E 701297654 4835645
cpu20 C6 3297289107203 9711496
cpu21 POLL 490691 13981
cpu21 C1 1238386647 133290
cpu21 C1E 724250877 4456961
cpu21 C6 3160846241561 16373977
cpu22 POLL 512740 16544
cpu22 C1 947096386 148685
cpu22 C1E 719853277 4421677
cpu22 C6 3198099416984 12586262
cpu23 POLL 545784 15189
cpu23 C1 1429273561 126659
cpu23 C1E 747443937 4377977
cpu23 C6 3228647916772 13567626
## daemon hilo utime stime cpu
cpu_loop_main 39 23 31
cpu_loop_main 0 88 6
