## stat
cpu  1731823577 127832 73378744 34432672712 22047748 6640369 1776019 0 0 0
cpu0 17753535 2358 823638 328786975 214777 173504 699260 0 0 0
cpu1 33507443 221 1411033 313240737 307164 141427 96874 0 0 0
cpu2 19010187 4456 885169 328145071 364524 94776 205109 0 0 0
cpu3 31873410 226 1295054 315104323 281276 123425 47231 0 0 0
cpu4 38073944 213 1547665 308649249 283466 139254 25743 0 0 0
cpu5 32902947 223 1414231 313842526 409852 125025 25754 0 0 0
cpu6 30507177 3022 1254603 316546265 259349 113141 42658 0 0 0
cpu7 34961299 62 1378277 311824041 382854 123884 7995 0 0 0
cpu8 32116224 576 1291701 314963212 223637 117066 15679 0 0 0
cpu9 38918487 0 1513842 307918071 224129 138865 6858 0 0 0
cpu10 35461302 14 1476971 311309333 342847 127400 6778 0 0 0
cpu11 21964309 199 1013974 325359870 272800 88576 30338 0 0 0
cpu12 35750289 76 1594155 310891525 351305 131156 7025 0 0 0
cpu13 35044793 1714 1427140 311865115 229414 126214 6155 0 0 0
cpu14 36182097 30 1474121 310619940 311312 133106 6055 0 0 0
cpu15 19360035 1174 851530 328212232 237500 75240 5824 0 0 0
cpu16 31491431 13 1301283 315577596 111558 129401 105903 0 0 0
cpu17 22351583 282 883284 325193686 225359 78897 7196 0 0 0
cpu18 22945321 105 940864 324535141 201727 85128 23893 0 0 0
cpu19 24548873 69 1074885 322723552 294083 89848 5498 0 0 0
cpu20 17881269 849 837583 329664248 287085 68809 5216 0 0 0
cpu21 31096805 26 1210167 315939311 344213 117283 5825 0 0 0
cpu22 27428042 34 1214758 319668757 307721 103410 6334 0 0 0
cpu23 24722631 58 836123 322820057 262965 85885 6089 0 0 0
cpu24 26465267 73 1013210 320737855 405269 96773 6376 0 0 0
cpu25 23935090 762 1039555 323381248 275754 92436 6212 0 0 0
cpu26 14419198 9534 663636 333271718 314494 54146 6079 0 0 0
cpu27 30468576 5770 1271985 316590411 290995 104618 2897 0 0 0
cpu28 22808723 5017 1007519 324636832 197081 82627 2639 0 0 0
cpu29 26767221 753 1152445 320425921 298708 92902 2223 0 0 0
cpu30 21621004 213 1002714 325827291 214633 75546 2350 0 0 0
cpu31 31449444 59 1395542 315533789 234769 116251 2648 0 0 0
cpu32 29892817 45 1386595 317146217 198579 108714 2736 0 0 0
cpu33 34347930 1381 1335922 312670201 252248 120661 3077 0 0 0
cpu34 22610143 350 984324 324747878 312111 84799 2262 0 0 0
cpu35 23030710 1942 1056872 324272304 298524 81700 2107 0 0 0
cpu36 37157508 0 1718168 309413044 299809 135381 3287 0 0 0
cpu37 22350258 87 997638 325051041 260493 79907 2811 0 0 0
cpu38 27192735 293 1267651 320020665 152563 101109 2430 0 0 0
cpu39 26302671 148 1239293 320877026 218509 98220 2526 0 0 0
cpu40 18434517 1266 829496 329167509 244795 67692 2183 0 0 0
cpu41 28438644 498 1274591 318674593 239730 105106 2857 0 0 0
cpu42 26858702 2365 1220559 320435566 113629 102557 2401 0 0 0
cpu43 24775891 44 1102250 322515098 250501 94930 2031 0 0 0
cpu44 34570570 717 1551009 312140332 335906 127229 3170 0 0 0
cpu45 25913053 1863 1263952 321226384 234179 97857 2052 0 0 0
cpu46 20601748 25 927773 326972830 165137 76751 1729 0 0 0
cpu47 14719737 2 708364 333240858 25502 55123 1509 0 0 0
cpu48 21519258 11 928931 326012894 201072 79566 1825 0 0 0
cpu49 24994364 3417 958249 322561378 133159 88987 1880 0 0 0
cpu50 24842158 3220 1058046 322599918 139042 93086 2261 0 0 0
cpu51 26289034 8458 1099814 320954003 284312 98105 2541 0 0 0
cpu52 7936493 660 291653 340375963 92046 35576 10186 0 0 0
cpu53 1164794 151 63530 347420718 73668 15618 4565 0 0 0
cpu54 15498394 767 473616 332544447 144428 63826 10279 0 0 0
cpu55 1064042 665 60407 347460045 152342 10868 5402 0 0 0
cpu56 1882661 1304 95446 346677618 73991 15458 8092 0 0 0
cpu57 1981341 240 79816 346559473 98897 16858 13957 0 0 0
cpu58 2855834 1416 127340 345456971 276505 20342 4616 0 0 0
cpu59 968970 209 68496 347287968 127816 11525 9792 0 0 0
cpu60 3326182 67 114001 345153081 145354 13905 5328 0 0 0
cpu61 2860823 627 130062 345536463 213432 13756 3919 0 0 0
cpu62 5074903 153 112096 343237091 311731 17101 5370 0 0 0
cpu63 4193365 256 140819 344121709 211236 18184 73817 0 0 0
cpu64 4204395 1274 158736 344208170 115834 29127 34946 0 0 0
cpu65 3201697 113 128539 345188462 223836 14274 3994 0 0 0
cpu66 3415756 227 103112 345144863 81935 12883 3415 0 0 0
cpu67 3074259 2405 116104 345364892 179482 15451 4078 0 0 0
cpu68 3447038 93 135402 345079462 59918 20866 3727 0 0 0
cpu69 3706285 216 137177 344730549 163691 16379 5952 0 0 0
cpu70 785178 48 50679 347827614 63678 11532 10704 0 0 0
cpu71 6227657 830 186104 342126741 189326 22639 3982 0 0 0
cpu72 18699256 972 699723 328935687 339411 63997 5861 0 0 0
cpu73 7113983 26 213678 341224750 169318 28694 4920 0 0 0
cpu74 7209298 2561 213077 341062232 231345 26448 5377 0 0 0
cpu75 6031889 43 194867 342348508 150528 22727 5045 0 0 0
cpu76 5681951 43 228380 342704276 111590 24379 4004 0 0 0
cpu77 7335539 193 298021 340749561 330070 31243 6221 0 0 0
cpu78 10544608 4101 275101 337756482 146950 28905 1069 0 0 0
cpu79 6840585 7624 287773 341367263 230537 23982 1255 0 0 0
cpu80 5314197 8727 247992 343001468 164830 19799 1789 0 0 0
cpu81 7824910 4176 362088 340297449 238417 28359 1272 0 0 0
cpu82 6390161 842 313022 341854581 177287 22833 862 0 0 0
cpu83 7899573 980 324020 340278901 225700 27827 1083 0 0 0
cpu84 1865147 1470 87310 346662843 139984 7427 762 0 0 0
cpu85 697509 57 41075 347923361 62524 5082 2470 0 0 0
cpu86 7027975 147 301736 341262043 141399 25334 918 0 0 0
cpu87 7501096 1270 371583 340659957 194072 28160 986 0 0 0
cpu88 1421322 232 59367 346891884 160737 8104 5507 0 0 0
cpu89 8314526 708 325749 339936380 151701 27864 1175 0 0 0
cpu90 10458353 16 428135 337633050 198106 37066 1151 0 0 0
cpu91 8133761 20 396719 340055946 138745 30240 1182 0 0 0
cpu92 7939364 1673 354581 340288024 139475 28149 1976 0 0 0
cpu93 10179550 3293 483058 337706325 343968 37967 1121 0 0 0
cpu94 12101519 2640 446636 335900745 256323 42548 1370 0 0 0
cpu95 9373844 1421 442655 338712853 187292 35169 1420 0 0 0
cpu96 580416 2701 33306 348011101 97987 4619 2486 0 0 0
cpu97 9480062 1418 410681 338653597 175724 33379 1103 0 0 0
cpu98 8876067 2 386406 339349976 108438 32828 1090 0 0 0
cpu99 7655246 177 346290 340709968 19255 27059 932 0 0 0
cpu100 9440339 33 361427 338747931 173744 32882 986 0 0 0
cpu101 8948027 159 403775 339250104 118220 34705 1355 0 0 0
cpu102 9915684 1447 424081 338238858 138265 36330 1368 0 0 0
cpu103 9527297 2575 435090 338488619 264190 36544 1342 0 0 0
## interrupts
            CPU0       CPU1       CPU2       CPU3       CPU4       CPU5       CPU6       CPU7       CPU8       CPU9       CPU10      CPU11      CPU12      CPU13      CPU14      CPU15      CPU16      CPU17      CPU18      CPU19      CPU20      CPU21      CPU22      CPU23      CPU24      CPU25      CPU26      CPU27      CPU28      CPU29      CPU30      CPU31      CPU32      CPU33      CPU34      CPU35      CPU36      CPU37      CPU38      CPU39      CPU40      CPU41      CPU42      CPU43      CPU44      CPU45      CPU46      CPU47      CPU48      CPU49      CPU50      CPU51      CPU52      CPU53      CPU54      CPU55      CPU56      CPU57      CPU58      CPU59      CPU60      CPU61      CPU62      CPU63      CPU64      CPU65      CPU66      CPU67      CPU68      CPU69      CPU70      CPU71      CPU72      CPU73      CPU74      CPU75      CPU76      CPU77      CPU78      CPU79      CPU80      CPU81      CPU82      CPU83      CPU84      CPU85      CPU86      CPU87      CPU88      CPU89      CPU90      CPU91      CPU92      CPU93      CPU94      CPU95      CPU96      CPU97      CPU98      CPU99      CPU100     CPU101     CPU102     CPU103     
 LOC:  443491867  392491566  267029562  350890282  407841125  358434836  337720858  373590549  344834023  412348201  376903851  248496921  379310920  371151491  382106187  208208071  342877364  240877898  252905199  263987390  193958427  335826956  295468594  266725416  288491571  260696727  157619008  321728188  241639736  282785462  230122654  332142786  316550677  360671911  239323478  244175193  392692205  236918074  287857294  278985482  195809215  300463520  285607652  262948841  365007224  275061093  218387023  157504096  227522262  263153089  263759314  278068716   92188215   27195151  172332300   20771369   27726183   31415585   44488733   22156153   39463385   35506518   57694783   51849870   49658910   38397213   39408783   40054540   47928171   43588055   15155399   70604090  199426120   79289560   81887846   68817091   65439655   83652769  111465360   74421013   59151063   85113078   69698798   84963497   22855655   12361027   76086547   81581673   21759131   89250601  111675760   88270920   86694193  109752215  129795960  101745249   11513697  101783313   96081325   82955327  101276121   96901254  106558108  102772324   Local timer interrupts
 RES:       7695      15157      12559      13358       9566      11006      11748      11464       9338      13535       8317      12513      12746      12142      11933      10823      10966       7854      10219      11692      11389      11027      11918       9710      12291       7533        387        422        542        570        624        334        288       2238        471        242        920       1936        217        286        202        167        142        276        207        284        746        193        390        286        173        139       7144      10833      20486      12573       8187       9479      10892      10356       7868      12211       7877      11721      11892      11576      11064      10044      17732       8929       8691      11189      10421      10702      11852       9611      11241       7541        287        277        415        390        388        311       2370        329        438        400        495        408        440        473        351        296        293        447        368        410       1201        493        450        526        431        456   Rescheduling interrupts
 CAL:   93919165   13668887   25032620    7125621    3770983    4540790    6873935    2100816    3197131    1761115    1954619    4963417    1705537    1548332    1601299    1600646    1672462    1640342    3876207    1645174    1743674    1729348    1594260    1755358    1746683    1754101    2268577    2268298    2193794    2118433    1971105    1997253    1969206    1971575    1857681    1850336    1744839    1734128    1642174    1708867    1672705    1862107    1531416    1607260    1512811    1556885    1407664    1530130    1503570    1469848    1477949    1420588    1708254    1417589    1829479    1639015    1719058    1696391    1689337    1330617    1529273    1614477    1534982    1537613    1598838    1533184    1424529    1519409    1620669    1712718    1595934    1595799    1618933    1730538    1689383    1461064    1504508    1882763    1684514    1725363    1574405    1680163    1566622    1563543    1597568    1402360    1629439    1515652    1325930    1592103    1646030    1622192    1640660    1891935    1660197    1652111    1475425    1633178    1701893    1722601    1698870    1678728    1607840    1770319   Function call interrupts
 TLB:    2087917    2175684    1798700    1935606    1816028    1806769    1822052    1842268    1721286    1578289    1414428    1521004    1527781    1471889    1518907    1337842    1383428    1473578    1627542    1482183    1422855    1458474    1437311    1439265    1455900    1598504    1968329    1997409    2026781    1839950    1801427    1817147    1791890    1757715    1528108    1556170    1527257    1479144    1434131    1514321    1462067    1538877    1362618    1436221    1355145    1376175    1282286    1417047    1398878    1340392    1345260    1228120    1510551    1217916    1459001    1326328    1488160    1385297    1467995    1330017    1307844    1357234    1297083    1409883    1310339    1387736    1275824    1321866    1449045    1539601    1317877    1413774    1412067    1360045    1490047    1266736    1220079    1377315    1498550    1448486    1403928    1401382    1389795    1399948    1405100    1257010    1380434    1333911    1265023    1417106    1403087    1404809    1422785    1577464    1431561    1427128    1268278    1371857    1495458    1521008    1498558    1385823    1348025    1504925   TLB shootdowns
## cpuidle cpu estado tiempo_us entradas
cpu0 POLL 2646162 78577
cpu0 C1 1615542539 288475
cpu0 C1E 2143475309 4386757
cpu0 C6 3284525124141 347478491
cpu1 POLL 1205161 29984
cpu1 C1 963123602 306231
cpu1 C1E 1472888967 7001772
cpu1 C6 3132733179218 54746557
cpu2 POLL 1787100 86407
cpu2 C1 38128280395 546280
cpu2 C1E 1331996325 7236566
cpu2 C6 3245167353445 96096427
cpu3 POLL 825759 25831
cpu3 C1 3982727574 272695
cpu3 C1E 704604457 4705141
cpu3 C6 3149028948447 25897734
cpu4 POLL 629386 17826
cpu4 C1 891028932 252791
cpu4 C1E 557365129 4158890
cpu4 C6 3087782108216 18221512
cpu5 POLL 725291 22364
cpu5 C1 874070879 226287
cpu5 C1E 459413402 3233798
cpu5 C6 3141076986160 21296574
cpu6 POLL 444868 14161
cpu6 C1 1724567420 153051
cpu6 C1E 472391446 2876230
cpu6 C6 3165719902618 24926548
cpu7 POLL 622415 28734
cpu7 C1 1409008653 206491
cpu7 C1E 392488037 2861878
cpu7 C6 3120219909127 12582698
cpu16 POLL 1823257 38036
cpu16 C1 969632478 247541
cpu16 C1E 4741287511 33455116
cpu16 C6 3150837498052 87622706
cpu17 POLL 687556 19168
cpu17 C1 1341811058 176203
cpu17 C1E 1792241668 10419606
cpu17 C6 3251012886757 10984709
cpu18 POLL 793828 27341
cpu18 C1 83492057 182495
cpu18 C1E 1722457401 9861583
cpu18 C6 3245433441997 23640424
cpu19 POLL 722056 20189
cpu19 C1 2285461278 183810
cpu19 C1E 1469804495 8543826
cpu19 C6 3226389696369 9362797
cpu20 POLL 516031 16308
cpu20 C1 1544055254 153210
cpu20 C1E 701297317 4835629
cpu20 C6 3297227764154 9711436
cpu21 POLL 490691 13981
cpu21 C1 1238386647 133290
cpu21 C1E 724250526 4456946
cpu21 C6 3160785993578 16373897
cpu22 POLL 512740 16544
cpu22 C1 947096386 148685
cpu22 C1E 719852954 4421663
cpu22 C6 3198039211737 12586197
cpu23 POLL 545784 15189
cpu23 C1 1429273561 126659
cpu23 C1E 747443598 4377962
cpu23 C6 3228587885801 13567567
## daemon hilo utime stime cpu
cpu_loop_main 10 3 31
cpu_loop_main 0 10 6
