## stat
cpu  506901780 220658 62957685 13292963407 1597237 3383143 814354 0 0 0
cpu0 36864542 37455 2630270 392956919 151037 271335 118512 0 0 0
cpu1 38591580 13577 2723121 391696373 148487 195327 36842 0 0 0
cpu2 37358890 5256 2504406 393234366 97590 191060 34316 0 0 0
cpu3 36990592 6201 2355098 393748004 102294 188262 31425 0 0 0
cpu4 34625217 9635 2228487 396248119 90055 182610 34543 0 0 0
cpu5 51757152 25654 2450114 378813398 118309 227978 41545 0 0 0
cpu6 12338169 2065 24834375 396123003 59102 146563 73502 0 0 0
cpu7 13321724 6850 900097 418435609 48510 265340 31879 0 0 0
cpu8 9817371 10098 1331531 421111704 50879 99682 69290 0 0 0
cpu9 9796162 4867 999436 422502522 42554 51356 21876 0 0 0
cpu10 11338721 6591 1077621 420938008 38364 56245 13370 0 0 0
cpu11 13215122 5285 1167408 418967879 44093 55456 27470 0 0 0
cpu12 10267334 669 928477 422185905 30724 52003 8040 0 0 0
cpu13 9832149 2370 949156 422607881 26371 49672 7658 0 0 0
cpu14 10298126 806 984362 421784712 49193 349452 7022 0 0 0
cpu15 11159246 1153 1293608 420910846 27598 62959 7461 0 0 0
cpu16 6074495 1932 610050 426653727 16073 52167 25992 0 0 0
cpu17 6603200 4854 669677 426076118 18232 50081 25721 0 0 0
cpu18 7063038 8264 751407 425533677 16676 50831 32786 0 0 0
cpu19 7009040 6245 809615 425467635 17906 82822 43427 0 0 0
cpu20 5529480 7364 904990 426945208 16204 41488 8518 0 0 0
cpu21 7695581 4845 747296 424917723 20314 49791 21027 0 0 0
cpu22 6637200 2448 739868 426002069 24159 30034 14707 0 0 0
cpu23 5141427 9625 801435 427440410 23755 31329 14893 0 0 0
cpu24 12487957 4116 911814 419952705 31289 65309 14604 0 0 0
cpu25 14433780 6367 891808 418021303 45273 65829 6739 0 0 0
cpu26 13301158 9770 957719 419091441 37342 72966 6531 0 0 0
cpu27 13606742 1251 975218 418785321 40882 63037 6536 0 0 0
cpu28 13257708 3180 910412 419184553 39098 69583 6546 0 0 0
cpu29 13680889 4685 972902 418688596 41314 71653 7432 0 0 0
cpu30 13063329 5866 909771 419369267 41201 70091 6904 0 0 0
cpu31 13744645 1302 1036122 418568392 42345 70814 7227 0 0 0
## interrupts
            CPU0       CPU1       CPU2       CPU3       CPU4       CPU5       CPU6       CPU7       CPU8       CPU9       CPU10      CPU11      CPU12      CPU13      CPU14      CPU15      CPU16      CPU17      CPU18      CPU19      CPU20      CPU21      CPU22      CPU23      CPU24      CPU25      CPU26      CPU27      CPU28      CPU29      CPU30      CPU31      
 LOC:  509166083  470458317  441015207  436024104  418223087  582280399  916665582 3327028923  220172741  157709793  176431051  179294248  150900002  143520371  152842594  170175280  115442942  109974230  112784263  106642506   97641841  120890602  108179162  104144991  183154132  193795955  186192471  187076784  183068131  189370627  180161594  188389587   Local timer interrupts
 RES:     133822      74641      69056      60605      51225      46546       9766      11536      77647      16987      14759      12688      11818      11469      11557      11581       7263      11568      10061       8974       8757       6927       7090       6474       9430       9163       8672       8473       9078       8735       8182       8997   Rescheduling interrupts
 CAL: 1434759037 1108565060 1136323819 1115684318 1000605138  945665629   99226006   37229617   37254213   28508057   25915157   23819389   22594826   21174053   21574165   22110547   21717020   17044637   16487394   16429258   16360485   16272614   15518986   15572519   29469119   30054997   31332279   32771883   33925313   35755886   35654131   35039799   Function call interrupts
 TLB:   41905022   45797811   46328043   46654560   46610558   45024766   34076740   34250540   28753184   28581582   27369424   25941101   24884003   23378224   23709294   24183044   22746649   19266319   18730537   18566792   18440003   18135786   15874525   15766652   31415332   31663626   32926122   34130884   35158307   36871298   36586174   35517026   TLB shootdowns
## cpuidle cpu estado tiempo_us entradas
cpu0 POLL 13954822 435195
cpu0 C1 2959458933 30329007
cpu0 C1E 25047470196 116080187
cpu0 C6 3900802152650 516686064
cpu1 POLL 5064013 139688
cpu1 C1 32131094 493436
cpu1 C1E 12598927772 74072160
cpu1 C6 3905010545102 151369184
cpu2 POLL 4527380 142564
cpu2 C1 47694813 533345
cpu2 C1E 11531493573 65176374
cpu2 C6 3921066727396 116507913
cpu3 POLL 4125773 112564
cpu3 C1 43786052 484216
cpu3 C1E 11376749905 59030988
cpu3 C6 3926438954205 110552347
cpu4 POLL 3847778 108667
cpu4 C1 50820442 498462
cpu4 C1E 11157031413 62761218
cpu4 C6 3951456119645 126371793
cpu5 POLL 4076420 118458
cpu5 C1 206357702 353747
cpu5 C1E 9944177798 64855956
cpu5 C6 3778618937007 89984249
cpu6 POLL 1112026613 135851824
cpu6 C1 14459704414 49279622
cpu6 C1E 163122534825 554807775
cpu6 C6 3781859358550 386699772
cpu7 POLL 29342165 742430
cpu7 C1 42807131 1946480
cpu7 C1E 424243597211 3171129224
cpu7 C6 3758287611842 87835459
cpu16 POLL 2077425 56852
cpu16 C1 77469616 196730
cpu16 C1E 7070209909 31259445
cpu16 C6 4258938602056 103239652
cpu17 POLL 1718238 47744
cpu17 C1 23712597 192171
cpu17 C1E 7097710188 28596176
cpu17 C6 4253279149301 88685136
cpu18 POLL 1435794 48026
cpu18 C1 27490304 198320
cpu18 C1E 6732453895 26021665
cpu18 C6 4248215983640 80219896
cpu19 POLL 1271679 43602
cpu19 C1 19429846 136579
cpu19 C1E 5893805725 19144789
cpu19 C6 4248094237467 111067448
cpu20 POLL 2156142 52901
cpu20 C1 14024848 167834
cpu20 C1E 6318829296 24971885
cpu20 C6 4262808214087 66218789
cpu21 POLL 2482299 57182
cpu21 C1 35790604 236959
cpu21 C1E 7327908626 32045128
cpu21 C6 4241546963183 66830294
cpu22 POLL 3788036 324455
cpu22 C1 108249786 249773
cpu22 C1E 7657598963 23015449
cpu22 C6 4252044161335 106492098
cpu23 POLL 3644839 225878
cpu23 C1 28254632 276053
cpu23 C1E 9508191616 34022000
cpu23 C6 4264684963426 80371068
## daemon hilo utime stime cpu
cpu_loop_main 9 5 22
cpu_loop_main 6 0 6
