## stat
cpu  506914030 220658 62957793 13293031811 1597252 3383244 814367 0 0 0
cpu0 36866556 37455 2630275 392957420 151038 271346 118512 0 0 0
cpu1 38593587 13577 2723131 391696878 148487 195338 36842 0 0 0
cpu2 37360941 5256 2504412 393234832 97590 191071 34317 0 0 0
cpu3 36992614 6201 2355108 393748494 102295 188273 31426 0 0 0
cpu4 34627223 9635 2228495 396248627 90055 182622 34543 0 0 0
cpu5 51759158 25654 2450121 378813907 118309 227989 41545 0 0 0
cpu6 12338169 2065 24834375 396125349 59102 146576 73505 0 0 0
cpu7 13321724 6850 900097 418438135 48510 265341 31882 0 0 0
cpu8 9817378 10098 1331534 421114220 50879 99683 69291 0 0 0
cpu9 9796270 4867 999469 422504881 42560 51371 21879 0 0 0
cpu10 11338721 6591 1077623 420940538 38364 56245 13370 0 0 0
cpu11 13215123 5285 1167409 418970410 44093 55456 27470 0 0 0
cpu12 10267334 669 928478 422188436 30724 52003 8040 0 0 0
cpu13 9832149 2370 949156 422610415 26371 49672 7658 0 0 0
cpu14 10298126 806 984362 421787245 49193 349452 7022 0 0 0
cpu15 11159246 1153 1293608 420913379 27598 62959 7461 0 0 0
cpu16 6074495 1932 610050 426656260 16073 52167 25992 0 0 0
cpu17 6603200 4854 669677 426078651 18232 50081 25721 0 0 0
cpu18 7063038 8264 751407 425536210 16676 50831 32787 0 0 0
cpu19 7009040 6245 809615 425470169 17906 82822 43427 0 0 0
cpu20 5529480 7364 904992 426947739 16204 41488 8518 0 0 0
cpu21 7695582 4845 747298 424920255 20314 49792 21027 0 0 0
cpu22 6637222 2448 739874 426004571 24161 30037 14707 0 0 0
cpu23 5141427 9625 801435 427442943 23755 31329 14893 0 0 0
cpu24 12487957 4116 911814 419955238 31289 65309 14604 0 0 0
cpu25 14433780 6367 891808 418023837 45273 65829 6739 0 0 0
cpu26 13301158 9770 957719 419093974 37342 72966 6531 0 0 0
cpu27 13606744 1251 975219 418787851 40882 63038 6536 0 0 0
cpu28 13257708 3180 910412 419187087 39098 69583 6546 0 0 0
cpu29 13680889 4685 972905 418691126 41315 71653 7432 0 0 0
cpu30 13063330 5866 909775 419371794 41202 70092 6904 0 0 0
cpu31 13744646 1302 1036124 418570922 42346 70814 7227 0 0 0
## interrupts
            CPU0       CPU1       CPU2       CPU3       CPU4       CPU5       CPU6       CPU7       CPU8       CPU9       CPU10      CPU11      CPU12      CPU13      CPU14      CPU15      CPU16      CPU17      CPU18      CPU19      CPU20      CPU21      CPU22      CPU23      CPU24      CPU25      CPU26      CPU27      CPU28      CPU29      CPU30      CPU31      
 LOC:  509187051  470478856  441036048  436044910  418243381  582300691  916716247 3327032376  220174631  157740256  176431517  179294615  150900312  143520389  152842610  170175292  115443013  109974242  112784874  106642518   97642127  120890985  108191207  104145129  183154149  193795969  186192485  187077608  183068143  189370896  180162520  188389847   Local timer interrupts
 RES:     133828      74644      69059      60607      51229      46550       9766      11536      77647      16987      14759      12688      11853      11469      11557      11581       7263      11568      10061       8974       8757       6954       7091       6474       9430       9163       8672       8473       9078       8735       8182       8997   Rescheduling interrupts
 CAL: 1434942287 1108748185 1136510720 1115868291 1000788324  945848679   99226023   37230827   37254214   28508068   25915167   23819399   22594842   21174062   21574174   22110556   21717029   17044647   16487403   16429267   16360494   16272625   15518995   15572528   29469128   30055006   31332288   32771892   33925322   35755895   35654140   35039808   Function call interrupts
 TLB:   41905613   45798630   46328922   46655128   46611381   45025546   34076743   34250540   28753184   28581582   27369424   25941101   24884003   23378224   23709294   24183044   22746649   19266319   18730537   18566792   18440003   18135786   15874525   15766652   31415332   31663626   32926122   34130884   35158307   36871298   36586174   35517026   TLB shootdowns
## cpuidle cpu estado tiempo_us entradas
cpu0 POLL 13954822 435195
cpu0 C1 2959458940 30329008
cpu0 C1E 25047593276 116080376
cpu0 C6 3900807039335 516687439
cpu1 POLL 5064013 139688
cpu1 C1 32131094 493436
cpu1 C1E 12599051135 74072330
cpu1 C6 3905015456353 151369472
cpu2 POLL 4527380 142564
cpu2 C1 47694854 533346
cpu2 C1E 11531584653 65176582
cpu2 C6 3921071263708 116508357
cpu3 POLL 4125889 112566
cpu3 C1 43786069 484217
cpu3 C1E 11376891727 59031238
cpu3 C6 3926443690657 110552825
cpu4 POLL 3847778 108667
cpu4 C1 50820442 498462
cpu4 C1E 11157044840 62761234
cpu4 C6 3951461173228 126371986
cpu5 POLL 4076420 118458
cpu5 C1 206357702 353747
cpu5 C1E 9944196315 64855976
cpu5 C6 3778623984984 89984427
cpu6 POLL 1112026613 135851824
cpu6 C1 14459704414 49279622
cpu6 C1E 163136724936 554850706
cpu6 C6 3781868508179 386717815
cpu7 POLL 29342165 742430
cpu7 C1 42807131 1946480
cpu7 C1E 424243711641 3171129390
cpu7 C6 3758312685068 87852334
cpu16 POLL 2077493 56860
cpu16 C1 77469734 196740
cpu16 C1E 7070210885 31259450
cpu16 C6 4258963921361 103240237
cpu17 POLL 1718243 47745
cpu17 C1 23712597 192171
cpu17 C1E 7097710304 28596181
cpu17 C6 4253304450569 88685915
cpu18 POLL 1435794 48026
cpu18 C1 27490304 198320
cpu18 C1E 6732511197 26021794
cpu18 C6 4248241225657 80220187
cpu19 POLL 1271679 43602
cpu19 C1 19429846 136579
cpu19 C1E 5893805886 19144795
cpu19 C6 4248119639155 111067663
cpu20 POLL 2156142 52901
cpu20 C1 14024863 167836
cpu20 C1E 6318988012 24972132
cpu20 C6 4262833455378 66219274
cpu21 POLL 2482369 57184
cpu21 C1 35790611 236960
cpu21 C1E 7328040085 32045312
cpu21 C6 4241572122943 66830614
cpu22 POLL 3788575 324465
cpu22 C1 108252871 249785
cpu22 C1E 7660325160 23022990
cpu22 C6 4252066388479 106506984
cpu23 POLL 3644839 225878
cpu23 C1 28254641 276054
cpu23 C1E 9508362243 34022254
cpu23 C6 4264710066810 80374590
## daemon hilo utime stime cpu
cpu_loop_main 142 43 9
cpu_loop_main 168 0 6
