## stat
cpu  506974729 220658 62960666 13293983351 1597388 3383728 814462 0 0 0
cpu0 36876736 37455 2630343 392978831 151044 271390 118515 0 0 0
cpu1 38603634 13577 2723175 391718453 148491 195379 36843 0 0 0
cpu2 37370955 5256 2504475 393256420 97593 191113 34318 0 0 0
cpu3 37002684 6201 2355159 393770027 102300 188318 31433 0 0 0
cpu4 34637259 9635 2228528 396270226 90057 182663 34544 0 0 0
cpu5 51769170 25654 2450168 378835517 118310 228031 41546 0 0 0
cpu6 12338184 2065 24836558 396156280 59104 146656 73535 0 0 0
cpu7 13321729 6850 900106 418469708 48521 265363 31891 0 0 0
cpu8 9817388 10098 1331555 421145802 50885 99692 69300 0 0 0
cpu9 9796277 4867 999493 422536544 42567 51372 21881 0 0 0
cpu10 11338854 6591 1077686 420971983 38381 56266 13376 0 0 0
cpu11 13215126 5285 1167422 419002101 44094 55457 27473 0 0 0
cpu12 10267338 669 928490 422220127 30726 52004 8040 0 0 0
cpu13 9832162 2370 949175 422642078 26375 49677 7659 0 0 0
cpu14 10298127 806 984366 421818951 49194 349452 7022 0 0 0
cpu15 11159248 1153 1293614 420945082 27599 62959 7461 0 0 0
cpu16 6074496 1932 610052 426687966 16074 52167 25993 0 0 0
cpu17 6603205 4854 669681 426110348 18234 50083 25723 0 0 0
cpu18 7063040 8264 751414 425567903 16678 50833 32789 0 0 0
cpu19 7009046 6245 809623 425501690 17917 82844 43427 0 0 0
cpu20 5529482 7364 904998 426979441 16205 41489 8518 0 0 0
cpu21 7695585 4845 747306 424951951 20316 49793 21028 0 0 0
cpu22 6637223 2448 739877 426036265 24164 30040 14708 0 0 0
cpu23 5141434 9625 801454 427474598 23758 31337 14894 0 0 0
cpu24 12487958 4116 911817 419986948 31289 65309 14604 0 0 0
cpu25 14433783 6367 891812 418055542 45274 65829 6739 0 0 0
cpu26 13301161 9770 957724 419125678 37343 72966 6531 0 0 0
cpu27 13606766 1251 975243 418819498 40888 63044 6538 0 0 0
cpu28 13257716 3180 910435 419218760 39104 69584 6548 0 0 0
cpu29 13680897 4685 972923 418722805 41318 71655 7433 0 0 0
cpu30 13063393 5866 909822 419403356 41208 70106 6907 0 0 0
cpu31 13744660 1302 1036155 418602455 42363 70842 7230 0 0 0
## interrupts
            CPU0       CPU1       CPU2       CPU3       CPU4       CPU5       CPU6       CPU7       CPU8       CPU9       CPU10      CPU11      CPU12      CPU13      CPU14      CPU15      CPU16      CPU17      CPU18      CPU19      CPU20      CPU21      CPU22      CPU23      CPU24      CPU25      CPU26      CPU27      CPU28      CPU29      CPU30      CPU31      
 LOC:  509295468  470582865  441139390  436148815  418345571  582402509  917026914 3327341104  220191721  157745098  176472124  179296573  150902276  143528460  152843118  170175885  115444548  109976902  112789434  106849015   97645193  120894752  108214917  104255350  183154416  193796700  186193130  187087842  183070592  189373780  180214239  188865723   Local timer interrupts
 RES:     133852      74668      69101      60635      51246      46566       9767      11536      77647      17023      14786      12721      11901      11479      11557      11582       7263      11568      10061       8974       8767       6964       7096       6492       9430       9163       8672       8477       9082       8736       8242       9000   Rescheduling interrupts
 CAL: 1435521520 1109320386 1137082337 1116443424 1001358724  946419541   99238768   37234835   37255644   28508175   25915276   23819486   22594939   21174142   21574254   22110635   21717112   17044744   16487486   16429374   16360591   16272722   15519111   15572623   29469207   30055099   31332366   32771977   33925423   35755977   35654238   35039912   Function call interrupts
 TLB:   41909937   45802299   46333076   46658685   46614705   45029388   34076766   34250543   28753184   28581582   27369428   25941101   24884003   23378224   23709294   24183044   22746649   19266319   18730537   18566792   18440003   18135786   15874525   15766652   31415332   31663626   32926122   34130884   35158307   36871298   36586174   35517026   TLB shootdowns
## cpuidle cpu estado tiempo_us entradas
cpu0 POLL 13955015 435198
cpu0 C1 2959459158 30329028
cpu0 C1E 25049198579 116084524
cpu0 C6 3901019557852 516695006
cpu1 POLL 5064013 139688
cpu1 C1 32131240 493443
cpu1 C1E 12600030629 74074054
cpu1 C6 3905230240219 151374776
cpu2 POLL 4527380 142564
cpu2 C1 47695307 533358
cpu2 C1E 11532584790 65178521
cpu2 C6 3921286161608 116511988
cpu3 POLL 4126018 112568
cpu3 C1 43786490 484228
cpu3 C1E 11377994279 59034100
cpu3 C6 3926657939682 110561648
cpu4 POLL 3847778 108667
cpu4 C1 50820580 498465
cpu4 C1E 11157482255 62761784
cpu4 C6 3951676710963 126374793
cpu5 POLL 4076420 118458
cpu5 C1 206357702 353747
cpu5 C1E 9944487640 64856355
cpu5 C6 3778839767633 89987159
cpu6 POLL 1112026881 135851831
cpu6 C1 14459704615 49279643
cpu6 C1E 163256354514 555086156
cpu6 C6 3782057505166 386840596
cpu7 POLL 29345760 742487
cpu7 C1 42809539 1946865
cpu7 C1E 424284348873 3171429486
cpu7 C6 3758587569640 87888851
cpu16 POLL 2077695 56874
cpu16 C1 77469887 196751
cpu16 C1E 7070413587 31259704
cpu16 C6 4259280735741 103244191
cpu17 POLL 1718404 47751
cpu17 C1 23712984 192183
cpu17 C1E 7098996016 28599344
cpu17 C6 4253620094354 88694317
cpu18 POLL 1435873 48029
cpu18 C1 27490329 198324
cpu18 C1E 6733244605 26022916
cpu18 C6 4248557387839 80226273
cpu19 POLL 1275035 43654
cpu19 C1 19435240 136707
cpu19 C1E 5921077693 19350588
cpu19 C6 4248407425500 111069726
cpu20 POLL 2156734 52911
cpu20 C1 14025260 167843
cpu20 C1E 6320239104 24973970
cpu20 C6 4263149182879 66223113
cpu21 POLL 2482474 57188
cpu21 C1 35790671 236965
cpu21 C1E 7329720339 32048041
cpu21 C6 4241887360997 66834984
cpu22 POLL 3789162 324476
cpu22 C1 108253192 249825
cpu22 C1E 7663793204 23046016
cpu22 C6 4252379578813 106559851
cpu23 POLL 3647389 225920
cpu23 C1 28256319 276224
cpu23 C1E 9523987859 34132180
cpu23 C6 4265010867325 80385748
## daemon hilo utime stime cpu
cpu_loop_main 42 24 9
cpu_loop_main 0 93 6
