## stat
cpu  506974719 220658 62960644 13293790727 1597373 3383672 814455 0 0 0
cpu0 36876736 37455 2630341 392972805 151043 271390 118515 0 0 0
cpu1 38603634 13577 2723174 391712425 148491 195379 36843 0 0 0
cpu2 37370955 5256 2504475 393250392 97593 191113 34318 0 0 0
cpu3 37002684 6201 2355159 393764000 102299 188318 31432 0 0 0
cpu4 34637259 9635 2228528 396264197 90057 182663 34544 0 0 0
cpu5 51769170 25654 2450168 378829488 118310 228031 41546 0 0 0
cpu6 12338184 2065 24836558 396150388 59103 146627 73532 0 0 0
cpu7 13321729 6850 900106 418463679 48521 265363 31891 0 0 0
cpu8 9817388 10098 1331553 421139782 50885 99692 69300 0 0 0
cpu9 9796276 4867 999491 422530521 42566 51372 21881 0 0 0
cpu10 11338854 6591 1077686 420965954 38381 56266 13376 0 0 0
cpu11 13215126 5285 1167422 418996073 44094 55457 27473 0 0 0
cpu12 10267338 669 928490 422214098 30726 52004 8040 0 0 0
cpu13 9832161 2370 949175 422636052 26375 49676 7659 0 0 0
cpu14 10298127 806 984366 421812922 49194 349452 7022 0 0 0
cpu15 11159248 1153 1293614 420939053 27599 62959 7461 0 0 0
cpu16 6074496 1932 610051 426681938 16074 52167 25992 0 0 0
cpu17 6603205 4854 669681 426104320 18234 50082 25723 0 0 0
cpu18 7063040 8264 751413 425561877 16677 50833 32789 0 0 0
cpu19 7009046 6245 809623 425495662 17917 82844 43427 0 0 0
cpu20 5529482 7364 904998 426973413 16205 41489 8518 0 0 0
cpu21 7695585 4845 747306 424945922 20316 49793 21028 0 0 0
cpu22 6637223 2448 739877 426030236 24164 30040 14708 0 0 0
cpu23 5141433 9625 801454 427468570 23758 31337 14894 0 0 0
cpu24 12487958 4116 911817 419980919 31289 65309 14604 0 0 0
cpu25 14433783 6367 891812 418049513 45274 65829 6739 0 0 0
cpu26 13301159 9770 957722 419119653 37342 72966 6531 0 0 0
cpu27 13606764 1251 975241 418813474 40887 63043 6537 0 0 0
cpu28 13257715 3180 910433 419212736 39103 69584 6547 0 0 0
cpu29 13680897 4685 972922 418716777 41318 71655 7433 0 0 0
cpu30 13063392 5866 909822 419397328 41208 70106 6907 0 0 0
cpu31 13744658 1302 1036152 418596547 42354 70817 7229 0 0 0
## interrupts
            CPU0       CPU1       CPU2       CPU3       CPU4       CPU5       CPU6       CPU7       CPU8       CPU9       CPU10      CPU11      CPU12      CPU13      CPU14      CPU15      CPU16      CPU17      CPU18      CPU19      CPU20      CPU21      CPU22      CPU23      CPU24      CPU25      CPU26      CPU27      CPU28      CPU29      CPU30      CPU31      
 LOC:  509295214  470582792  441139313  436148632  418345554  582402492  916906334 3327341089  220188161  157744750  176472094  179296373  150902249  143526778  152843087  170175870  115444397  109976657  112789300  106848777   97645085  120894551  108214840  104255121  183154389  193796683  186192878  187086057  183070345  189373588  180212635  188423452   Local timer interrupts
 RES:     133852      74668      69101      60635      51246      46566       9767      11536      77647      17023      14786      12721      11901      11479      11557      11582       7263      11568      10061       8974       8767       6964       7096       6492       9430       9163       8672       8477       9082       8736       8242       9000   Rescheduling interrupts
 CAL: 1435521504 1109320373 1137082324 1116443408 1001358715  946419532   99238759   37234826   37255644   28508166   25915267   23819477   22594930   21174133   21574245   22110626   21717103   17044735   16487477   16429364   16360582   16272712   15519102   15572611   29469198   30055090   31332357   32771967   33925414   35755968   35654229   35039900   Function call interrupts
 TLB:   41909937   45802299   46333076   46658685   46614705   45029388   34076766   34250543   28753184   28581582   27369428   25941101   24884003   23378224   23709294   24183044   22746649   19266319   18730537   18566792   18440003   18135786   15874525   15766652   31415332   31663626   32926122   34130884   35158307   36871298   36586174   35517026   TLB shootdowns
## cpuidle cpu estado tiempo_us entradas
cpu0 POLL 13955015 435198
cpu0 C1 2959459112 30329027
cpu0 C1E 25049113668 116084375
cpu0 C6 3900959383899 516694381
cpu1 POLL 5064013 139688
cpu1 C1 32131240 493443
cpu1 C1E 12600003514 74074012
cpu1 C6 3905169995373 151374492
cpu2 POLL 4527380 142564
cpu2 C1 47695273 533357
cpu2 C1E 11532548222 65178468
cpu2 C6 3921225921864 116511777
cpu3 POLL 4125954 112567
cpu3 C1 43786481 484226
cpu3 C1E 11377892623 59033157
cpu3 C6 3926597770917 110560404
cpu4 POLL 3847778 108667
cpu4 C1 50820524 498464
cpu4 C1E 11157455127 62761746
cpu4 C6 3951616418493 126374608
cpu5 POLL 4076420 118458
cpu5 C1 206357702 353747
cpu5 C1E 9944443879 64856297
cpu5 C6 3778779473666 89986924
cpu6 POLL 1112026881 135851831
cpu6 C1 14459704615 49279643
cpu6 C1E 163197725407 554965559
cpu6 C6 3782057456478 386840497
cpu7 POLL 29345760 742487
cpu7 C1 42809539 1946865
cpu7 C1E 424284348873 3171429486
cpu7 C6 3758527208613 87888629
cpu16 POLL 2077695 56874
cpu16 C1 77469887 196751
cpu16 C1E 7070413519 31259701
cpu16 C6 4259220408280 103243674
cpu17 POLL 1718404 47751
cpu17 C1 23712984 192183
cpu17 C1E 7098946401 28599249
cpu17 C6 4253559854341 88693507
cpu18 POLL 1435873 48029
cpu18 C1 27490329 198324
cpu18 C1E 6733175881 26022811
cpu18 C6 4248497059978 80225966
cpu19 POLL 1275035 43654
cpu19 C1 19435240 136707
cpu19 C1E 5921052843 19350558
cpu19 C6 4248347174780 111069254
cpu20 POLL 2156734 52911
cpu20 C1 14025260 167843
cpu20 C1E 6320219941 24973949
cpu20 C6 4263088913025 66222895
cpu21 POLL 2482474 57188
cpu21 C1 35790671 236965
cpu21 C1E 7329661458 32047961
cpu21 C6 4241827146347 66834697
cpu22 POLL 3789162 324476
cpu22 C1 108253192 249825
cpu22 C1E 7663793204 23046016
cpu22 C6 4252319348117 106559666
cpu23 POLL 3647389 225920
cpu23 C1 28256311 276221
cpu23 C1E 9523762796 34131459
cpu23 C6 4264950819602 80385417
## daemon hilo utime stime cpu
cpu_loop_main 10 3 8
cpu_loop_main 0 11 6
