## stat
cpu  1731823711 127832 73378942 34435625822 22047824 6640594 1776059 0 0 0
cpu0 17753535 2358 823638 328815378 214777 173505 699262 0 0 0
cpu1 33507443 221 1411033 313269144 307164 141427 96874 0 0 0
cpu2 19010187 4456 885170 328173476 364524 94776 205109 0 0 0
cpu3 31873410 226 1295054 315132729 281276 123426 47231 0 0 0
cpu4 38073944 213 1547665 308677656 283466 139254 25743 0 0 0
cpu5 32902947 223 1414231 313870933 409852 125026 25754 0 0 0
cpu6 30507223 3022 1254655 316574227 259349 113263 42674 0 0 0
cpu7 34961301 62 1378283 311852299 382867 123914 7995 0 0 0
cpu8 32116225 576 1291704 314991565 223638 117079 15680 0 0 0
cpu9 38918488 0 1513844 307946473 224130 138865 6858 0 0 0
cpu10 35461302 14 1476973 311337737 342848 127400 6778 0 0 0
cpu11 21964315 199 1013975 325388239 272805 88582 30338 0 0 0
cpu12 35750289 76 1594156 310919929 351306 131156 7025 0 0 0
cpu13 35044794 1714 1427140 311893520 229414 126214 6155 0 0 0
cpu14 36182097 30 1474122 310648345 311313 133106 6055 0 0 0
cpu15 19360036 1174 851535 328240628 237502 75240 5826 0 0 0
cpu16 31491431 13 1301285 315605996 111558 129402 105907 0 0 0
cpu17 22351583 282 883286 325222090 225359 78897 7196 0 0 0
cpu18 22945333 105 940873 324563518 201727 85133 23893 0 0 0
cpu19 24548874 69 1074888 322751956 294083 89848 5498 0 0 0
cpu20 17881269 849 837584 329692653 287085 68809 5216 0 0 0
cpu21 31096805 26 1210167 315967717 344213 117283 5825 0 0 0
cpu22 27428042 34 1214759 319697162 307722 103410 6334 0 0 0
cpu23 24722631 58 836124 322848461 262965 85885 6089 0 0 0
cpu24 26465267 73 1013210 320766262 405269 96773 6376 0 0 0
cpu25 23935090 762 1039555 323409654 275754 92437 6212 0 0 0
cpu26 14419198 9534 663636 333300123 314494 54146 6079 0 0 0
cpu27 30468576 5770 1271986 316618815 290995 104618 2897 0 0 0
cpu28 22808723 5017 1007519 324665238 197081 82627 2639 0 0 0
cpu29 26767221 753 1152445 320454328 298708 92902 2223 0 0 0
cpu30 21621005 213 1002716 325855694 214634 75546 2350 0 0 0
cpu31 31449446 59 1395545 315562150 234776 116259 2648 0 0 0
cpu32 29892817 45 1386595 317174624 198579 108714 2736 0 0 0
cpu33 34347930 1381 1335922 312698607 252248 120661 3077 0 0 0
cpu34 22610144 350 984326 324776280 312111 84799 2262 0 0 0
cpu35 23030710 1942 1056872 324300711 298524 81700 2107 0 0 0
cpu36 37157508 0 1718168 309441451 299809 135381 3287 0 0 0
cpu37 22350258 87 997638 325079448 260493 79907 2811 0 0 0
cpu38 27192735 293 1267651 320049071 152563 101109 2430 0 0 0
cpu39 26302671 148 1239293 320905433 218509 98220 2526 0 0 0
cpu40 18434517 1266 829496 329195915 244795 67692 2183 0 0 0
cpu41 28438644 498 1274591 318703000 239730 105106 2857 0 0 0
cpu42 26858702 2365 1220559 320463972 113629 102557 2401 0 0 0
cpu43 24775891 44 1102250 322543505 250501 94931 2031 0 0 0
cpu44 34570570 717 1551009 312168738 335906 127229 3170 0 0 0
cpu45 25913053 1863 1263952 321254791 234179 97857 2052 0 0 0
cpu46 20601750 25 927778 327001229 165137 76752 1729 0 0 0
cpu47 14719737 2 708364 333269264 25502 55123 1510 0 0 0
cpu48 21519258 11 928931 326041301 201072 79566 1825 0 0 0
cpu49 24994364 3417 958249 322589785 133159 88987 1880 0 0 0
cpu50 24842158 3220 1058046 322628325 139042 93086 2261 0 0 0
cpu51 26289034 8458 1099814 320982409 284312 98105 2541 0 0 0
cpu52 7936493 660 291653 340404369 92046 35576 10186 0 0 0
cpu53 1164794 151 63530 347449125 73668 15618 4565 0 0 0
cpu54 15498403 767 473621 332572829 144428 63830 10280 0 0 0
cpu55 1064042 665 60407 347488452 152342 10868 5402 0 0 0
cpu56 1882661 1304 95446 346706024 73991 15458 8092 0 0 0
cpu57 1981341 240 79816 346587879 98897 16859 13957 0 0 0
cpu58 2855834 1416 127340 345485377 276505 20343 4617 0 0 0
cpu59 968970 209 68496 347316374 127816 11525 9792 0 0 0
cpu60 3326182 67 114002 345181487 145354 13905 5328 0 0 0
cpu61 2860824 627 130063 345564866 213433 13756 3919 0 0 0
cpu62 5074909 153 112101 343265480 311732 17103 5371 0 0 0
cpu63 4193366 256 140821 344150108 211237 18184 73820 0 0 0
cpu64 4204396 1274 158739 344236571 115835 29128 34947 0 0 0
cpu65 3201697 113 128541 345216864 223838 14274 3994 0 0 0
cpu66 3415757 227 103115 345173266 81936 12883 3415 0 0 0
cpu67 3074259 2405 116104 345393298 179482 15451 4078 0 0 0
cpu68 3447038 93 135402 345107868 59918 20867 3728 0 0 0
cpu69 3706285 216 137178 344758955 163691 16379 5952 0 0 0
cpu70 785178 48 50679 347856019 63678 11532 10704 0 0 0
cpu71 6227658 830 186106 342155145 189326 22639 3982 0 0 0
cpu72 18699256 972 699723 328964093 339411 63997 5861 0 0 0
cpu73 7113984 26 213679 341253154 169319 28694 4921 0 0 0
cpu74 7209298 2561 213077 341090638 231345 26448 5377 0 0 0
cpu75 6031890 43 194868 342376914 150529 22727 5045 0 0 0
cpu76 5681951 43 228380 342732682 111590 24379 4004 0 0 0
cpu77 7335539 193 298021 340777967 330070 31243 6221 0 0 0
cpu78 10544608 4101 275101 337784888 146950 28905 1069 0 0 0
cpu79 6840585 7624 287773 341395670 230537 23982 1255 0 0 0
cpu80 5314197 8727 247992 343029875 164830 19799 1789 0 0 0
cpu81 7824913 4176 362096 340325765 238428 28374 1273 0 0 0
cpu82 6390163 842 313028 341882978 177289 22833 862 0 0 0
cpu83 7899574 980 324024 340307301 225701 27827 1084 0 0 0
cpu84 1865166 1470 87319 346691218 139987 7427 763 0 0 0
cpu85 697510 57 41080 347951755 62526 5082 2471 0 0 0
cpu86 7027976 147 301742 341290440 141401 25335 919 0 0 0
cpu87 7501098 1270 371588 340688355 194073 28160 986 0 0 0
cpu88 1421322 232 59370 346920225 160738 8105 5509 0 0 0
cpu89 8314527 708 325754 339964779 151703 27864 1176 0 0 0
cpu90 10458354 16 428140 337661449 198107 37066 1152 0 0 0
cpu91 8133762 20 396723 340084347 138747 30240 1183 0 0 0
cpu92 7939365 1673 354583 340316425 139476 28149 1976 0 0 0
cpu93 10179550 3293 483059 337734728 343969 37968 1121 0 0 0
cpu94 12101520 2640 446637 335929148 256324 42549 1370 0 0 0
cpu95 9373844 1421 442656 338741257 187293 35169 1420 0 0 0
cpu96 580416 2701 33307 348039504 97987 4619 2486 0 0 0
cpu97 9480062 1418 410682 338682002 175724 33379 1103 0 0 0
cpu98 8876067 2 386406 339378383 108438 32828 1090 0 0 0
cpu99 7655246 177 346290 340738375 19255 27059 932 0 0 0
cpu100 9440339 33 361427 338776338 173744 32882 986 0 0 0
cpu101 8948027 159 403775 339278511 118220 34705 1355 0 0 0
cpu102 9915684 1447 424081 338267265 138265 36330 1368 0 0 0
cpu103 9527297 2575 435090 338517026 264190 36545 1342 0 0 0
## interrupts
            CPU0       CPU1       CPU2       CPU3       CPU4       CPU5       CPU6       CPU7       CPU8       CPU9       CPU10      CPU11      CPU12      CPU13      CPU14      CPU15      CPU16      CPU17      CPU18      CPU19      CPU20      CPU21      CPU22      CPU23      CPU24      CPU25      CPU26      CPU27      CPU28      CPU29      CPU30      CPU31      CPU32      CPU33      CPU34      CPU35      CPU36      CPU37      CPU38      CPU39      CPU40      CPU41      CPU42      CPU43      CPU44      CPU45      CPU46      CPU47      CPU48      CPU49      CPU50      CPU51      CPU52      CPU53      CPU54      CPU55      CPU56      CPU57      CPU58      CPU59      CPU60      CPU61      CPU62      CPU63      CPU64      CPU65      CPU66      CPU67      CPU68      CPU69      CPU70      CPU71      CPU72      CPU73      CPU74      CPU75      CPU76      CPU77      CPU78      CPU79      CPU80      CPU81      CPU82      CPU83      CPU84      CPU85      CPU86      CPU87      CPU88      CPU89      CPU90      CPU91      CPU92      CPU93      CPU94      CPU95      CPU96      CPU97      CPU98      CPU99      CPU100     CPU101     CPU102     CPU103     
 LOC:  443492607  392491723  267030165  350890474  407841270  358434980  338228247  374203162  345086116  412349578  376904351  248614454  379311442  371151760  382106526  208209507  342879190  240879718  252913496  263987795  193959020  335827142  295469111  266725740  288491782  260696905  157619596  321728883  241639997  282785618  230123352  332293971  316550820  360672054  239323779  244175361  392692348  236918225  287857438  278985625  195809430  300463687  285607795  262949120  365007367  275061235  218387730  157504387  227522405  263153233  263759457  278068859   92188802   27195295  172339984   20771512   27726327   31415729   44488963   22156313   39463735   35507032   57722394   51850855   49659490   38397890   39409416   40054682   47929029   43588422   15155908   70604549  199426424   79290396   81888099   68817335   65439835   83652945  111465570   74421156   59151231   85410791   69699928   84964215   22857200   12362404   76087664   81582755   21761218   89251650  111676624   88271709   86694948  109753073  129796491  101745669   11514236  101783564   96081468   82955470  101276264   96901398  106558251  102772467   Local timer interrupts
 RES:       7695      15157      12559      13358       9566      11006      11748      11464       9338      13536       8317      12513      12746      12142      11933      10823      10966       7854      10219      11692      11389      11027      11919       9710      12291       7533        387        422        542        570        624        334        288       2238        471        242        920       1936        217        286        202        167        142        276        207        284        746        193        390        286        173        139       7144      10833      20486      12573       8187       9479      10892      10356       7868      12211       7877      11721      11892      11576      11064      10044      17732       8929       8691      11189      10421      10704      11852       9611      11241       7541        287        277        415        390        388        311       2370        329        438        400        496        408        441        473        351        296        293        447        369        410       1201        493        450        526        431        456   Rescheduling interrupts
 CAL:   93919332   13668934   25032666    7125667    3771028    4540835    6873980    2100864    3197176    1761160    1954664    4963497    1705582    1548377    1601344    1600691    1672519    1640391    3876254    1645219    1743719    1729393    1594306    1755403    1746728    1754146    2268622    2268348    2193839    2118479    1971177    1997319    1969251    1971620    1857727    1850381    1744884    1734173    1642220    1708912    1672750    1862152    1531461    1607305    1512856    1556930    1407709    1530175    1503615    1469893    1478003    1420633    1708299    1417634    1829524    1639060    1719103    1696436    1689382    1330662    1529318    1614522    1535027    1537658    1598883    1533229    1424574    1519454    1620728    1712763    1595982    1595846    1618978    1730584    1689428    1461109    1504553    1882808    1684559    1725408    1574450    1680215    1566668    1563590    1597633    1402406    1629484    1515697    1325939    1592151    1646075    1622237    1640706    1891982    1660242    1652156    1475470    1633223    1701938    1722646    1698915    1678773    1607885    1770364   Function call interrupts
 TLB:    2087917    2175684    1798700    1935606    1816028    1806769    1822052    1842268    1721286    1578289    1414428    1521014    1527781    1471889    1518907    1337842    1383428    1473578    1627542    1482183    1422855    1458474    1437311    1439265    1455900    1598504    1968329    1997415    2026781    1839950    1801453    1817147    1791890    1757715    1528108    1556170    1527257    1479144    1434131    1514321    1462067    1538877    1362618    1436221    1355145    1376175    1282286    1417047    1398878    1340392    1345269    1228120    1510551    1217916    1459001    1326328    1488160    1385297    1467995    1330017    1307844    1357234    1297083    1409883    1310339    1387736    1275824    1321866    1449045    1539601    1317880    1413776    1412067    1360045    1490047    1266736    1220079    1377315    1498550    1448486    1403928    1401382    1389795    1399948    1405120    1257010    1380434    1333911    1265023    1417109    1403087    1404809    1422785    1577464    1431561    1427128    1268278    1371857    1495458    1521008    1498558    1385823    1348025    1504925   TLB shootdowns
## cpuidle cpu estado tiempo_us entradas
cpu0 POLL 2647014 78598
cpu0 C1 1615921003 288548
cpu0 C1E 2143479472 4386809
cpu0 C6 3284808758147 347481011
cpu1 POLL 1205161 29984
cpu1 C1 963124600 306232
cpu1 C1E 1472893644 7001846
cpu1 C6 3133015118881 54746769
cpu2 POLL 1787569 86434
cpu2 C1 38135023371 546320
cpu2 C1E 1332005689 7236678
cpu2 C6 3245444635023 96100575
cpu3 POLL 825780 25834
cpu3 C1 3982727640 272701
cpu3 C1E 704605813 4705209
cpu3 C6 3149312236477 25898143
cpu4 POLL 629386 17826
cpu4 C1 891028932 252791
cpu4 C1E 557367007 4158962
cpu4 C6 3088066072423 18221820
cpu5 POLL 725291 22364
cpu5 C1 874070879 226287
cpu5 C1E 459415304 3233870
cpu5 C6 3141360277998 21296881
cpu6 POLL 447723 14213
cpu6 C1 1724706441 153281
cpu6 C1E 652379046 3292668
cpu6 C6 3165818367746 25043667
cpu7 POLL 623972 28759
cpu7 C1 1409009073 206514
cpu7 C1E 474341954 3474964
cpu7 C6 3120420427498 12584153
cpu16 POLL 1823265 38037
cpu16 C1 969632621 247559
cpu16 C1E 4741828419 33458180
cpu16 C6 3151120951479 87628478
cpu17 POLL 687822 19174
cpu17 C1 1341819223 176228
cpu17 C1E 1792426402 10420094
cpu17 C6 3251296738833 10986900
cpu18 POLL 793902 27342
cpu18 C1 83501957 182524
cpu18 C1E 1722636307 9862070
cpu18 C6 3245717004381 23650549
cpu19 POLL 722056 20189
cpu19 C1 2285461278 183810
cpu19 C1E 1469819593 8543926
cpu19 C6 3226671821308 9363200
cpu20 POLL 516031 16308
cpu20 C1 1544063326 153220
cpu20 C1E 701306897 4835724
cpu20 C6 3297511090117 9712288
cpu21 POLL 490691 13981
cpu21 C1 1238386647 133290
cpu21 C1E 724254947 4457022
cpu21 C6 3161070007308 16374362
cpu22 POLL 512740 16544
cpu22 C1 947096428 148691
cpu22 C1E 719857900 4421729
cpu22 C6 3198323476337 12587126
cpu23 POLL 545784 15189
cpu23 C1 1429273561 126659
cpu23 C1E 747452568 4378052
cpu23 C6 3228871883817 13568024
## daemon hilo utime stime cpu
