## stat
cpu  1731823662 127832 73378875 34434999148 22047820 6640530 1776047 0 0 0
cpu0 17753535 2358 823638 328809350 214777 173505 699262 0 0 0
cpu1 33507443 221 1411033 313263116 307164 141427 96874 0 0 0
cpu2 19010187 4456 885169 328167449 364524 94776 205109 0 0 0
cpu3 31873410 226 1295054 315126701 281276 123425 47231 0 0 0
cpu4 38073944 213 1547665 308671628 283466 139254 25743 0 0 0
cpu5 32902947 223 1414231 313864905 409852 125026 25754 0 0 0
cpu6 30507184 3022 1254610 316568388 259349 113206 42666 0 0 0
cpu7 34961301 62 1378283 311846271 382867 123914 7995 0 0 0
cpu8 32116225 576 1291704 314985537 223638 117079 15680 0 0 0
cpu9 38918488 0 1513844 307940445 224130 138865 6858 0 0 0
cpu10 35461302 14 1476973 311331708 342848 127400 6778 0 0 0
cpu11 21964315 199 1013975 325382210 272805 88582 30338 0 0 0
cpu12 35750289 76 1594156 310913901 351306 131156 7025 0 0 0
cpu13 35044794 1714 1427140 311887492 229414 126214 6155 0 0 0
cpu14 36182097 30 1474122 310642317 311313 133106 6055 0 0 0
cpu15 19360036 1174 851535 328234600 237502 75240 5825 0 0 0
cpu16 31491431 13 1301284 315599968 111558 129402 105907 0 0 0
cpu17 22351583 282 883286 325216062 225359 78897 7196 0 0 0
cpu18 22945330 105 940871 324557497 201727 85131 23893 0 0 0
cpu19 24548874 69 1074888 322745928 294083 89848 5498 0 0 0
cpu20 17881269 849 837584 329686625 287085 68809 5216 0 0 0
cpu21 31096805 26 1210167 315961689 344213 117283 5825 0 0 0
cpu22 27428042 34 1214759 319691134 307722 103410 6334 0 0 0
cpu23 24722631 58 836124 322842433 262965 85885 6089 0 0 0
cpu24 26465267 73 1013210 320760234 405269 96773 6376 0 0 0
cpu25 23935090 762 1039555 323403626 275754 92437 6212 0 0 0
cpu26 14419198 9534 663636 333294095 314494 54146 6079 0 0 0
cpu27 30468576 5770 1271986 316612788 290995 104618 2897 0 0 0
cpu28 22808723 5017 1007519 324659210 197081 82627 2639 0 0 0
cpu29 26767221 753 1152445 320448300 298708 92902 2223 0 0 0
cpu30 21621005 213 1002716 325849666 214634 75546 2350 0 0 0
cpu31 31449446 59 1395545 315556122 234776 116259 2648 0 0 0
cpu32 29892817 45 1386595 317168596 198579 108714 2736 0 0 0
cpu33 34347930 1381 1335922 312692579 252248 120661 3077 0 0 0
cpu34 22610144 350 984326 324770252 312111 84799 2262 0 0 0
cpu35 23030710 1942 1056872 324294683 298524 81700 2107 0 0 0
cpu36 37157508 0 1718168 309435422 299809 135381 3287 0 0 0
cpu37 22350258 87 997638 325073419 260493 79907 2811 0 0 0
cpu38 27192735 293 1267651 320043043 152563 101109 2430 0 0 0
cpu39 26302671 148 1239293 320899404 218509 98220 2526 0 0 0
cpu40 18434517 1266 829496 329189887 244795 67692 2183 0 0 0
cpu41 28438644 498 1274591 318696972 239730 105106 2857 0 0 0
cpu42 26858702 2365 1220559 320457944 113629 102557 2401 0 0 0
cpu43 24775891 44 1102250 322537477 250501 94931 2031 0 0 0
cpu44 34570570 717 1551009 312162710 335906 127229 3170 0 0 0
cpu45 25913053 1863 1263952 321248763 234179 97857 2052 0 0 0
cpu46 20601750 25 927777 326995203 165137 76752 1729 0 0 0
cpu47 14719737 2 708364 333263236 25502 55123 1510 0 0 0
cpu48 21519258 11 928931 326035273 201072 79566 1825 0 0 0
cpu49 24994364 3417 958249 322583757 133159 88987 1880 0 0 0
cpu50 24842158 3220 1058046 322622297 139042 93086 2261 0 0 0
cpu51 26289034 8458 1099814 320976381 284312 98105 2541 0 0 0
cpu52 7936493 660 291653 340398341 92046 35576 10186 0 0 0
cpu53 1164794 151 63530 347443097 73668 15618 4565 0 0 0
cpu54 15498400 767 473620 332566807 144428 63829 10280 0 0 0
cpu55 1064042 665 60407 347482423 152342 10868 5402 0 0 0
cpu56 1882661 1304 95446 346699996 73991 15458 8092 0 0 0
cpu57 1981341 240 79816 346581851 98897 16859 13957 0 0 0
cpu58 2855834 1416 127340 345479349 276505 20343 4617 0 0 0
cpu59 968970 209 68496 347310346 127816 11525 9792 0 0 0
cpu60 3326182 67 114002 345175458 145354 13905 5328 0 0 0
cpu61 2860824 627 130063 345558838 213433 13756 3919 0 0 0
cpu62 5074909 153 112101 343259452 311732 17103 5371 0 0 0
cpu63 4193366 256 140821 344144081 211237 18184 73819 0 0 0
cpu64 4204396 1274 158739 344230543 115835 29128 34947 0 0 0
cpu65 3201697 113 128541 345210836 223838 14274 3994 0 0 0
cpu66 3415757 227 103115 345167238 81936 12883 3415 0 0 0
cpu67 3074259 2405 116104 345387270 179482 15451 4078 0 0 0
cpu68 3447038 93 135402 345101840 59918 20867 3728 0 0 0
cpu69 3706285 216 137178 344752927 163691 16379 5952 0 0 0
cpu70 785178 48 50679 347849991 63678 11532 10704 0 0 0
cpu71 6227658 830 186106 342149117 189326 22639 3982 0 0 0
cpu72 18699256 972 699723 328958065 339411 63997 5861 0 0 0
cpu73 7113984 26 213679 341247125 169319 28694 4921 0 0 0
cpu74 7209298 2561 213077 341084610 231345 26448 5377 0 0 0
cpu75 6031890 43 194868 342370886 150529 22727 5045 0 0 0
cpu76 5681951 43 228380 342726654 111590 24379 4004 0 0 0
cpu77 7335539 193 298021 340771939 330070 31243 6221 0 0 0
cpu78 10544608 4101 275101 337778860 146950 28905 1069 0 0 0
cpu79 6840585 7624 287773 341389642 230537 23982 1255 0 0 0
cpu80 5314197 8727 247992 343023847 164830 19799 1789 0 0 0
cpu81 7824913 4176 362095 340319739 238428 28374 1273 0 0 0
cpu82 6390162 842 313026 341876953 177289 22833 862 0 0 0
cpu83 7899573 980 324022 340301277 225700 27827 1083 0 0 0
cpu84 1865166 1470 87317 346685193 139986 7427 763 0 0 0
cpu85 697510 57 41079 347945730 62526 5082 2471 0 0 0
cpu86 7027976 147 301740 341284415 141401 25335 919 0 0 0
cpu87 7501097 1270 371586 340682330 194073 28160 986 0 0 0
cpu88 1421322 232 59369 346914213 160738 8105 5508 0 0 0
cpu89 8314526 708 325753 339958753 151703 27864 1176 0 0 0
cpu90 10458354 16 428139 337655422 198107 37066 1151 0 0 0
cpu91 8133761 20 396721 340078321 138746 30240 1182 0 0 0
cpu92 7939364 1673 354583 340310398 139476 28149 1976 0 0 0
cpu93 10179550 3293 483059 337728700 343969 37968 1121 0 0 0
cpu94 12101520 2640 446636 335923120 256324 42549 1370 0 0 0
cpu95 9373844 1421 442656 338735229 187293 35169 1420 0 0 0
cpu96 580416 2701 33307 348033476 97987 4619 2486 0 0 0
cpu97 9480062 1418 410682 338675974 175724 33379 1103 0 0 0
cpu98 8876067 2 386406 339372355 108438 32828 1090 0 0 0
cpu99 7655246 177 346290 340732346 19255 27059 932 0 0 0
cpu100 9440339 33 361427 338770310 173744 32882 986 0 0 0
cpu101 8948027 159 403775 339272483 118220 34705 1355 0 0 0
cpu102 9915684 1447 424081 338261237 138265 36330 1368 0 0 0
cpu103 9527297 2575 435090 338510998 264190 36545 1342 0 0 0
## interrupts
            CPU0       CPU1       CPU2       CPU3       CPU4       CPU5       CPU6       CPU7       CPU8       CPU9       CPU10      CPU11      CPU12      CPU13      CPU14      CPU15      CPU16      CPU17      CPU18      CPU19      CPU20      CPU21      CPU22      CPU23      CPU24      CPU25      CPU26      CPU27      CPU28      CPU29      CPU30      CPU31      CPU32      CPU33      CPU34      CPU35      CPU36      CPU37      CPU38      CPU39      CPU40      CPU41      CPU42      CPU43      CPU44      CPU45      CPU46      CPU47      CPU48      CPU49      CPU50      CPU51      CPU52      CPU53      CPU54      CPU55      CPU56      CPU57      CPU58      CPU59      CPU60      CPU61      CPU62      CPU63      CPU64      CPU65      CPU66      CPU67      CPU68      CPU69      CPU70      CPU71      CPU72      CPU73      CPU74      CPU75      CPU76      CPU77      CPU78      CPU79      CPU80      CPU81      CPU82      CPU83      CPU84      CPU85      CPU86      CPU87      CPU88      CPU89      CPU90      CPU91      CPU92      CPU93      CPU94      CPU95      CPU96      CPU97      CPU98      CPU99      CPU100     CPU101     CPU102     CPU103     
 LOC:  443492489  392491693  267030031  350890442  407841240  358434950  338128879  374203132  345086086  412349548  376904320  248614408  379311361  371151727  382106496  208209388  342878855  240879659  252911832  263987765  193958987  335827112  295468970  266725709  288491752  260696875  157619487  321728748  241639939  282785588  230123260  332293941  316550790  360672024  239323748  244175331  392692318  236918195  287857407  278985595  195809368  300463657  285607765  262949072  365007337  275061206  218387562  157504358  227522375  263153203  263759427  278068829   92188680   27195265  172338349   20771482   27726297   31415699   44488913   22156280   39463704   35507000   57722364   51850736   49659460   38397858   39409359   40054652   47928970   43588350   15155794   70604498  199426394   79290366   81888069   68817305   65439805   83652915  111465532   74421126   59151200   85410430   69699617   84963938   22856890   12362123   76087356   81582439   21760783   89251438  111676443   88271480   86694795  109752921  129796424  101745639   11514161  101783534   96081438   82955440  101276234   96901368  106558221  102772437   Local timer interrupts
 RES:       7695      15157      12559      13358       9566      11006      11748      11464       9338      13536       8317      12513      12746      12142      11933      10823      10966       7854      10219      11692      11389      11027      11918       9710      12291       7533        387        422        542        570        624        334        288       2238        471        242        920       1936        217        286        202        167        142        276        207        284        746        193        390        286        173        139       7144      10833      20486      12573       8187       9479      10892      10356       7868      12211       7877      11721      11892      11576      11064      10044      17732       8929       8691      11189      10421      10704      11852       9611      11241       7541        287        277        415        390        388        311       2370        329        438        400        496        408        441        473        351        296        293        447        369        410       1201        493        450        526        431        456   Rescheduling interrupts
 CAL:   93919306   13668926   25032658    7125659    3771020    4540827    6873972    2100856    3197168    1761152    1954656    4963489    1705574    1548369    1601336    1600683    1672511    1640383    3876246    1645211    1743711    1729385    1594298    1755395    1746720    1754138    2268614    2268340    2193831    2118471    1971169    1997311    1969243    1971612    1857719    1850373    1744876    1734165    1642211    1708904    1672742    1862144    1531453    1607297    1512848    1556922    1407701    1530167    1503607    1469885    1477995    1420625    1708291    1417626    1829516    1639052    1719095    1696428    1689374    1330654    1529310    1614514    1535019    1537650    1598875    1533221    1424566    1519446    1620718    1712755    1595974    1595838    1618970    1730576    1689420    1461101    1504545    1882800    1684551    1725400    1574442    1680205    1566660    1563582    1597625    1402397    1629476    1515689    1325939    1592143    1646067    1622229    1640698    1891974    1660234    1652148    1475462    1633215    1701930    1722638    1698907    1678765    1607877    1770356   Function call interrupts
 TLB:    2087917    2175684    1798700    1935606    1816028    1806769    1822052    1842268    1721286    1578289    1414428    1521014    1527781    1471889    1518907    1337842    1383428    1473578    1627542    1482183    1422855    1458474    1437311    1439265    1455900    1598504    1968329    1997415    2026781    1839950    1801453    1817147    1791890    1757715    1528108    1556170    1527257    1479144    1434131    1514321    1462067    1538877    1362618    1436221    1355145    1376175    1282286    1417047    1398878    1340392    1345269    1228120    1510551    1217916    1459001    1326328    1488160    1385297    1467995    1330017    1307844    1357234    1297083    1409883    1310339    1387736    1275824    1321866    1449045    1539601    1317880    1413776    1412067    1360045    1490047    1266736    1220079    1377315    1498550    1448486    1403928    1401382    1389795    1399948    1405120    1257010    1380434    1333911    1265023    1417109    1403087    1404809    1422785    1577464    1431561    1427128    1268278    1371857    1495458    1521008    1498558    1385823    1348025    1504925   TLB shootdowns
## cpuidle cpu estado tiempo_us entradas
cpu0 POLL 2647014 78598
cpu0 C1 1615920873 288544
cpu0 C1E 2143479409 4386800
cpu0 C6 3284748483546 347480654
cpu1 POLL 1205161 29984
cpu1 C1 963124600 306232
cpu1 C1E 1472893297 7001831
cpu1 C6 3132956244470 54746742
cpu2 POLL 1787552 86431
cpu2 C1 38129366959 546306
cpu2 C1E 1332002543 7236663
cpu2 C6 3245389993608 96100193
cpu3 POLL 825780 25834
cpu3 C1 3982727640 272701
cpu3 C1E 704605604 4705198
cpu3 C6 3149252270949 25898064
cpu4 POLL 629386 17826
cpu4 C1 891028932 252791
cpu4 C1E 557366674 4158947
cpu4 C6 3088005081228 18221766
cpu5 POLL 725291 22364
cpu5 C1 874070879 226287
cpu5 C1E 459414964 3233855
cpu5 C6 3141300311062 21296826
cpu6 POLL 446104 14189
cpu6 C1 1724597145 153150
cpu6 C1E 635549302 3241147
cpu6 C6 3165777380995 24993892
cpu7 POLL 623972 28759
cpu7 C1 1409009073 206514
cpu7 C1E 474341590 3474949
cpu7 C6 3120359436443 12584095
cpu16 POLL 1823265 38037
cpu16 C1 969632602 247558
cpu16 C1E 4741793556 33458096
cpu16 C6 3151060705041 87628130
cpu17 POLL 687822 19174
cpu17 C1 1341819194 176227
cpu17 C1E 1792412005 10420040
cpu17 C6 3251233613342 10986667
cpu18 POLL 793828 27341
cpu18 C1 83501957 182524
cpu18 C1E 1722614303 9862001
cpu18 C6 3245656852159 23648869
cpu19 POLL 722056 20189
cpu19 C1 2285461278 183810
cpu19 C1E 1469819246 8543911
cpu19 C6 3226611821751 9363173
cpu20 POLL 516031 16308
cpu20 C1 1544063326 153220
cpu20 C1E 701306554 4835708
cpu20 C6 3297451059149 9712230
cpu21 POLL 490691 13981
cpu21 C1 1238386647 133290
cpu21 C1E 724254624 4457007
cpu21 C6 3161008056419 16374303
cpu22 POLL 512740 16544
cpu22 C1 947096417 148690
cpu22 C1E 719857718 4421719
cpu22 C6 3198263192247 12586899
cpu23 POLL 545784 15189
cpu23 C1 1429273561 126659
cpu23 C1E 747452226 4378037
cpu23 C6 3228810892863 13567969
## daemon hilo utime stime cpu
