## stat
cpu  506635804 220313 62950323 13290769445 1596792 3381410 813984 0 0 0
cpu0 36820452 37455 2630037 392924323 151021 271146 118501 0 0 0
cpu1 38547243 13577 2722954 391663943 148475 195140 36836 0 0 0
cpu2 37314801 5256 2504183 393201749 97569 190873 34311 0 0 0
cpu3 36946616 6187 2354876 393715312 102279 188070 31402 0 0 0
cpu4 34581039 9635 2228335 396215512 90045 182420 34539 0 0 0
cpu5 51713161 25654 2449917 378780650 118299 227791 41541 0 0 0
cpu6 12337963 2065 24829510 396048459 59093 146412 73391 0 0 0
cpu7 13321656 6850 900071 418359246 48449 265220 31802 0 0 0
cpu8 9817294 9950 1331458 421035163 50860 99640 69252 0 0 0
cpu9 9795957 4867 999315 422425797 42523 51321 21869 0 0 0
cpu10 11338699 6591 1077554 420861048 38347 56229 13366 0 0 0
cpu11 13215099 5285 1167342 418890857 44085 55445 27460 0 0 0
cpu12 10267312 669 928439 422108844 30716 51996 8037 0 0 0
cpu13 9832111 2186 949063 422531113 26351 49657 7653 0 0 0
cpu14 10298101 806 984324 421707676 49180 349442 7019 0 0 0
cpu15 11159232 1153 1293569 420833791 27582 62955 7458 0 0 0
cpu16 6074489 1932 610027 426576647 16068 52160 25985 0 0 0
cpu17 6603175 4854 669651 425999151 18223 50062 25715 0 0 0
cpu18 7063023 8264 751387 425456576 16671 50827 32785 0 0 0
cpu19 7008958 6245 809571 425390706 17893 82801 43425 0 0 0
cpu20 5529453 7364 904969 426868129 16199 41482 8516 0 0 0
cpu21 7695574 4845 747272 424840624 20310 49789 21025 0 0 0
cpu22 6637196 2448 739851 425924996 24151 30027 14703 0 0 0
cpu23 5141418 9625 801401 427363343 23748 31321 14886 0 0 0
cpu24 12487955 4116 911809 419875574 31287 65308 14603 0 0 0
cpu25 14433714 6367 891767 417944293 45262 65820 6736 0 0 0
cpu26 13301146 9770 957684 419014354 37335 72965 6529 0 0 0
cpu27 13606689 1251 975119 418708385 40867 63014 6532 0 0 0
cpu28 13257676 3180 910324 419107606 39071 69573 6542 0 0 0
cpu29 13680867 4685 972835 418611576 41305 71637 7429 0 0 0
cpu30 13063218 5866 909679 419292391 41185 70069 6899 0 0 0
cpu31 13744500 1302 1036013 418491594 42324 70783 7220 0 0 0
## interrupts
            CPU0       CPU1       CPU2       CPU3       CPU4       CPU5       CPU6       CPU7       CPU8       CPU9       CPU10      CPU11      CPU12      CPU13      CPU14      CPU15      CPU16      CPU17      CPU18      CPU19      CPU20      CPU21      CPU22      CPU23      CPU24      CPU25      CPU26      CPU27      CPU28      CPU29      CPU30      CPU31      
 LOC:  508707310  469988822  440558994  435543540  417772879  581810274  915821692 3325727027  220085793  157488214  176253886  179187121  150816884  143402589  152756315  170136666  115416656  109842705  112776440  106529309   97625035  120881161  108101625  104122554  183144636  193777769  186187899  186883952  182945196  189154801  180105030  188187080   Local timer interrupts
 RES:     133733      74481      68936      60486      51129      46417       9763      11531      77621      16928      14715      12635      11792      11459      11494      11460       7254      11481      10055       8968       8732       6889       7082       6461       9410       9141       8621       8405       9024       8710       8122       8949   Rescheduling interrupts
 CAL: 1432277949 1106072391 1133842703 1113207798  998120613  943194877   99183357   37187719   37247410   28507596   25914898   23819103   22594563   21173764   21573795   22110251   21716696   17044274   16487145   16428955   16360210   16272309   15518689   15572187   29468868   30054702   31331997   32771613   33925027   35755580   35653768   35039538   Function call interrupts
 TLB:   41887325   45781425   46310680   46637857   46594537   45010432   34076733   34250536   28753184   28581581   27369424   25941101   24884003   23378205   23709292   24183044   22746649   19266319   18730537   18566792   18440003   18135786   15874504   15766635   31415332   31663626   32926122   34130884   35158288   36871259   36586172   35517026   TLB shootdowns
## cpuidle cpu estado tiempo_us entradas
cpu0 POLL 13954296 435186
cpu0 C1 2957975482 30328977
cpu0 C1E 25043960767 116074563
cpu0 C6 3900481173938 516649957
cpu1 POLL 5063807 139684
cpu1 C1 32128963 493421
cpu1 C1E 12593575422 74051556
cpu1 C6 3904691538608 151355790
cpu2 POLL 4526960 142557
cpu2 C1 47694475 533331
cpu2 C1E 11527370597 65167266
cpu2 C6 3920744504048 116497385
cpu3 POLL 4124720 112546
cpu3 C1 43780540 484095
cpu3 C1E 11369359581 58993080
cpu3 C6 3926119396999 110525533
cpu4 POLL 3847650 108665
cpu4 C1 50817615 498452
cpu4 C1E 11154719304 62757925
cpu4 C6 3951132291764 126361222
cpu5 POLL 4075573 118442
cpu5 C1 206354905 353716
cpu5 C1E 9939101343 64830713
cpu5 C6 3778296434525 89976296
cpu6 POLL 1111563519 135844559
cpu6 C1 14458651095 49260350
cpu6 C1E 162806861994 554191448
cpu6 C6 3781432574876 386345940
cpu7 POLL 29335993 742332
cpu7 C1 42802047 1945832
cpu7 C1E 424074632169 3169903912
cpu7 C6 3757693810754 87617928
cpu16 POLL 2076736 56838
cpu16 C1 77464206 196690
cpu16 C1E 7064930075 31244110
cpu16 C6 4258173153059 103210591
cpu17 POLL 1716021 47705
cpu17 C1 23708589 192041
cpu17 C1E 7076866928 28464137
cpu17 C6 4252530455731 88656734
cpu18 POLL 1435655 48024
cpu18 C1 27483447 198305
cpu18 C1E 6730192766 26016854
cpu18 C6 4247447219258 80210423
cpu19 POLL 1269183 43563
cpu19 C1 19411477 136485
cpu19 C1E 5875506697 19054785
cpu19 C6 4247343387535 111037823
cpu20 POLL 2155662 52893
cpu20 C1 14017640 167809
cpu20 C1E 6313745001 24961522
cpu20 C6 4262042644892 66202608
cpu21 POLL 2482042 57178
cpu21 C1 35790458 236944
cpu21 C1E 7323464669 32037704
cpu21 C6 4240780414870 66818070
cpu22 POLL 3787624 324446
cpu22 C1 108249513 249754
cpu22 C1E 7646190644 22943454
cpu22 C6 4251285199041 106351641
cpu23 POLL 3644401 225870
cpu23 C1 28253450 276034
cpu23 C1E 9502743962 34013589
cpu23 C6 4263919969207 80265969
## daemon hilo utime stime cpu
