## stat
cpu  506623733 220313 62950254 13290701334 1596785 3381381 813970 0 0 0
cpu0 36818447 37455 2630032 392923829 151020 271142 118501 0 0 0
cpu1 38545237 13577 2722949 391663449 148475 195136 36836 0 0 0
cpu2 37312803 5256 2504166 393201260 97568 190869 34311 0 0 0
cpu3 36944567 6187 2354870 393714863 102279 188065 31401 0 0 0
cpu4 34579027 9635 2228325 396215029 90044 182416 34539 0 0 0
cpu5 51711165 25654 2449904 378780154 118299 227787 41541 0 0 0
cpu6 12337963 2065 24829510 396045967 59093 146410 73380 0 0 0
cpu7 13321655 6850 900068 418356742 48448 265220 31801 0 0 0
cpu8 9817293 9950 1331457 421032661 50860 99639 69252 0 0 0
cpu9 9795957 4867 999315 422423289 42523 51321 21868 0 0 0
cpu10 11338699 6591 1077554 420858538 38347 56229 13366 0 0 0
cpu11 13215099 5285 1167342 418888349 44085 55445 27460 0 0 0
cpu12 10267312 669 928439 422106335 30716 51996 8037 0 0 0
cpu13 9832109 2186 949062 422528607 26351 49656 7653 0 0 0
cpu14 10298100 806 984323 421705169 49180 349442 7019 0 0 0
cpu15 11159232 1153 1293568 420831282 27582 62955 7458 0 0 0
cpu16 6074489 1932 610027 426574138 16068 52160 25985 0 0 0
cpu17 6603175 4854 669651 425996641 18223 50062 25715 0 0 0
cpu18 7063023 8264 751387 425454066 16671 50827 32785 0 0 0
cpu19 7008958 6245 809571 425388196 17893 82801 43425 0 0 0
cpu20 5529453 7364 904968 426865621 16199 41482 8516 0 0 0
cpu21 7695574 4845 747272 424838114 20310 49789 21025 0 0 0
cpu22 6637196 2448 739848 425922490 24151 30027 14702 0 0 0
cpu23 5141418 9625 801401 427360833 23748 31321 14886 0 0 0
cpu24 12487955 4116 911809 419873064 31287 65308 14603 0 0 0
cpu25 14433714 6367 891767 417941783 45262 65820 6736 0 0 0
cpu26 13301146 9770 957683 419011846 37335 72964 6529 0 0 0
cpu27 13606689 1251 975119 418705875 40867 63014 6532 0 0 0
cpu28 13257676 3180 910324 419105096 39071 69573 6542 0 0 0
cpu29 13680867 4685 972835 418609066 41305 71637 7429 0 0 0
cpu30 13063218 5866 909679 419289882 41185 70069 6899 0 0 0
cpu31 13744500 1302 1036013 418489084 42324 70783 7220 0 0 0
## interrupts
            CPU0       CPU1       CPU2       CPU3       CPU4       CPU5       CPU6       CPU7       CPU8       CPU9       CPU10      CPU11      CPU12      CPU13      CPU14      CPU15      CPU16      CPU17      CPU18      CPU19      CPU20      CPU21      CPU22      CPU23      CPU24      CPU25      CPU26      CPU27      CPU28      CPU29      CPU30      CPU31      
 LOC:  508686868  469968376  440538501  435522538  417752256  581789785  915811133 3325726246  220085574  157488108  176253827  179186981  150816792  143401828  152755577  170136576  115416417  109842690  112776431  106529301   97624847  120881154  108101226  104122487  183144623  193777761  186187811  186883945  182945189  189154747  180104970  188187073   Local timer interrupts
 RES:     133730      74477      68932      60471      51128      46413       9763      11531      77621      16928      14715      12635      11792      11458      11493      11445       7254      11481      10055       8968       8732       6889       7082       6461       9410       9141       8621       8405       9024       8710       8122       8949   Rescheduling interrupts
 CAL: 1432277032 1106071566 1133841922 1113207129  998119885  943194273   99177317   37187715   37247410   28507592   25914894   23819097   22594559   21173752   21573755   22110244   21716692   17044270   16487141   16428951   16360206   16272305   15518682   15572182   29468864   30054698   31331993   32771609   33925023   35755576   35653764   35039534   Function call interrupts
 TLB:   41886448   45780604   46309903   46637197   46593813   45009841   34076733   34250536   28753184   28581581   27369424   25941101   24884003   23378205   23709292   24183044   22746649   19266319   18730537   18566792   18440003   18135786   15874504   15766635   31415332   31663626   32926122   34130884   35158288   36871259   36586172   35517026   TLB shootdowns
## cpuidle cpu estado tiempo_us entradas
cpu0 POLL 13954296 435186
cpu0 C1 2957975482 30328977
cpu0 C1E 25043849809 116074384
cpu0 C6 3900476331592 516649417
cpu1 POLL 5063807 139684
cpu1 C1 32128916 493420
cpu1 C1E 12593457869 74051407
cpu1 C6 3904686706585 151355456
cpu2 POLL 4526960 142557
cpu2 C1 47694435 533330
cpu2 C1E 11527226593 65167060
cpu2 C6 3920739744428 116497100
cpu3 POLL 4124714 112545
cpu3 C1 43780512 484091
cpu3 C1E 11369038982 58992096
cpu3 C6 3926115218590 110525331
cpu4 POLL 3847650 108665
cpu4 C1 50817595 498451
cpu4 C1E 11154560211 62757670
cpu4 C6 3951127623993 126360800
cpu5 POLL 4075556 118441
cpu5 C1 206354888 353715
cpu5 C1E 9938926894 64830461
cpu5 C6 3778291668342 89975972
cpu6 POLL 1111563519 135844559
cpu6 C1 14458651095 49260350
cpu6 C1E 162806851763 554191435
cpu6 C6 3781407730434 386316481
cpu7 POLL 29335993 742332
cpu7 C1 42801986 1945830
cpu7 C1E 424074563669 3169903830
cpu7 C6 3757668805400 87616854
cpu16 POLL 2076736 56838
cpu16 C1 77464190 196688
cpu16 C1E 7064789474 31243872
cpu16 C6 4258148199687 103210068
cpu17 POLL 1716021 47705
cpu17 C1 23708589 192041
cpu17 C1E 7076865946 28464130
cpu17 C6 4252505357967 88656300
cpu18 POLL 1435655 48024
cpu18 C1 27483447 198305
cpu18 C1E 6730191306 26016850
cpu18 C6 4247422121063 80210259
cpu19 POLL 1269183 43563
cpu19 C1 19411477 136485
cpu19 C1E 5875506697 19054785
cpu19 C6 4247318302548 111037719
cpu20 POLL 2155662 52893
cpu20 C1 14017640 167809
cpu20 C1E 6313745001 24961522
cpu20 C6 4262017546663 66202403
cpu21 POLL 2482042 57178
cpu21 C1 35790458 236944
cpu21 C1E 7323464669 32037704
cpu21 C6 4240755315891 66817959
cpu22 POLL 3787624 324446
cpu22 C1 108249472 249753
cpu22 C1E 7646065889 22943262
cpu22 C6 4251260309181 106340853
cpu23 POLL 3644401 225870
cpu23 C1 28253450 276034
cpu23 C1E 9502586470 34013350
cpu23 C6 4263895034012 80265126
## daemon hilo utime stime cpu
