## stat
cpu  506648085 220479 62950558 13290898043 1596822 3381525 814013 0 0 0
cpu0 36822456 37455 2630050 392926718 151022 271158 118502 0 0 0
cpu1 38549241 13577 2722968 391666343 148477 195151 36837 0 0 0
cpu2 37316845 5256 2504191 393204109 97570 190885 34312 0 0 0
cpu3 36948624 6201 2354885 393717692 102279 188081 31403 0 0 0
cpu4 34583035 9635 2228352 396217910 90046 182431 34540 0 0 0
cpu5 51715172 25654 2449923 378783046 118300 227802 41542 0 0 0
cpu6 12337970 2065 24829558 396052700 59093 146422 73393 0 0 0
cpu7 13321705 6850 900078 418363599 48450 265228 31811 0 0 0
cpu8 9817310 9950 1331468 421039541 50862 99644 69255 0 0 0
cpu9 9796075 4867 999349 422430041 42533 51336 21871 0 0 0
cpu10 11338699 6591 1077555 420865471 38347 56229 13366 0 0 0
cpu11 13215110 5285 1167352 418895253 44086 55448 27461 0 0 0
cpu12 10267316 669 928446 422113256 30718 51997 8038 0 0 0
cpu13 9832114 2338 949084 422535356 26354 49658 7654 0 0 0
cpu14 10298102 806 984324 421712099 49181 349442 7019 0 0 0
cpu15 11159234 1153 1293573 420838209 27582 62955 7458 0 0 0
cpu16 6074489 1932 610028 426581067 16069 52161 25986 0 0 0
cpu17 6603175 4854 669651 426003575 18223 50062 25716 0 0 0
cpu18 7063023 8264 751388 425461000 16671 50827 32785 0 0 0
cpu19 7008958 6245 809571 425395130 17893 82801 43425 0 0 0
cpu20 5529454 7364 904971 426872551 16200 41482 8516 0 0 0
cpu21 7695576 4845 747273 424845044 20311 49789 21026 0 0 0
cpu22 6637196 2448 739854 425929415 24152 30027 14703 0 0 0
cpu23 5141418 9625 801402 427367765 23748 31322 14886 0 0 0
cpu24 12487955 4116 911810 419879999 31287 65308 14603 0 0 0
cpu25 14433714 6367 891767 417948717 45262 65820 6736 0 0 0
cpu26 13301148 9770 957693 419018765 37338 72965 6530 0 0 0
cpu27 13606692 1251 975123 418712801 40868 63014 6532 0 0 0
cpu28 13257676 3180 910324 419112030 39071 69573 6542 0 0 0
cpu29 13680867 4685 972837 418615998 41305 71637 7429 0 0 0
cpu30 13063221 5866 909682 419296808 41186 70070 6899 0 0 0
cpu31 13744500 1302 1036013 418496019 42324 70783 7220 0 0 0
## interrupts
            CPU0       CPU1       CPU2       CPU3       CPU4       CPU5       CPU6       CPU7       CPU8       CPU9       CPU10      CPU11      CPU12      CPU13      CPU14      CPU15      CPU16      CPU17      CPU18      CPU19      CPU20      CPU21      CPU22      CPU23      CPU24      CPU25      CPU26      CPU27      CPU28      CPU29      CPU30      CPU31      
 LOC:  508729634  470010028  440580102  435564757  417793728  581830895  915886659 3325773407  220092721  157517639  176254108  179193341  150817858  143405901  152756583  170137663  115418102  109842748  112776522  106529354   97625291  120881477  108102346  104124250  183144733  193777884  186188753  186885255  182945209  189155135  180106661  188187094   Local timer interrupts
 RES:     133736      74485      68940      60521      51135      46420       9763      11531      77622      16928      14715      12635      11792      11459      11494      11521       7255      11481      10055       8968       8732       6890       7082       6461       9410       9141       8622       8405       9024       8710       8122       8949   Rescheduling interrupts
 CAL: 1432460766 1106254869 1134028774 1113390722  998303008  943377318   99183375   37192983   37247769   28507629   25914913   23819122   22594583   21173812   21573821   22110283   21716719   17044289   16487165   16428972   16360225   16272324   15518708   15572203   29468883   30054717   31332023   32771628   33925042   35755595   35653824   35039553   Function call interrupts
 TLB:   41888203   45782323   46311445   46638723   46595374   45010678   34076734   34250536   28753184   28581582   27369424   25941101   24884003   23378208   23709293   24183044   22746649   19266319   18730537   18566792   18440003   18135786   15874504   15766635   31415332   31663626   32926122   34130884   35158288   36871259   36586172   35517026   TLB shootdowns
## cpuidle cpu estado tiempo_us entradas
cpu0 POLL 13954494 435189
cpu0 C1 2957975493 30328978
cpu0 C1E 25044533114 116075917
cpu0 C6 3900504532947 516652888
cpu1 POLL 5063807 139684
cpu1 C1 32128963 493421
cpu1 C1E 12593854838 74051925
cpu1 C6 3904715262342 151357455
cpu2 POLL 4526960 142557
cpu2 C1 47694612 533335
cpu2 C1E 11527610710 65167688
cpu2 C6 3920767863209 116497966
cpu3 POLL 4124915 112549
cpu3 C1 43782215 484120
cpu3 C1E 11369885330 58995374
cpu3 C6 3926142649804 110527360
cpu4 POLL 3847650 108665
cpu4 C1 50817615 498452
cpu4 C1E 11154967211 62758253
cpu4 C6 3951156040784 126361959
cpu5 POLL 4075638 118443
cpu5 C1 206354985 353718
cpu5 C1E 9939249180 64830906
cpu5 C6 3778320256455 89976800
cpu6 POLL 1111575797 135844753
cpu6 C1 14458779925 49262123
cpu6 C1E 162837296139 554253825
cpu6 C6 3781444328630 386346494
cpu7 POLL 29335993 742332
cpu7 C1 42802349 1945855
cpu7 C1E 424081340859 3169935999
cpu7 C6 3757730508029 87651071
cpu16 POLL 2076806 56840
cpu16 C1 77464243 196695
cpu16 C1E 7065292077 31244704
cpu16 C6 4258216960756 103214023
cpu17 POLL 1716021 47705
cpu17 C1 23708611 192043
cpu17 C1E 7076881117 28464229
cpu17 C6 4252574652970 88658815
cpu18 POLL 1435655 48024
cpu18 C1 27485072 198307
cpu18 C1E 6730227229 26016960
cpu18 C6 4247491416473 80210747
cpu19 POLL 1269183 43563
cpu19 C1 19411477 136485
cpu19 C1E 5875522442 19054862
cpu19 C6 4247387602091 111038737
cpu20 POLL 2155723 52894
cpu20 C1 14020384 167814
cpu20 C1E 6313939361 24961826
cpu20 C6 4262086641481 66203298
cpu21 POLL 2482042 57178
cpu21 C1 35790458 236944
cpu21 C1E 7323608471 32037914
cpu21 C6 4240824443653 66818819
cpu22 POLL 3787624 324446
cpu22 C1 108249518 249755
cpu22 C1E 7646337572 22943797
cpu22 C6 4251329250249 106352990
cpu23 POLL 3644401 225870
cpu23 C1 28253460 276035
cpu23 C1E 9502986617 34013982
cpu23 C6 4263963849693 80283810
## daemon hilo utime stime cpu
cpu_loop_main 6 2 7
cpu_loop_main 1 0 6
