## stat
cpu  506660153 220658 62950633 13290966138 1596839 3381621 814024 0 0 0
cpu0 36824454 37455 2630060 392927220 151024 271169 118502 0 0 0
cpu1 38551280 13577 2722983 391666802 148477 195163 36837 0 0 0
cpu2 37318848 5256 2504200 393204608 97572 190896 34312 0 0 0
cpu3 36950637 6201 2354896 393718179 102280 188092 31404 0 0 0
cpu4 34585043 9635 2228359 396218407 90047 182443 34540 0 0 0
cpu5 51717173 25654 2449930 378783549 118301 227814 41542 0 0 0
cpu6 12337970 2065 24829559 396055063 59093 146428 73394 0 0 0
cpu7 13321706 6850 900079 418366028 48459 265243 31813 0 0 0
cpu8 9817310 10098 1331474 421041885 50863 99649 69260 0 0 0
cpu9 9796075 4867 999349 422432564 42533 51336 21872 0 0 0
cpu10 11338699 6591 1077555 420867995 38347 56229 13366 0 0 0
cpu11 13215110 5285 1167352 418897776 44086 55448 27462 0 0 0
cpu12 10267316 669 928446 422115780 30718 51997 8038 0 0 0
cpu13 9832114 2370 949087 422537845 26354 49658 7654 0 0 0
cpu14 10298103 806 984324 421714620 49181 349443 7019 0 0 0
cpu15 11159234 1153 1293573 420840734 27582 62955 7458 0 0 0
cpu16 6074489 1932 610028 426583591 16069 52161 25986 0 0 0
cpu17 6603175 4854 669651 426006099 18223 50062 25716 0 0 0
cpu18 7063023 8264 751388 425463525 16671 50827 32785 0 0 0
cpu19 7008958 6245 809571 425397654 17893 82802 43426 0 0 0
cpu20 5529454 7364 904971 426875075 16200 41482 8516 0 0 0
cpu21 7695576 4845 747273 424847568 20311 49789 21026 0 0 0
cpu22 6637196 2448 739854 425931939 24152 30027 14703 0 0 0
cpu23 5141418 9625 801403 427370288 23748 31322 14886 0 0 0
cpu24 12487955 4116 911810 419882523 31287 65308 14603 0 0 0
cpu25 14433714 6367 891767 417951241 45262 65820 6736 0 0 0
cpu26 13301148 9770 957693 419021289 37338 72965 6530 0 0 0
cpu27 13606693 1251 975123 418715322 40868 63015 6533 0 0 0
cpu28 13257676 3180 910325 419114554 39071 69573 6542 0 0 0
cpu29 13680867 4685 972837 418618522 41305 71637 7429 0 0 0
cpu30 13063222 5866 909682 419299332 41186 70070 6899 0 0 0
cpu31 13744500 1302 1036013 418498543 42324 70783 7220 0 0 0
## interrupts
            CPU0       CPU1       CPU2       CPU3       CPU4       CPU5       CPU6       CPU7       CPU8       CPU9       CPU10      CPU11      CPU12      CPU13      CPU14      CPU15      CPU16      CPU17      CPU18      CPU19      CPU20      CPU21      CPU22      CPU23      CPU24      CPU25      CPU26      CPU27      CPU28      CPU29      CPU30      CPU31      
 LOC:  508750428  470031043  440600668  435585478  417814145  581851401  915937152 3325951320  220101282  157518159  176254162  179193491  150817864  143406404  152757322  170137669  115418284  109842755  112776528  106529372   97625718  120881649  108102463  104124810  183144750  193777982  186189012  186885991  182945397  189155258  180106787  188187111   Local timer interrupts
 RES:     133740      74489      68942      60532      51154      46424       9763      11532      77622      16928      14715      12635      11792      11459      11494      11521       7255      11481      10055       8968       8732       6890       7082       6461       9410       9141       8622       8406       9029       8710       8122       8949   Rescheduling interrupts
 CAL: 1432643203 1106440973 1134211303 1113574179  998486001  943559404   99183380   37193848   37248868   28507798   25914917   23819127   22594587   21173824   21573849   22110287   21716723   17044293   16487169   16428976   16360229   16272346   15518714   15572208   29468887   30054721   31332029   32771637   33925047   35755607   35653832   35039557   Function call interrupts
 TLB:   41889094   45783145   46312303   46639215   46595958   45011486   34076734   34250536   28753184   28581582   27369424   25941101   24884003   23378217   23709293   24183044   22746649   19266319   18730537   18566792   18440003   18135786   15874504   15766635   31415332   31663626   32926122   34130884   35158288   36871259   36586174   35517026   TLB shootdowns
## cpuidle cpu estado tiempo_us entradas
cpu0 POLL 13954494 435189
cpu0 C1 2957975512 30328979
cpu0 C1E 25044695205 116076145
cpu0 C6 3900509409885 516654141
cpu1 POLL 5063807 139684
cpu1 C1 32128991 493422
cpu1 C1E 12594042065 74052200
cpu1 C6 3904719660846 151357791
cpu2 POLL 4526960 142557
cpu2 C1 47694612 533335
cpu2 C1E 11527774033 65167906
cpu2 C6 3920772697958 116498324
cpu3 POLL 4124915 112549
cpu3 C1 43782224 484122
cpu3 C1E 11370129445 58996146
cpu3 C6 3926147290923 110527557
cpu4 POLL 3847650 108665
cpu4 C1 50817615 498452
cpu4 C1E 11155021290 62758329
cpu4 C6 3951160845494 126362290
cpu5 POLL 4075638 118443
cpu5 C1 206354985 353718
cpu5 C1E 9939390798 64831109
cpu5 C6 3778325173329 89977141
cpu6 POLL 1111575797 135844753
cpu6 C1 14458779931 49262124
cpu6 C1E 162860824294 554304282
cpu6 C6 3781444393575 386346629
cpu7 POLL 29336056 742333
cpu7 C1 42802498 1945884
cpu7 C1E 424105551828 3170113970
cpu7 C6 3757730532496 87651097
cpu16 POLL 2076806 56840
cpu16 C1 77464243 196695
cpu16 C1E 7065302538 31244722
cpu16 C6 4258242197993 103214667
cpu17 POLL 1716021 47705
cpu17 C1 23708611 192043
cpu17 C1E 7076881117 28464229
cpu17 C6 4252599896942 88659657
cpu18 POLL 1435655 48024
cpu18 C1 27485072 198307
cpu18 C1E 6730227229 26016960
cpu18 C6 4247516667543 80210894
cpu19 POLL 1269212 43564
cpu19 C1 19411477 136485
cpu19 C1E 5875533506 19054945
cpu19 C6 4247412857195 111038997
cpu20 POLL 2155723 52894
cpu20 C1 14020399 167816
cpu20 C1E 6314008018 24961923
cpu20 C6 4262111797708 66203691
cpu21 POLL 2482042 57178
cpu21 C1 35790458 236944
cpu21 C1E 7323724225 32038102
cpu21 C6 4240849576992 66819274
cpu22 POLL 3787624 324446
cpu22 C1 108249518 249755
cpu22 C1E 7646348401 22943818
cpu22 C6 4251354186533 106353165
cpu23 POLL 3644401 225870
cpu23 C1 28253460 276035
cpu23 C1E 9503012036 34014040
cpu23 C6 4263989087297 80284645
## daemon hilo utime stime cpu
cpu_loop_main 45 13 7
cpu_loop_main 1 148 6
