## stat
cpu  506635825 220313 62950357 13290799659 1596798 3381417 813988 0 0 0
cpu0 36820452 37455 2630037 392925269 151021 271146 118501 0 0 0
cpu1 38547244 13577 2722957 391664886 148476 195140 36836 0 0 0
cpu2 37314801 5256 2504185 393202692 97570 190873 34311 0 0 0
cpu3 36946616 6187 2354878 393716257 102279 188070 31402 0 0 0
cpu4 34581040 9635 2228339 396216454 90046 182420 34540 0 0 0
cpu5 51713162 25654 2449919 378781594 118299 227791 41541 0 0 0
cpu6 12337964 2065 24829511 396049397 59093 146414 73392 0 0 0
cpu7 13321656 6850 900071 418360192 48449 265220 31802 0 0 0
cpu8 9817294 9950 1331459 421036107 50860 99640 69253 0 0 0
cpu9 9795959 4867 999320 422426736 42523 51321 21869 0 0 0
cpu10 11338699 6591 1077555 420861993 38347 56229 13366 0 0 0
cpu11 13215109 5285 1167348 418891783 44085 55448 27461 0 0 0
cpu12 10267314 669 928441 422109787 30717 51997 8037 0 0 0
cpu13 9832113 2186 949065 422532056 26351 49657 7653 0 0 0
cpu14 10298102 806 984324 421708622 49181 349442 7019 0 0 0
cpu15 11159233 1153 1293569 420834737 27582 62955 7458 0 0 0
cpu16 6074489 1932 610028 426577593 16068 52160 25985 0 0 0
cpu17 6603175 4854 669651 426000097 18223 50062 25715 0 0 0
cpu18 7063023 8264 751388 425457523 16671 50827 32785 0 0 0
cpu19 7008958 6245 809571 425391653 17893 82801 43425 0 0 0
cpu20 5529453 7364 904969 426869075 16199 41482 8516 0 0 0
cpu21 7695574 4845 747272 424841571 20310 49789 21025 0 0 0
cpu22 6637196 2448 739854 425925938 24152 30027 14703 0 0 0
cpu23 5141418 9625 801401 427364289 23748 31321 14886 0 0 0
cpu24 12487955 4116 911809 419876521 31287 65308 14603 0 0 0
cpu25 14433714 6367 891767 417945240 45262 65820 6736 0 0 0
cpu26 13301146 9770 957684 419015301 37335 72965 6529 0 0 0
cpu27 13606690 1251 975120 418709330 40868 63014 6532 0 0 0
cpu28 13257676 3180 910324 419108553 39071 69573 6542 0 0 0
cpu29 13680867 4685 972836 418612522 41305 71637 7429 0 0 0
cpu30 13063219 5866 909679 419293337 41185 70069 6899 0 0 0
cpu31 13744500 1302 1036013 418492541 42324 70783 7220 0 0 0
## interrupts
            CPU0       CPU1       CPU2       CPU3       CPU4       CPU5       CPU6       CPU7       CPU8       CPU9       CPU10      CPU11      CPU12      CPU13      CPU14      CPU15      CPU16      CPU17      CPU18      CPU19      CPU20      CPU21      CPU22      CPU23      CPU24      CPU25      CPU26      CPU27      CPU28      CPU29      CPU30      CPU31      
 LOC:  508707470  469989088  440559255  435543856  417773176  581810456  915827610 3325727254  220085962  157488537  176254040  179192658  150817243  143403030  152756448  170136939  115417149  109842739  112776471  106529343   97625064  120881182  108101909  104122928  183144669  193777781  186187965  186884093  182945199  189154872  180105285  188187082   Local timer interrupts
 RES:     133733      74481      68936      60502      51129      46417       9763      11531      77621      16928      14715      12635      11792      11459      11494      11479       7254      11481      10055       8968       8732       6889       7082       6461       9410       9141       8622       8405       9024       8710       8122       8949   Rescheduling interrupts
 CAL: 1432277967 1106072396 1133842710 1113207810  998120617  943194881   99183362   37187723   37247413   28507606   25914902   23819105   22594568   21173769   21573809   22110256   21716706   17044278   16487154   16428961   16360214   16272313   15518695   15572191   29468872   30054706   31332003   32771617   33925031   35755584   35653776   35039542   Function call interrupts
 TLB:   41887325   45781425   46310680   46637857   46594537   45010432   34076733   34250536   28753184   28581581   27369424   25941101   24884003   23378205   23709292   24183044   22746649   19266319   18730537   18566792   18440003   18135786   15874504   15766635   31415332   31663626   32926122   34130884   35158288   36871259   36586172   35517026   TLB shootdowns
## cpuidle cpu estado tiempo_us entradas
cpu0 POLL 13954296 435186
cpu0 C1 2957975482 30328977
cpu0 C1E 25044016189 116074701
cpu0 C6 3900490571932 516650534
cpu1 POLL 5063807 139684
cpu1 C1 32128963 493421
cpu1 C1E 12593684854 74051694
cpu1 C6 3904700871588 151356057
cpu2 POLL 4526960 142557
cpu2 C1 47694612 533335
cpu2 C1E 11527474884 65167480
cpu2 C6 3920752833055 116497590
cpu3 POLL 4124720 112546
cpu3 C1 43780540 484095
cpu3 C1E 11369504751 58993540
cpu3 C6 3926128704928 110525935
cpu4 POLL 3847650 108665
cpu4 C1 50817615 498452
cpu4 C1E 11154804061 62758035
cpu4 C6 3951141574815 126361426
cpu5 POLL 4075573 118442
cpu5 C1 206354933 353717
cpu5 C1E 9939137374 64830760
cpu5 C6 3778304742628 89976391
cpu6 POLL 1111563519 135844559
cpu6 C1 14458651116 49260351
cpu6 C1E 162809842054 554197569
cpu6 C6 3781438965379 386346112
cpu7 POLL 29335993 742332
cpu7 C1 42802047 1945832
cpu7 C1E 424074633531 3169903916
cpu7 C6 3757703239795 87618350
cpu16 POLL 2076806 56840
cpu16 C1 77464243 196695
cpu16 C1E 7065135027 31244485
cpu16 C6 4258182406458 103211161
cpu17 POLL 1716021 47705
cpu17 C1 23708611 192043
cpu17 C1E 7076881117 28464229
cpu17 C6 4252539900811 88657104
cpu18 POLL 1435655 48024
cpu18 C1 27485072 198307
cpu18 C1E 6730207026 26016932
cpu18 C6 4247456487729 80210481
cpu19 POLL 1269183 43563
cpu19 C1 19411477 136485
cpu19 C1E 5875522257 19054859
cpu19 C6 4247352602321 111037911
cpu20 POLL 2155662 52893
cpu20 C1 14017640 167809
cpu20 C1E 6313765593 24961546
cpu20 C6 4262051875497 66202709
cpu21 POLL 2482042 57178
cpu21 C1 35790458 236944
cpu21 C1E 7323472125 32037725
cpu21 C6 4240789558574 66818129
cpu22 POLL 3787624 324446
cpu22 C1 108249513 249754
cpu22 C1E 7646228037 22943582
cpu22 C6 4251294620966 106351949
cpu23 POLL 3644401 225870
cpu23 C1 28253460 276035
cpu23 C1E 9502802100 34013694
cpu23 C6 4263929356970 80266229
## daemon hilo utime stime cpu
cpu_loop_main 10 5 0
cpu_loop_main 4 0 6
