## stat
cpu  506648064 220313 62950506 13290867791 1596810 3381517 814007 0 0 0
cpu0 36822454 37455 2630047 392925769 151021 271158 118502 0 0 0
cpu1 38549240 13577 2722965 391665394 148476 195151 36836 0 0 0
cpu2 37316844 5256 2504189 393203158 97570 190885 34311 0 0 0
cpu3 36948623 6187 2354882 393716757 102279 188081 31403 0 0 0
cpu4 34583034 9635 2228350 396216960 90046 182431 34540 0 0 0
cpu5 51715172 25654 2449922 378782094 118300 227802 41542 0 0 0
cpu6 12337967 2065 24829557 396051755 59093 146421 73393 0 0 0
cpu7 13321703 6850 900078 418362652 48450 265226 31811 0 0 0
cpu8 9817310 9950 1331467 421038591 50861 99644 69255 0 0 0
cpu9 9796072 4867 999345 422429100 42528 51335 21871 0 0 0
cpu10 11338699 6591 1077555 420864517 38347 56229 13366 0 0 0
cpu11 13215110 5285 1167351 418894301 44086 55448 27461 0 0 0
cpu12 10267315 669 928445 422112304 30718 51997 8038 0 0 0
cpu13 9832113 2186 949068 422534575 26352 49657 7653 0 0 0
cpu14 10298102 806 984324 421711146 49181 349442 7019 0 0 0
cpu15 11159233 1153 1293572 420837257 27582 62955 7458 0 0 0
cpu16 6074489 1932 610028 426580115 16068 52160 25985 0 0 0
cpu17 6603175 4854 669651 426002621 18223 50062 25716 0 0 0
cpu18 7063023 8264 751388 425460047 16671 50827 32785 0 0 0
cpu19 7008958 6245 809571 425394176 17893 82801 43425 0 0 0
cpu20 5529453 7364 904969 426871599 16200 41482 8516 0 0 0
cpu21 7695575 4845 747272 424844094 20310 49789 21025 0 0 0
cpu22 6637196 2448 739854 425928461 24152 30027 14703 0 0 0
cpu23 5141418 9625 801401 427366812 23748 31321 14886 0 0 0
cpu24 12487955 4116 911809 419879045 31287 65308 14603 0 0 0
cpu25 14433714 6367 891767 417947763 45262 65820 6736 0 0 0
cpu26 13301147 9770 957689 419017818 37337 72965 6529 0 0 0
cpu27 13606691 1251 975122 418711850 40868 63014 6532 0 0 0
cpu28 13257676 3180 910324 419111076 39071 69573 6542 0 0 0
cpu29 13680867 4685 972836 418615046 41305 71637 7429 0 0 0
cpu30 13063220 5866 909681 419295858 41185 70070 6899 0 0 0
cpu31 13744500 1302 1036013 418495065 42324 70783 7220 0 0 0
## interrupts
            CPU0       CPU1       CPU2       CPU3       CPU4       CPU5       CPU6       CPU7       CPU8       CPU9       CPU10      CPU11      CPU12      CPU13      CPU14      CPU15      CPU16      CPU17      CPU18      CPU19      CPU20      CPU21      CPU22      CPU23      CPU24      CPU25      CPU26      CPU27      CPU28      CPU29      CPU30      CPU31      
 LOC:  508729332  470009730  440579907  435564213  417793430  581830783  915878100 3325751703  220092337  157515269  176254087  179193062  150817629  143403375  152756477  170137345  115417825  109842746  112776478  106529350   97625134  120881259  108102073  104123898  183144682  193777788  186188364  186884894  182945206  189154936  180105985  188187092   Local timer interrupts
 RES:     133736      74485      68940      60504      51133      46420       9763      11531      77621      16928      14715      12635      11792      11459      11494      11510       7255      11481      10055       8968       8732       6889       7082       6461       9410       9141       8622       8405       9024       8710       8122       8949   Rescheduling interrupts
 CAL: 1432460738 1106254860 1134028761 1113390697  998302998  943377311   99183367   37192979   37247763   28507613   25914906   23819113   22594575   21173774   21573813   22110272   21716712   17044282   16487158   16428965   16360218   16272317   15518699   15572195   29468876   30054710   31332016   32771621   33925035   35755588   35653802   35039546   Function call interrupts
 TLB:   41888203   45782323   46311445   46638723   46595374   45010678   34076734   34250536   28753184   28581582   27369424   25941101   24884003   23378205   23709292   24183044   22746649   19266319   18730537   18566792   18440003   18135786   15874504   15766635   31415332   31663626   32926122   34130884   35158288   36871259   36586172   35517026   TLB shootdowns
## cpuidle cpu estado tiempo_us entradas
cpu0 POLL 13954494 435189
cpu0 C1 2957975493 30328978
cpu0 C1E 25044413761 116075741
cpu0 C6 3900495171098 516651828
cpu1 POLL 5063807 139684
cpu1 C1 32128963 493421
cpu1 C1E 12593710880 74051725
cpu1 C6 3904705731278 151357119
cpu2 POLL 4526960 142557
cpu2 C1 47694612 533335
cpu2 C1E 11527506943 65167534
cpu2 C6 3920758013619 116497677
cpu3 POLL 4124720 112546
cpu3 C1 43781326 484106
cpu3 C1E 11369569873 58993663
cpu3 C6 3926133634031 110526894
cpu4 POLL 3847650 108665
cpu4 C1 50817615 498452
cpu4 C1E 11154850937 62758098
cpu4 C6 3951146655370 126361550
cpu5 POLL 4075573 118442
cpu5 C1 206354933 353717
cpu5 C1E 9939175440 64830807
cpu5 C6 3778310831209 89976551
cpu6 POLL 1111575797 135844753
cpu6 C1 14458777118 49262107
cpu6 C1E 162833106811 554245321
cpu6 C6 3781439084300 386346380
cpu7 POLL 29335993 742332
cpu7 C1 42802082 1945836
cpu7 C1E 424078358309 3169913414
cpu7 C6 3757724057180 87650919
cpu16 POLL 2076806 56840
cpu16 C1 77464243 196695
cpu16 C1E 7065283722 31244695
cpu16 C6 4258207470803 103212232
cpu17 POLL 1716021 47705
cpu17 C1 23708611 192043
cpu17 C1E 7076881117 28464229
cpu17 C6 4252565133873 88658087
cpu18 POLL 1435655 48024
cpu18 C1 27485072 198307
cpu18 C1E 6730225389 26016954
cpu18 C6 4247481897112 80210609
cpu19 POLL 1269183 43563
cpu19 C1 19411477 136485
cpu19 C1E 5875522257 19054859
cpu19 C6 4247378107890 111038041
cpu20 POLL 2155662 52893
cpu20 C1 14017640 167809
cpu20 C1E 6313776698 24961559
cpu20 C6 4262077260921 66202882
cpu21 POLL 2482042 57178
cpu21 C1 35790458 236944
cpu21 C1E 7323532237 32037797
cpu21 C6 4240814997481 66818366
cpu22 POLL 3787624 324446
cpu22 C1 108249513 249754
cpu22 C1E 7646234841 22943610
cpu22 C6 4251319847670 106352496
cpu23 POLL 3644401 225870
cpu23 C1 28253460 276035
cpu23 C1E 9502940527 34013899
cpu23 C6 4263954404972 80281981
## daemon hilo utime stime cpu
cpu_loop_main 168 34 9
cpu_loop_main 10 147 6
