## stat
cpu  1731823485 127832 73378600 34431120997 22047722 6640252 1775996 0 0 0
cpu0 17753535 2358 823637 328772053 214776 173504 699259 0 0 0
cpu1 33507443 221 1411032 313225813 307163 141427 96873 0 0 0
cpu2 19010187 4456 885168 328130149 364524 94775 205108 0 0 0
cpu3 31873410 226 1295054 315089398 281276 123425 47231 0 0 0
cpu4 38073944 213 1547665 308634324 283466 139254 25742 0 0 0
cpu5 32902947 223 1414231 313827601 409851 125025 25754 0 0 0
cpu6 30507126 3022 1254547 316531595 259349 113067 42648 0 0 0
cpu7 34961299 62 1378277 311809115 382854 123884 7995 0 0 0
cpu8 32116224 576 1291701 314948286 223637 117066 15679 0 0 0
cpu9 38918487 0 1513842 307903145 224129 138865 6858 0 0 0
cpu10 35461302 14 1476971 311294407 342847 127400 6778 0 0 0
cpu11 21964309 199 1013974 325344944 272800 88576 30338 0 0 0
cpu12 35750289 76 1594155 310876599 351305 131156 7025 0 0 0
cpu13 35044793 1714 1427140 311850189 229414 126214 6155 0 0 0
cpu14 36182097 30 1474121 310605014 311312 133106 6055 0 0 0
cpu15 19360035 1174 851530 328197308 237500 75240 5824 0 0 0
cpu16 31491431 13 1301283 315562672 111558 129401 105902 0 0 0
cpu17 22351583 282 883281 325178815 225359 78883 7195 0 0 0
cpu18 22945316 105 940862 324520226 201727 85126 23892 0 0 0
cpu19 24548873 69 1074885 322708626 294083 89848 5498 0 0 0
cpu20 17881269 849 837583 329649322 287085 68808 5216 0 0 0
cpu21 31096805 26 1210167 315924385 344213 117283 5825 0 0 0
cpu22 27428042 34 1214758 319653833 307721 103409 6334 0 0 0
cpu23 24722631 58 836123 322805132 262964 85885 6089 0 0 0
cpu24 26465267 73 1013210 320722929 405269 96773 6376 0 0 0
cpu25 23935090 762 1039555 323366323 275753 92436 6212 0 0 0
cpu26 14419198 9534 663636 333256793 314494 54146 6079 0 0 0
cpu27 30468576 5770 1271985 316575486 290995 104617 2897 0 0 0
cpu28 22808723 5017 1007519 324621907 197081 82627 2639 0 0 0
cpu29 26767221 753 1152445 320410995 298708 92902 2223 0 0 0
cpu30 21621003 213 1002710 325812370 214632 75545 2350 0 0 0
cpu31 31449438 59 1395539 315518888 234767 116247 2647 0 0 0
cpu32 29892816 45 1386593 317131295 198578 108714 2736 0 0 0
cpu33 34347930 1381 1335921 312655276 252248 120661 3077 0 0 0
cpu34 22610143 350 984322 324732955 312110 84799 2261 0 0 0
cpu35 23030709 1942 1056870 324257382 298523 81700 2107 0 0 0
cpu36 37157508 0 1718167 309398120 299809 135381 3286 0 0 0
cpu37 22350258 87 997637 325036116 260493 79907 2811 0 0 0
cpu38 27192735 293 1267648 320005743 152562 101109 2429 0 0 0
cpu39 26302671 148 1239293 320862100 218509 98220 2526 0 0 0
cpu40 18434517 1266 829496 329152583 244795 67692 2183 0 0 0
cpu41 28438644 498 1274591 318659668 239730 105106 2857 0 0 0
cpu42 26858702 2365 1220559 320420640 113629 102557 2401 0 0 0
cpu43 24775891 44 1102250 322500173 250501 94930 2031 0 0 0
cpu44 34570570 717 1551009 312125406 335906 127229 3170 0 0 0
cpu45 25913053 1863 1263951 321211459 234179 97857 2052 0 0 0
cpu46 20601747 25 927771 326957907 165137 76751 1729 0 0 0
cpu47 14719737 2 708364 333225932 25502 55123 1509 0 0 0
cpu48 21519258 11 928931 325997968 201072 79566 1825 0 0 0
cpu49 24994364 3417 958249 322546453 133159 88987 1880 0 0 0
cpu50 24842158 3220 1058046 322584992 139042 93086 2261 0 0 0
cpu51 26289034 8458 1099814 320939077 284312 98105 2541 0 0 0
cpu52 7936493 660 291653 340361038 92046 35575 10186 0 0 0
cpu53 1164794 151 63530 347405793 73668 15618 4565 0 0 0
cpu54 15498388 767 473612 332529537 144428 63823 10279 0 0 0
cpu55 1064042 665 60407 347445119 152342 10868 5402 0 0 0
cpu56 1882661 1304 95445 346662692 73991 15458 8092 0 0 0
cpu57 1981341 240 79816 346544547 98897 16858 13957 0 0 0
cpu58 2855834 1416 127340 345442046 276505 20342 4616 0 0 0
cpu59 968970 209 68496 347273042 127816 11525 9792 0 0 0
cpu60 3326182 67 114001 345138155 145354 13905 5328 0 0 0
cpu61 2860823 627 130062 345521537 213432 13756 3919 0 0 0
cpu62 5074903 153 112096 343222165 311731 17101 5370 0 0 0
cpu63 4193365 256 140819 344106785 211236 18184 73815 0 0 0
cpu64 4204395 1274 158736 344193244 115834 29127 34946 0 0 0
cpu65 3201697 113 128539 345173536 223836 14274 3994 0 0 0
cpu66 3415756 227 103112 345129937 81935 12883 3415 0 0 0
cpu67 3074259 2405 116104 345349966 179482 15451 4078 0 0 0
cpu68 3447038 93 135402 345064536 59918 20866 3727 0 0 0
cpu69 3706285 216 137177 344715624 163691 16379 5952 0 0 0
cpu70 785178 48 50678 347812690 63678 11532 10704 0 0 0
cpu71 6227657 830 186102 342111819 189325 22639 3982 0 0 0
cpu72 18699255 972 699723 328920798 339410 63988 5861 0 0 0
cpu73 7113983 26 213677 341209827 169317 28694 4920 0 0 0
cpu74 7209298 2561 213077 341047306 231345 26448 5377 0 0 0
cpu75 6031889 43 194866 342333584 150528 22727 5045 0 0 0
cpu76 5681951 43 228379 342689352 111589 24379 4004 0 0 0
cpu77 7335539 193 298020 340734637 330069 31243 6221 0 0 0
cpu78 10544608 4101 275101 337741556 146950 28905 1069 0 0 0
cpu79 6840585 7624 287773 341352337 230537 23982 1255 0 0 0
cpu80 5314197 8727 247992 342986542 164830 19799 1789 0 0 0
cpu81 7824909 4176 362084 340282528 238417 28359 1272 0 0 0
cpu82 6390160 842 313018 341839661 177286 22832 862 0 0 0
cpu83 7899572 980 324016 340263981 225699 27826 1083 0 0 0
cpu84 1865146 1470 87308 346647921 139983 7427 762 0 0 0
cpu85 697507 57 41071 347908446 62523 5081 2470 0 0 0
cpu86 7027973 147 301733 341247124 141398 25334 918 0 0 0
cpu87 7501096 1270 371581 340645036 194071 28160 986 0 0 0
cpu88 1421321 232 59364 346876998 160736 8103 5506 0 0 0
cpu89 8314525 708 325746 339921458 151701 27864 1175 0 0 0
cpu90 10458352 16 428132 337618130 198104 37066 1151 0 0 0
cpu91 8133760 20 396716 340041026 138743 30239 1182 0 0 0
cpu92 7939363 1673 354578 340273103 139474 28149 1975 0 0 0
cpu93 10179550 3293 483056 337691402 343968 37967 1121 0 0 0
cpu94 12101519 2640 446635 335885819 256323 42548 1370 0 0 0
cpu95 9373844 1421 442655 338697927 187292 35168 1420 0 0 0
cpu96 580416 2701 33306 347996177 97987 4619 2486 0 0 0
cpu97 9480062 1418 410681 338638671 175724 33379 1103 0 0 0
cpu98 8876067 2 386406 339335050 108438 32828 1090 0 0 0
cpu99 7655246 177 346290 340695042 19255 27058 932 0 0 0
cpu100 9440339 33 361427 338733005 173744 32882 986 0 0 0
cpu101 8948027 159 403775 339235178 118220 34705 1355 0 0 0
cpu102 9915684 1447 424081 338223932 138265 36330 1368 0 0 0
cpu103 9527297 2575 435090 338473693 264190 36544 1342 0 0 0
## interrupts
            CPU0       CPU1       CPU2       CPU3       CPU4       CPU5       CPU6       CPU7       CPU8       CPU9       CPU10      CPU11      CPU12      CPU13      CPU14      CPU15      CPU16      CPU17      CPU18      CPU19      CPU20      CPU21      CPU22      CPU23      CPU24      CPU25      CPU26      CPU27      CPU28      CPU29      CPU30      CPU31      CPU32      CPU33      CPU34      CPU35      CPU36      CPU37      CPU38      CPU39      CPU40      CPU41      CPU42      CPU43      CPU44      CPU45      CPU46      CPU47      CPU48      CPU49      CPU50      CPU51      CPU52      CPU53      CPU54      CPU55      CPU56      CPU57      CPU58      CPU59      CPU60      CPU61      CPU62      CPU63      CPU64      CPU65      CPU66      CPU67      CPU68      CPU69      CPU70      CPU71      CPU72      CPU73      CPU74      CPU75      CPU76      CPU77      CPU78      CPU79      CPU80      CPU81      CPU82      CPU83      CPU84      CPU85      CPU86      CPU87      CPU88      CPU89      CPU90      CPU91      CPU92      CPU93      CPU94      CPU95      CPU96      CPU97      CPU98      CPU99      CPU100     CPU101     CPU102     CPU103     
 LOC:  443491276  392491342  267028352  350890094  407840928  358434662  337591076  373590475  344833947  412348127  376903778  248496801  379310798  371151408  382106113  208207757  342876591  240616039  252902787  263987241  193958344  335826882  295467985  266725311  288491497  260696563  157618788  321727852  241639626  282785389  230121972  332084052  316550299  360671714  239323151  244174894  392691946  236917846  287856989  278985409  195809095  300463354  285607511  262948726  365007150  275060952  218386693  157503942  227522188  263153015  263759240  278068643   92187931   27195077  172328150   20771270   27726068   31415511   44488618   22156071   39463313   35506444   57694709   51849580   49658836   38397138   39408709   40054160   47928050   43587916   15154931   70603821  199242582   79289277   81887773   68816824   65439382   83652518  111465242   74420938   59150988   85112249   69698083   84962778   22855092   12360180   76085885   81581231   21758002   89250122  111675297   88270304   86693715  109751730  129795727  101745176   11513515  101783239   96081251   82955252  101276047   96901180  106558034  102772249   Local timer interrupts
 RES:       7695      15157      12559      13358       9566      11006      11748      11464       9338      13535       8317      12513      12746      12142      11933      10823      10966       7854      10219      11692      11389      11027      11916       9710      12291       7533        387        422        542        570        624        334        288       2238        471        242        920       1936        217        286        202        167        142        276        207        284        746        193        390        286        173        139       7144      10833      20486      12573       8187       9479      10892      10356       7868      12211       7877      11721      11892      11576      11064      10044      17732       8929       8691      11187      10420      10702      11852       9611      11241       7541        287        277        415        390        388        311       2370        329        438        399        495        407        440        473        350        296        293        447        368        410       1201        493        450        526        431        456   Rescheduling interrupts
 CAL:   93919019   13668846   25032584    7125595    3770956    4540763    6873908    2100789    3197104    1761088    1954592    4963390    1705510    1548305    1601272    1600619    1672427    1640313    3876180    1645147    1743647    1729321    1594231    1755331    1746656    1754074    2268550    2268271    2193767    2118406    1971078    1997228    1969179    1971548    1857654    1850309    1744812    1734101    1642147    1708839    1672678    1862080    1531389    1607233    1512784    1556858    1407637    1530103    1503543    1469821    1477922    1420561    1708227    1417562    1829452    1638988    1719031    1696364    1689310    1330590    1529246    1614450    1534955    1537586    1598811    1533157    1424502    1519381    1620642    1712691    1595907    1595772    1618908    1730511    1689356    1461037    1504481    1882736    1684487    1725336    1574378    1680131    1566591    1563516    1597541    1402333    1629412    1515625    1325923    1592076    1646003    1622165    1640633    1891908    1660170    1652084    1475398    1633151    1701866    1722574    1698843    1678701    1607813    1770292   Function call interrupts
 TLB:    2087917    2175684    1798700    1935606    1816028    1806769    1822052    1842268    1721286    1578289    1414428    1521004    1527781    1471889    1518907    1337842    1383428    1473578    1627542    1482183    1422855    1458474    1437311    1439265    1455900    1598504    1968329    1997409    2026781    1839950    1801427    1817147    1791890    1757715    1528108    1556170    1527257    1479144    1434131    1514321    1462067    1538877    1362618    1436221    1355145    1376175    1282286    1417047    1398878    1340392    1345260    1228120    1510551    1217916    1459001    1326328    1488160    1385297    1467995    1330017    1307844    1357234    1297083    1409883    1310339    1387736    1275824    1321866    1449045    1539601    1317877    1413774    1412067    1360045    1490047    1266736    1220079    1377315    1498550    1448486    1403928    1401382    1389795    1399948    1405100    1257010    1380434    1333911    1265023    1417106    1403087    1404809    1422785    1577464    1431561    1427128    1268278    1371857    1495458    1521008    1498558    1385823    1348025    1504925   TLB shootdowns
## cpuidle cpu estado tiempo_us entradas
cpu0 POLL 2646002 78574
cpu0 C1 1615162708 288458
cpu0 C1E 2143467263 4386717
cpu0 C6 3284376295835 347477024
cpu1 POLL 1205161 29984
cpu1 C1 963123553 306230
cpu1 C1E 1472884075 7001723
cpu1 C6 3132584375335 54746279
cpu2 POLL 1786975 86397
cpu2 C1 38126382322 546257
cpu2 C1E 1331830952 7236201
cpu2 C6 3245020176372 96093453
cpu3 POLL 825753 25830
cpu3 C1 3982727517 272690
cpu3 C1E 704598562 4705089
cpu3 C6 3148880260374 25897456
cpu4 POLL 629386 17826
cpu4 C1 891028932 252791
cpu4 C1E 557358256 4158839
cpu4 C6 3087632710339 18221214
cpu5 POLL 725291 22364
cpu5 C1 874070879 226287
cpu5 C1E 459410893 3233757
cpu5 C6 3140928289959 21296304
cpu6 POLL 442342 14124
cpu6 C1 1724413202 152879
cpu6 C1E 446488097 2803977
cpu6 C6 3165599852675 24868117
cpu7 POLL 622415 28734
cpu7 C1 1409008653 206491
cpu7 C1E 392487186 2861841
cpu7 C6 3120070763059 12582523
cpu16 POLL 1823191 38035
cpu16 C1 969632380 247532
cpu16 C1E 4741030706 33454463
cpu16 C6 3150688520279 87621292
cpu17 POLL 687556 19168
cpu17 C1 1341803031 176188
cpu17 C1E 1757139501 10158313
cpu17 C6 3250899393755 10983534
cpu18 POLL 793828 27341
cpu18 C1 83490982 182492
cpu18 C1E 1722398637 9861394
cpu18 C6 3245282849444 23637956
cpu19 POLL 722056 20189
cpu19 C1 2285461278 183810
cpu19 C1E 1469803544 8543788
cpu19 C6 3226239863589 9362606
cpu20 POLL 516031 16308
cpu20 C1 1544055245 153209
cpu20 C1E 701296465 4835590
cpu20 C6 3297079126353 9711267
cpu21 POLL 490691 13981
cpu21 C1 1238386647 133290
cpu21 C1E 724249674 4456909
cpu21 C6 3160636034948 16373726
cpu22 POLL 512740 16544
cpu22 C1 947096331 148679
cpu22 C1E 719849109 4421635
cpu22 C6 3197890171588 12585368
cpu23 POLL 545784 15189
cpu23 C1 1429273561 126659
cpu23 C1E 747442765 4377925
cpu23 C6 3228439547034 13567398
## daemon hilo utime stime cpu
cpu_loop_main 7 2 72
cpu_loop_main 0 0 6
