## stat
cpu  1731823493 127832 73378620 34431747693 22047728 6640278 1775999 0 0 0
cpu0 17753535 2358 823638 328778079 214777 173504 699259 0 0 0
cpu1 33507443 221 1411033 313231839 307164 141427 96874 0 0 0
cpu2 19010187 4456 885168 328136175 364524 94775 205108 0 0 0
cpu3 31873410 226 1295054 315095425 281276 123425 47231 0 0 0
cpu4 38073944 213 1547665 308640350 283466 139254 25743 0 0 0
cpu5 32902947 223 1414231 313833627 409852 125025 25754 0 0 0
cpu6 30507127 3022 1254547 316537617 259349 113067 42648 0 0 0
cpu7 34961299 62 1378277 311815143 382854 123884 7995 0 0 0
cpu8 32116224 576 1291701 314954314 223637 117066 15679 0 0 0
cpu9 38918487 0 1513842 307909173 224129 138865 6858 0 0 0
cpu10 35461302 14 1476971 311300434 342847 127400 6778 0 0 0
cpu11 21964309 199 1013974 325350972 272800 88576 30338 0 0 0
cpu12 35750289 76 1594155 310882626 351305 131156 7025 0 0 0
cpu13 35044793 1714 1427140 311856216 229414 126214 6155 0 0 0
cpu14 36182097 30 1474121 310611042 311312 133106 6055 0 0 0
cpu15 19360035 1174 851530 328203335 237500 75240 5824 0 0 0
cpu16 31491431 13 1301283 315568699 111558 129401 105902 0 0 0
cpu17 22351583 282 883283 325184789 225359 78896 7196 0 0 0
cpu18 22945316 105 940862 324526254 201727 85126 23892 0 0 0
cpu19 24548873 69 1074885 322714653 294083 89848 5498 0 0 0
cpu20 17881269 849 837583 329655349 287085 68808 5216 0 0 0
cpu21 31096805 26 1210167 315930412 344213 117283 5825 0 0 0
cpu22 27428042 34 1214758 319659860 307721 103409 6334 0 0 0
cpu23 24722631 58 836123 322811159 262965 85885 6089 0 0 0
cpu24 26465267 73 1013210 320728957 405269 96773 6376 0 0 0
cpu25 23935090 762 1039555 323372349 275754 92436 6212 0 0 0
cpu26 14419198 9534 663636 333262820 314494 54146 6079 0 0 0
cpu27 30468576 5770 1271985 316581513 290995 104617 2897 0 0 0
cpu28 22808723 5017 1007519 324627934 197081 82627 2639 0 0 0
cpu29 26767221 753 1152445 320417023 298708 92902 2223 0 0 0
cpu30 21621003 213 1002710 325818398 214632 75546 2350 0 0 0
cpu31 31449438 59 1395539 315524915 234767 116247 2647 0 0 0
cpu32 29892816 45 1386593 317137323 198578 108714 2736 0 0 0
cpu33 34347930 1381 1335921 312661303 252248 120661 3077 0 0 0
cpu34 22610143 350 984322 324738982 312110 84799 2261 0 0 0
cpu35 23030709 1942 1056870 324263409 298523 81700 2107 0 0 0
cpu36 37157508 0 1718167 309404147 299809 135381 3286 0 0 0
cpu37 22350258 87 997637 325042144 260493 79907 2811 0 0 0
cpu38 27192735 293 1267648 320011770 152562 101109 2429 0 0 0
cpu39 26302671 148 1239293 320868127 218509 98220 2526 0 0 0
cpu40 18434517 1266 829496 329158610 244795 67692 2183 0 0 0
cpu41 28438644 498 1274591 318665695 239730 105106 2857 0 0 0
cpu42 26858702 2365 1220559 320426667 113629 102557 2401 0 0 0
cpu43 24775891 44 1102250 322506200 250501 94930 2031 0 0 0
cpu44 34570570 717 1551009 312131433 335906 127229 3170 0 0 0
cpu45 25913053 1863 1263951 321217486 234179 97857 2052 0 0 0
cpu46 20601747 25 927772 326963933 165137 76751 1729 0 0 0
cpu47 14719737 2 708364 333231959 25502 55123 1509 0 0 0
cpu48 21519258 11 928931 326003996 201072 79566 1825 0 0 0
cpu49 24994364 3417 958249 322552480 133159 88987 1880 0 0 0
cpu50 24842158 3220 1058046 322591020 139042 93086 2261 0 0 0
cpu51 26289034 8458 1099814 320945104 284312 98105 2541 0 0 0
cpu52 7936493 660 291653 340367065 92046 35575 10186 0 0 0
cpu53 1164794 151 63530 347411820 73668 15618 4565 0 0 0
cpu54 15498389 767 473613 332535560 144428 63824 10279 0 0 0
cpu55 1064042 665 60407 347451146 152342 10868 5402 0 0 0
cpu56 1882661 1304 95446 346668719 73991 15458 8092 0 0 0
cpu57 1981341 240 79816 346550574 98897 16858 13957 0 0 0
cpu58 2855834 1416 127340 345448073 276505 20342 4616 0 0 0
cpu59 968970 209 68496 347279069 127816 11525 9792 0 0 0
cpu60 3326182 67 114001 345144183 145354 13905 5328 0 0 0
cpu61 2860823 627 130062 345527565 213432 13756 3919 0 0 0
cpu62 5074903 153 112096 343228192 311731 17101 5370 0 0 0
cpu63 4193365 256 140819 344112812 211236 18184 73815 0 0 0
cpu64 4204395 1274 158736 344199271 115834 29127 34946 0 0 0
cpu65 3201697 113 128539 345179564 223836 14274 3994 0 0 0
cpu66 3415756 227 103112 345135965 81935 12883 3415 0 0 0
cpu67 3074259 2405 116104 345355993 179482 15451 4078 0 0 0
cpu68 3447038 93 135402 345070564 59918 20866 3727 0 0 0
cpu69 3706285 216 137177 344721651 163691 16379 5952 0 0 0
cpu70 785178 48 50679 347818716 63678 11532 10704 0 0 0
cpu71 6227657 830 186104 342117842 189326 22639 3982 0 0 0
cpu72 18699255 972 699723 328926790 339410 63997 5861 0 0 0
cpu73 7113983 26 213678 341215852 169318 28694 4920 0 0 0
cpu74 7209298 2561 213077 341053334 231345 26448 5377 0 0 0
cpu75 6031889 43 194867 342339610 150528 22727 5045 0 0 0
cpu76 5681951 43 228380 342695377 111590 24379 4004 0 0 0
cpu77 7335539 193 298021 340740662 330070 31243 6221 0 0 0
cpu78 10544608 4101 275101 337747583 146950 28905 1069 0 0 0
cpu79 6840585 7624 287773 341358364 230537 23982 1255 0 0 0
cpu80 5314197 8727 247992 342992570 164830 19799 1789 0 0 0
cpu81 7824909 4176 362084 340288555 238417 28359 1272 0 0 0
cpu82 6390160 842 313018 341845688 177286 22832 862 0 0 0
cpu83 7899572 980 324016 340270008 225699 27826 1083 0 0 0
cpu84 1865146 1470 87308 346653948 139983 7427 762 0 0 0
cpu85 697507 57 41071 347914473 62523 5081 2470 0 0 0
cpu86 7027973 147 301733 341253151 141398 25334 918 0 0 0
cpu87 7501096 1270 371581 340651063 194071 28160 986 0 0 0
cpu88 1421321 232 59364 346883010 160736 8103 5507 0 0 0
cpu89 8314525 708 325746 339927485 151701 27864 1175 0 0 0
cpu90 10458352 16 428132 337624157 198104 37066 1151 0 0 0
cpu91 8133760 20 396716 340047054 138743 30239 1182 0 0 0
cpu92 7939363 1673 354578 340279130 139474 28149 1975 0 0 0
cpu93 10179550 3293 483056 337697429 343968 37967 1121 0 0 0
cpu94 12101519 2640 446635 335891847 256323 42548 1370 0 0 0
cpu95 9373844 1421 442655 338703954 187292 35169 1420 0 0 0
cpu96 580416 2701 33306 348002204 97987 4619 2486 0 0 0
cpu97 9480062 1418 410681 338644699 175724 33379 1103 0 0 0
cpu98 8876067 2 386406 339341077 108438 32828 1090 0 0 0
cpu99 7655246 177 346290 340701069 19255 27059 932 0 0 0
cpu100 9440339 33 361427 338739033 173744 32882 986 0 0 0
cpu101 8948027 159 403775 339241206 118220 34705 1355 0 0 0
cpu102 9915684 1447 424081 338229960 138265 36330 1368 0 0 0
cpu103 9527297 2575 435090 338479721 264190 36544 1342 0 0 0
## interrupts
            CPU0       CPU1       CPU2       CPU3       CPU4       CPU5       CPU6       CPU7       CPU8       CPU9       CPU10      CPU11      CPU12      CPU13      CPU14      CPU15      CPU16      CPU17      CPU18      CPU19      CPU20      CPU21      CPU22      CPU23      CPU24      CPU25      CPU26      CPU27      CPU28      CPU29      CPU30      CPU31      CPU32      CPU33      CPU34      CPU35      CPU36      CPU37      CPU38      CPU39      CPU40      CPU41      CPU42      CPU43      CPU44      CPU45      CPU46      CPU47      CPU48      CPU49      CPU50      CPU51      CPU52      CPU53      CPU54      CPU55      CPU56      CPU57      CPU58      CPU59      CPU60      CPU61      CPU62      CPU63      CPU64      CPU65      CPU66      CPU67      CPU68      CPU69      CPU70      CPU71      CPU72      CPU73      CPU74      CPU75      CPU76      CPU77      CPU78      CPU79      CPU80      CPU81      CPU82      CPU83      CPU84      CPU85      CPU86      CPU87      CPU88      CPU89      CPU90      CPU91      CPU92      CPU93      CPU94      CPU95      CPU96      CPU97      CPU98      CPU99      CPU100     CPU101     CPU102     CPU103     
 LOC:  443491587  392491522  267028551  350890223  407841081  358434792  337593298  373590505  344833978  412348157  376903808  248496833  379310828  371151443  382106143  208207902  342876870  240877043  252902819  263987346  193958378  335826912  295468159  266725372  288491527  260696683  157618873  321727987  241639671  282785419  230122081  332084082  316550329  360671744  239323181  244174924  392691976  236917879  287857019  278985439  195809127  300463384  285607541  262948773  365007180  275060985  218386870  157504051  227522218  263153045  263759270  278068673   92188067   27195107  172329873   20771325   27726139   31415541   44488660   22156105   39463342   35506474   57694739   51849716   49658866   38397169   39408739   40054497   47928080   43587962   15155252   70604030  199424008   79289515   81887803   68817047   65439611   83652724  111465299   74420968   59151019   85112356   69698189   84962862   22855179   12360290   76085976   81581261   21758348   89250152  111675327   88270334   86693745  109751835  129795785  101745206   11513590  101783269   96081281   82955282  101276077   96901210  106558064  102772279   Local timer interrupts
 RES:       7695      15157      12559      13358       9566      11006      11748      11464       9338      13535       8317      12513      12746      12142      11933      10823      10966       7854      10219      11692      11389      11027      11916       9710      12291       7533        387        422        542        570        624        334        288       2238        471        242        920       1936        217        286        202        167        142        276        207        284        746        193        390        286        173        139       7144      10833      20486      12573       8187       9479      10892      10356       7868      12211       7877      11721      11892      11576      11064      10044      17732       8929       8691      11189      10420      10702      11852       9611      11241       7541        287        277        415        390        388        311       2370        329        438        399        495        407        440        473        350        296        293        447        368        410       1201        493        450        526        431        456   Rescheduling interrupts
 CAL:   93919061   13668868   25032597    7125603    3770964    4540771    6873916    2100797    3197112    1761096    1954600    4963398    1705518    1548313    1601280    1600627    1672443    1640321    3876188    1645155    1743655    1729329    1594240    1755339    1746664    1754082    2268558    2268279    2193775    2118414    1971086    1997236    1969187    1971556    1857662    1850317    1744820    1734109    1642155    1708847    1672686    1862088    1531397    1607241    1512792    1556866    1407645    1530111    1503551    1469829    1477930    1420569    1708235    1417570    1829460    1638996    1719039    1696372    1689318    1330598    1529254    1614458    1534963    1537594    1598819    1533165    1424510    1519390    1620650    1712699    1595915    1595780    1618916    1730519    1689364    1461045    1504489    1882744    1684495    1725344    1574386    1680139    1566599    1563524    1597549    1402341    1629420    1515633    1325923    1592084    1646011    1622173    1640641    1891916    1660178    1652092    1475406    1633159    1701874    1722582    1698851    1678709    1607821    1770300   Function call interrupts
 TLB:    2087917    2175684    1798700    1935606    1816028    1806769    1822052    1842268    1721286    1578289    1414428    1521004    1527781    1471889    1518907    1337842    1383428    1473578    1627542    1482183    1422855    1458474    1437311    1439265    1455900    1598504    1968329    1997409    2026781    1839950    1801427    1817147    1791890    1757715    1528108    1556170    1527257    1479144    1434131    1514321    1462067    1538877    1362618    1436221    1355145    1376175    1282286    1417047    1398878    1340392    1345260    1228120    1510551    1217916    1459001    1326328    1488160    1385297    1467995    1330017    1307844    1357234    1297083    1409883    1310339    1387736    1275824    1321866    1449045    1539601    1317877    1413774    1412067    1360045    1490047    1266736    1220079    1377315    1498550    1448486    1403928    1401382    1389795    1399948    1405100    1257010    1380434    1333911    1265023    1417106    1403087    1404809    1422785    1577464    1431561    1427128    1268278    1371857    1495458    1521008    1498558    1385823    1348025    1504925   TLB shootdowns
## cpuidle cpu estado tiempo_us entradas
cpu0 POLL 2646130 78576
cpu0 C1 1615542469 288471
cpu0 C1E 2143472670 4386749
cpu0 C6 3284436171367 347477471
cpu1 POLL 1205161 29984
cpu1 C1 963123602 306231
cpu1 C1E 1472888509 7001750
cpu1 C6 3132644360724 54746509
cpu2 POLL 1787019 86404
cpu2 C1 38126383407 546269
cpu2 C1E 1331858489 7236276
cpu2 C6 3245080463093 96095043
cpu3 POLL 825759 25831
cpu3 C1 3982727534 272692
cpu3 C1E 704604100 4705118
cpu3 C6 3148940279399 25897625
cpu4 POLL 629386 17826
cpu4 C1 891028932 252791
cpu4 C1E 557364701 4158868
cpu4 C6 3087692694622 18221414
cpu5 POLL 725291 22364
cpu5 C1 874070879 226287
cpu5 C1E 459412966 3233776
cpu5 C6 3140988315775 21296485
cpu6 POLL 442342 14124
cpu6 C1 1724413202 152879
cpu6 C1E 446525629 2804070
cpu6 C6 3165660036560 24871834
cpu7 POLL 622415 28734
cpu7 C1 1409008653 206491
cpu7 C1E 392487617 2861856
cpu7 C6 3120130762370 12582602
cpu16 POLL 1823257 38036
cpu16 C1 969632408 247536
cpu16 C1E 4741142618 33454728
cpu16 C6 3150748692092 87621679
cpu17 POLL 687556 19168
cpu17 C1 1341803044 176191
cpu17 C1E 1792139465 10419350
cpu17 C6 3250923063201 10983633
cpu18 POLL 793828 27341
cpu18 C1 83490993 182493
cpu18 C1E 1722399062 9861409
cpu18 C6 3245343695707 23638060
cpu19 POLL 722056 20189
cpu19 C1 2285461278 183810
cpu19 C1E 1469804056 8543804
cpu19 C6 3226300947813 9362752
cpu20 POLL 516031 16308
cpu20 C1 1544055254 153210
cpu20 C1E 701296920 4835606
cpu20 C6 3297139093834 9711342
cpu21 POLL 490691 13981
cpu21 C1 1238386647 133290
cpu21 C1E 724250095 4456924
cpu21 C6 3160696066416 16373804
cpu22 POLL 512740 16544
cpu22 C1 947096344 148681
cpu22 C1E 719849349 4421645
cpu22 C6 3197950471130 12585664
cpu23 POLL 545784 15189
cpu23 C1 1429273561 126659
cpu23 C1E 747443176 4377940
cpu23 C6 3228498803241 13567478
## daemon hilo utime stime cpu
cpu_loop_main 30 13 72
cpu_loop_main 0 0 6
