## stat
cpu  506672150 220658 62950956 13291064135 1596855 3381675 814039 0 0 0
cpu0 36826442 37455 2630070 392928662 151024 271174 118503 0 0 0
cpu1 38553313 13577 2722990 391668199 148478 195168 36837 0 0 0
cpu2 37320832 5256 2504212 393206050 97572 190901 34312 0 0 0
cpu3 36952623 6201 2354906 393719621 102281 188098 31405 0 0 0
cpu4 34587036 9635 2228365 396219848 90047 182448 34540 0 0 0
cpu5 51719160 25654 2449938 378784993 118301 227819 41542 0 0 0
cpu6 12337972 2065 24829756 396058464 59094 146432 73403 0 0 0
cpu7 13321707 6850 900079 418369468 48460 265244 31813 0 0 0
cpu8 9817316 10098 1331477 421045315 50864 99649 69260 0 0 0
cpu9 9796076 4867 999351 422436005 42533 51336 21872 0 0 0
cpu10 11338700 6591 1077560 420871432 38350 56229 13366 0 0 0
cpu11 13215110 5285 1167353 418901220 44086 55448 27462 0 0 0
cpu12 10267316 669 928447 422119223 30718 51997 8038 0 0 0
cpu13 9832114 2370 949087 422541290 26354 49658 7654 0 0 0
cpu14 10298103 806 984326 421718061 49181 349443 7019 0 0 0
cpu15 11159234 1153 1293573 420844179 27582 62955 7458 0 0 0
cpu16 6074489 1932 610029 426587034 16069 52161 25987 0 0 0
cpu17 6603175 4854 669651 426009544 18223 50062 25716 0 0 0
cpu18 7063023 8264 751388 425466970 16671 50827 32785 0 0 0
cpu19 7008958 6245 809571 425401100 17893 82802 43426 0 0 0
cpu20 5529454 7364 904971 426878519 16200 41482 8516 0 0 0
cpu21 7695577 4845 747275 424851010 20311 49789 21026 0 0 0
cpu22 6637196 2448 739854 425935384 24152 30027 14703 0 0 0
cpu23 5141420 9625 801405 427373728 23749 31322 14887 0 0 0
cpu24 12487955 4116 911810 419885968 31287 65308 14603 0 0 0
cpu25 14433715 6367 891769 417954683 45263 65820 6736 0 0 0
cpu26 13301148 9770 957694 419024732 37338 72965 6530 0 0 0
cpu27 13606695 1251 975127 418718761 40869 63016 6533 0 0 0
cpu28 13257677 3180 910329 419117993 39072 69573 6542 0 0 0
cpu29 13680868 4685 972871 418621914 41307 71650 7430 0 0 0
cpu30 13063224 5866 909686 419302770 41187 70070 6899 0 0 0
cpu31 13744504 1302 1036019 418501977 42325 70783 7221 0 0 0
## interrupts
            CPU0       CPU1       CPU2       CPU3       CPU4       CPU5       CPU6       CPU7       CPU8       CPU9       CPU10      CPU11      CPU12      CPU13      CPU14      CPU15      CPU16      CPU17      CPU18      CPU19      CPU20      CPU21      CPU22      CPU23      CPU24      CPU25      CPU26      CPU27      CPU28      CPU29      CPU30      CPU31      
 LOC:  508770809  470051888  440621106  435605821  417834339  581871663  915950674 3325960984  220108479  157518491  176254844  179193912  150818342  143406507  152757724  170137679  115419323  109842766  112776538  106529391   97626160  120882254  108102528  104125393  183144838  193778250  186189166  186887256  182945949  189355031  180107966  188187711   Local timer interrupts
 RES:     133744      74492      68952      60537      51157      46441       9763      11532      77622      16928      14715      12635      11792      11459      11494      11521       7255      11481      10055       8968       8732       6890       7082       6461       9410       9141       8622       8410       9033       8713       8122       8950   Rescheduling interrupts
 CAL: 1432661736 1106459990 1134230186 1113593079  998504819  943578318   99186814   37193878   37248872   28507809   25914928   23819142   22594598   21173835   21573860   22110298   21716737   17044304   16487180   16428987   16360241   16272357   15518725   15572220   29468898   30054732   31332040   32771656   33925061   35755622   35653855   35039570   Function call interrupts
 TLB:   41889547   45783754   46313166   46640111   46596721   45012382   34076734   34250536   28753184   28581582   27369424   25941101   24884003   23378217   23709293   24183044   22746649   19266319   18730537   18566792   18440003   18135786   15874504   15766635   31415332   31663626   32926122   34130884   35158288   36871259   36586174   35517026   TLB shootdowns
## cpuidle cpu estado tiempo_us entradas
cpu0 POLL 13954494 435189
cpu0 C1 2957975512 30328979
cpu0 C1E 25044807838 116076277
cpu0 C6 3900523712782 516655388
cpu1 POLL 5063807 139684
cpu1 C1 32129002 493423
cpu1 C1E 12594230642 74052482
cpu1 C6 3904733420882 151358193
cpu2 POLL 4526960 142557
cpu2 C1 47694612 533335
cpu2 C1E 11528020363 65168484
cpu2 C6 3920786827949 116498629
cpu3 POLL 4124915 112549
cpu3 C1 43782224 484122
cpu3 C1E 11370299919 58996439
cpu3 C6 3926161542570 110528382
cpu4 POLL 3847650 108665
cpu4 C1 50817615 498452
cpu4 C1E 11155086796 62758410
cpu4 C6 3951175212922 126362635
cpu5 POLL 4075638 118443
cpu5 C1 206354990 353719
cpu5 C1E 9939502390 64831316
cpu5 C6 3778339389509 89977529
cpu6 POLL 1111575797 135844753
cpu6 C1 14458779965 49262126
cpu6 C1E 162863223530 554308045
cpu6 C6 3781475927296 386371845
cpu7 POLL 29336381 742338
cpu7 C1 42802558 1945896
cpu7 C1E 424106702735 3170122588
cpu7 C6 3757763790638 87653132
cpu16 POLL 2076806 56840
cpu16 C1 77464254 196696
cpu16 C1E 7065481884 31244990
cpu16 C6 4258276445784 103216197
cpu17 POLL 1716021 47705
cpu17 C1 23708611 192043
cpu17 C1E 7076942898 28464398
cpu17 C6 4252634282500 88660477
cpu18 POLL 1435655 48024
cpu18 C1 27485072 198307
cpu18 C1E 6730228061 26016962
cpu18 C6 4247551126771 80211090
cpu19 POLL 1269212 43564
cpu19 C1 19412474 136486
cpu19 C1E 5875573825 19055001
cpu19 C6 4247447273943 111039216
cpu20 POLL 2155723 52894
cpu20 C1 14020399 167816
cpu20 C1E 6314168755 24962178
cpu20 C6 4262146107647 66204343
cpu21 POLL 2482042 57178
cpu21 C1 35790473 236946
cpu21 C1E 7323903459 32038345
cpu21 C6 4240883830851 66819848
cpu22 POLL 3787624 324446
cpu22 C1 108249518 249755
cpu22 C1E 7646459666 22943994
cpu22 C6 4251388815318 106360831
cpu23 POLL 3644434 225871
cpu23 C1 28253460 276035
cpu23 C1E 9503354489 34014578
cpu23 C6 4264023150927 80285386
## daemon hilo utime stime cpu
cpu_loop_main 6 19 8
cpu_loop_main 0 23 6
