## stat
cpu  506660172 220658 62950664 13290996399 1596847 3381626 814027 0 0 0
cpu0 36824455 37455 2630061 392928166 151024 271169 118502 0 0 0
cpu1 38551280 13577 2722984 391667748 148477 195163 36837 0 0 0
cpu2 37318848 5256 2504201 393205555 97572 190896 34312 0 0 0
cpu3 36950638 6201 2354896 393719125 102280 188093 31404 0 0 0
cpu4 34585043 9635 2228360 396219354 90047 182443 34540 0 0 0
cpu5 51717173 25654 2449931 378784496 118301 227814 41542 0 0 0
cpu6 12337971 2065 24829559 396056009 59093 146428 73394 0 0 0
cpu7 13321707 6850 900079 418366971 48460 265244 31813 0 0 0
cpu8 9817316 10098 1331477 421042821 50864 99649 69260 0 0 0
cpu9 9796075 4867 999351 422433509 42533 51336 21872 0 0 0
cpu10 11338699 6591 1077557 420868941 38348 56229 13366 0 0 0
cpu11 13215110 5285 1167352 418898723 44086 55448 27462 0 0 0
cpu12 10267316 669 928447 422116726 30718 51997 8038 0 0 0
cpu13 9832114 2370 949087 422538792 26354 49658 7654 0 0 0
cpu14 10298103 806 984325 421715566 49181 349443 7019 0 0 0
cpu15 11159234 1153 1293573 420841682 27582 62955 7458 0 0 0
cpu16 6074489 1932 610028 426584539 16069 52161 25986 0 0 0
cpu17 6603175 4854 669651 426007047 18223 50062 25716 0 0 0
cpu18 7063023 8264 751388 425464473 16671 50827 32785 0 0 0
cpu19 7008958 6245 809571 425398602 17893 82802 43426 0 0 0
cpu20 5529454 7364 904971 426876023 16200 41482 8516 0 0 0
cpu21 7695576 4845 747274 424848516 20311 49789 21026 0 0 0
cpu22 6637196 2448 739854 425932887 24152 30027 14703 0 0 0
cpu23 5141418 9625 801403 427371236 23748 31322 14886 0 0 0
cpu24 12487955 4116 911810 419883471 31287 65308 14603 0 0 0
cpu25 14433715 6367 891767 417952188 45262 65820 6736 0 0 0
cpu26 13301148 9770 957694 419022235 37338 72965 6530 0 0 0
cpu27 13606694 1251 975126 418716265 40869 63015 6533 0 0 0
cpu28 13257677 3180 910328 419115498 39072 69573 6542 0 0 0
cpu29 13680868 4685 972840 418619461 41306 71639 7429 0 0 0
cpu30 13063223 5866 909684 419300276 41186 70070 6899 0 0 0
cpu31 13744503 1302 1036018 418499483 42325 70783 7221 0 0 0
## interrupts
            CPU0       CPU1       CPU2       CPU3       CPU4       CPU5       CPU6       CPU7       CPU8       CPU9       CPU10      CPU11      CPU12      CPU13      CPU14      CPU15      CPU16      CPU17      CPU18      CPU19      CPU20      CPU21      CPU22      CPU23      CPU24      CPU25      CPU26      CPU27      CPU28      CPU29      CPU30      CPU31      
 LOC:  508750656  470031172  440600799  435585564  417814232  581851558  915940112 3325960975  220105892  157518419  176254566  179193669  150818336  143406492  152757616  170137673  115418460  109842758  112776531  106529384   97625737  120882036  108102473  104125029  183144828  193778062  186189158  186886566  182945737  189172756  180107158  188187502   Local timer interrupts
 RES:     133740      74489      68942      60532      51154      46437       9763      11532      77622      16928      14715      12635      11792      11459      11494      11521       7255      11481      10055       8968       8732       6890       7082       6461       9410       9141       8622       8410       9033       8712       8122       8950   Rescheduling interrupts
 CAL: 1432643237 1106440984 1134211312 1113574187  998486015  943559414   99183388   37193875   37248872   28507806   25914925   23819137   22594595   21173832   21573857   22110295   21716733   17044301   16487177   16428984   16360237   16272354   15518722   15572217   29468895   30054729   31332037   32771653   33925057   35755616   35653852   35039566   Function call interrupts
 TLB:   41889094   45783145   46312303   46639215   46595958   45011486   34076734   34250536   28753184   28581582   27369424   25941101   24884003   23378217   23709293   24183044   22746649   19266319   18730537   18566792   18440003   18135786   15874504   15766635   31415332   31663626   32926122   34130884   35158288   36871259   36586174   35517026   TLB shootdowns
## cpuidle cpu estado tiempo_us entradas
cpu0 POLL 13954494 435189
cpu0 C1 2957975512 30328979
cpu0 C1E 25044769837 116076229
cpu0 C6 3900518796567 516654710
cpu1 POLL 5063807 139684
cpu1 C1 32128991 493422
cpu1 C1E 12594091026 74052256
cpu1 C6 3904728981232 151357913
cpu2 POLL 4526960 142557
cpu2 C1 47694612 533335
cpu2 C1E 11527819955 65167958
cpu2 C6 3920782024255 116498438
cpu3 POLL 4124915 112549
cpu3 C1 43782224 484122
cpu3 C1E 11370167120 58996213
cpu3 C6 3926156714393 110527992
cpu4 POLL 3847650 108665
cpu4 C1 50817615 498452
cpu4 C1E 11155054896 62758374
cpu4 C6 3951170399746 126362452
cpu5 POLL 4075638 118443
cpu5 C1 206354990 353719
cpu5 C1E 9939459164 64831268
cpu5 C6 3778334404696 89977326
cpu6 POLL 1111575797 135844753
cpu6 C1 14458779947 49262125
cpu6 C1E 162862009717 554306662
cpu6 C6 3781452671271 386347184
cpu7 POLL 29336381 742338
cpu7 C1 42802558 1945896
cpu7 C1E 424106702735 3170122588
cpu7 C6 3757738845394 87651248
cpu16 POLL 2076806 56840
cpu16 C1 77464243 196695
cpu16 C1E 7065311872 31244739
cpu16 C6 4258251674708 103215061
cpu17 POLL 1716021 47705
cpu17 C1 23708611 192043
cpu17 C1E 7076881117 28464229
cpu17 C6 4252609393971 88660036
cpu18 POLL 1435655 48024
cpu18 C1 27485072 198307
cpu18 C1E 6730227229 26016960
cpu18 C6 4247526125077 80210936
cpu19 POLL 1269212 43564
cpu19 C1 19412474 136486
cpu19 C1E 5875540450 19054958
cpu19 C6 4247422358364 111039050
cpu20 POLL 2155723 52894
cpu20 C1 14020399 167816
cpu20 C1E 6314112091 24962085
cpu20 C6 4262121209858 66203953
cpu21 POLL 2482042 57178
cpu21 C1 35790473 236946
cpu21 C1E 7323851378 32038285
cpu21 C6 4240858926649 66819631
cpu22 POLL 3787624 324446
cpu22 C1 108249518 249755
cpu22 C1E 7646348401 22943818
cpu22 C6 4251363989944 106353544
cpu23 POLL 3644401 225870
cpu23 C1 28253460 276035
cpu23 C1E 9503182190 34014309
cpu23 C6 4263998380089 80285020
## daemon hilo utime stime cpu
cpu_loop_main 6 2 29
cpu_loop_main 0 0 6
