## stat
cpu  506781005 220658 62953275 13291980018 1597045 3382423 814187 0 0 0
cpu0 36844499 37455 2630172 392942543 151029 271257 118507 0 0 0
cpu1 38571392 13577 2723050 391682107 148483 195249 36839 0 0 0
cpu2 37338834 5256 2504304 393219998 97582 190982 34314 0 0 0
cpu3 36970638 6201 2355005 393733543 102287 188182 31415 0 0 0
cpu4 34605190 9635 2228424 396233680 90051 182532 34542 0 0 0
cpu5 51737200 25654 2450017 378798916 118305 227902 41544 0 0 0
cpu6 12338027 2065 24831061 396089432 59097 146498 73442 0 0 0
cpu7 13321715 6850 900086 418401255 48489 265299 31846 0 0 0
cpu8 9817358 10098 1331501 421077257 50868 99669 69277 0 0 0
cpu9 9796151 4867 999388 422468006 42545 51343 21874 0 0 0
cpu10 11338711 6591 1077584 420903458 38356 56243 13367 0 0 0
cpu11 13215118 5285 1167398 418933286 44092 55455 27466 0 0 0
cpu12 10267330 669 928470 422151305 30721 52003 8039 0 0 0
cpu13 9832131 2370 949121 422573341 26360 49668 7656 0 0 0
cpu14 10298120 806 984352 421750141 49189 349447 7021 0 0 0
cpu15 11159240 1153 1293591 420876265 27593 62958 7459 0 0 0
cpu16 6074492 1932 610040 426619140 16071 52164 25989 0 0 0
cpu17 6603197 4854 669663 426041639 18225 50066 25718 0 0 0
cpu18 7063025 8264 751394 425499095 16673 50827 32786 0 0 0
cpu19 7009031 6245 809606 425433066 17904 82815 43426 0 0 0
cpu20 5529477 7364 904981 426910614 16202 41486 8517 0 0 0
cpu21 7695578 4845 747283 424883132 20312 49790 21026 0 0 0
cpu22 6637198 2448 739861 425967501 24153 30029 14705 0 0 0
cpu23 5141425 9625 801424 427405827 23753 31325 14889 0 0 0
cpu24 12487957 4116 911814 419918093 31289 65309 14604 0 0 0
cpu25 14433775 6367 891799 417986708 45271 65828 6738 0 0 0
cpu26 13301154 9770 957710 419056842 37341 72966 6531 0 0 0
cpu27 13606709 1251 975145 418750850 40872 63021 6534 0 0 0
cpu28 13257692 3180 910366 419150064 39082 69575 6544 0 0 0
cpu29 13680874 4685 972885 418654020 41311 71652 7431 0 0 0
cpu30 13063236 5866 909710 419334854 41191 70074 6900 0 0 0
cpu31 13744515 1302 1036053 418534026 42332 70794 7222 0 0 0
## interrupts
            CPU0       CPU1       CPU2       CPU3       CPU4       CPU5       CPU6       CPU7       CPU8       CPU9       CPU10      CPU11      CPU12      CPU13      CPU14      CPU15      CPU16      CPU17      CPU18      CPU19      CPU20      CPU21      CPU22      CPU23      CPU24      CPU25      CPU26      CPU27      CPU28      CPU29      CPU30      CPU31      
 LOC:  508958539  470237310  440809411  435792686  418019653  582077649  916335704 3326578658  220140770  157534429  176425657  179292611  150899345  143511822  152764617  170173420  115435633  109853546  112777727  106578171   97637634  120885763  108108354  104132950  183153854  193794547  186191587  186895981  182950214  189366252  180115401  188350952   Local timer interrupts
 RES:     133775      74547      69007      60569      51190      46512       9764      11532      77627      16934      14727      12688      11817      11468      11514      11579       7263      11525      10057       8971       8744       6898       7084       6473       9430       9162       8671       8420       9034       8716       8125       8953   Rescheduling interrupts
 CAL: 1433798783 1107600586 1135365888 1114732210  999651559  944712330   99198834   37211230   37251959   28507935   25915037   23819280   22594710   21173938   21574010   22110421   21716883   17044449   16487289   16429152   16360358   16272474   15518846   15572363   29469013   30054863   31332173   32771768   33925165   35755732   35653999   35039676   Function call interrupts
 TLB:   41896545   45790610   46320217   46647201   46602793   45018404   34076735   34250536   28753184   28581582   27369424   25941101   24884003   23378217   23709294   24183044   22746649   19266319   18730537   18566792   18440003   18135786   15874504   15766635   31415332   31663626   32926122   34130884   35158288   36871259   36586174   35517026   TLB shootdowns
## cpuidle cpu estado tiempo_us entradas
cpu0 POLL 13954628 435192
cpu0 C1 2957986649 30328997
cpu0 C1E 25045935233 116077936
cpu0 C6 3900661376978 516671148
cpu1 POLL 5063936 139686
cpu1 C1 32130084 493427
cpu1 C1E 12595685413 74055400
cpu1 C6 3904871102337 151363306
cpu2 POLL 4527122 142560
cpu2 C1 47694763 533341
cpu2 C1E 11529997509 65174275
cpu2 C6 3920924479659 116502385
cpu3 POLL 4125491 112558
cpu3 C1 43783435 484161
cpu3 C1E 11371837230 59001014
cpu3 C6 3926299217908 110541436
cpu4 POLL 3847650 108665
cpu4 C1 50817741 498456
cpu4 C1E 11156175553 62759897
cpu4 C6 3951312560996 126367994
cpu5 POLL 4076030 118450
cpu5 C1 206356282 353744
cpu5 C1E 9943519640 64855085
cpu5 C6 3778474737265 89980906
cpu6 POLL 1111893311 135849734
cpu6 C1 14459437699 49276492
cpu6 C1E 163011659582 554607917
cpu6 C6 3781635561350 386494210
cpu7 POLL 29338792 742377
cpu7 C1 42804665 1946201
cpu7 C1E 424186706792 3170711732
cpu7 C6 3758001276337 87741929
cpu16 POLL 2077402 56849
cpu16 C1 77469381 196719
cpu16 C1E 7068792120 31257411
cpu16 C6 4258594145095 103227798
cpu17 POLL 1716245 47710
cpu17 C1 23709162 192058
cpu17 C1E 7079997941 28473180
cpu17 C6 4252952147095 88674427
cpu18 POLL 1435655 48024
cpu18 C1 27485169 198309
cpu18 C1E 6730767037 26017592
cpu18 C6 4247871834258 80213882
cpu19 POLL 1270524 43584
cpu19 C1 19429628 136544
cpu19 C1E 5884798316 19081037
cpu19 C6 4247757683350 111065174
cpu20 POLL 2155931 52898
cpu20 C1 14024738 167826
cpu20 C1E 6317126703 24969259
cpu20 C6 4262464066520 66213169
cpu21 POLL 2482172 57180
cpu21 C1 35790529 236953
cpu21 C1E 7325502424 32040888
cpu21 C6 4241203435683 66824653
cpu22 POLL 3787820 324450
cpu22 C1 108249593 249758
cpu22 C1E 7647778302 22946197
cpu22 C6 4251708461073 106412902
cpu23 POLL 3644562 225873
cpu23 C1 28254530 276041
cpu23 C1E 9505760919 34018249
cpu23 C6 4264341655065 80323294
## daemon hilo utime stime cpu
