## stat
cpu  506793024 220658 62953341 13292047844 1597051 3382452 814200 0 0 0
cpu0 36846490 37455 2630178 392943040 151030 271260 118507 0 0 0
cpu1 38573382 13577 2723061 391682601 148483 195252 36839 0 0 0
cpu2 37340877 5256 2504313 393220441 97583 190986 34314 0 0 0
cpu3 36972634 6201 2355016 393734029 102287 188186 31415 0 0 0
cpu4 34607181 9635 2228434 396234174 90051 182536 34542 0 0 0
cpu5 51739195 25654 2450026 378799407 118306 227906 41544 0 0 0
cpu6 12338027 2065 24831061 396091915 59097 146500 73452 0 0 0
cpu7 13321715 6850 900086 418403754 48489 265299 31846 0 0 0
cpu8 9817358 10098 1331501 421079750 50868 99669 69278 0 0 0
cpu9 9796151 4867 999388 422470504 42545 51343 21874 0 0 0
cpu10 11338711 6591 1077585 420905955 38356 56243 13368 0 0 0
cpu11 13215119 5285 1167398 418935784 44092 55456 27467 0 0 0
cpu12 10267330 669 928470 422153804 30721 52003 8039 0 0 0
cpu13 9832131 2370 949121 422575840 26360 49668 7656 0 0 0
cpu14 10298120 806 984352 421752640 49189 349447 7021 0 0 0
cpu15 11159240 1153 1293591 420878763 27593 62959 7459 0 0 0
cpu16 6074493 1932 610043 426621635 16072 52164 25989 0 0 0
cpu17 6603197 4854 669664 426044137 18225 50066 25719 0 0 0
cpu18 7063025 8264 751395 425501593 16674 50827 32786 0 0 0
cpu19 7009031 6245 809606 425435565 17904 82815 43426 0 0 0
cpu20 5529477 7364 904982 426913112 16202 41486 8517 0 0 0
cpu21 7695578 4845 747284 424885630 20312 49790 21026 0 0 0
cpu22 6637199 2448 739864 425969995 24154 30029 14706 0 0 0
cpu23 5141425 9625 801424 427408325 23753 31325 14889 0 0 0
cpu24 12487957 4116 911814 419920592 31289 65309 14604 0 0 0
cpu25 14433775 6367 891799 417989207 45271 65828 6738 0 0 0
cpu26 13301154 9770 957710 419059341 37341 72966 6531 0 0 0
cpu27 13606711 1251 975146 418753346 40872 63021 6534 0 0 0
cpu28 13257692 3180 910366 419152563 39082 69575 6544 0 0 0
cpu29 13680874 4685 972886 418656519 41311 71652 7431 0 0 0
cpu30 13063247 5866 909712 419337341 41191 70075 6900 0 0 0
cpu31 13744515 1302 1036053 418536525 42332 70794 7222 0 0 0
## interrupts
            CPU0       CPU1       CPU2       CPU3       CPU4       CPU5       CPU6       CPU7       CPU8       CPU9       CPU10      CPU11      CPU12      CPU13      CPU14      CPU15      CPU16      CPU17      CPU18      CPU19      CPU20      CPU21      CPU22      CPU23      CPU24      CPU25      CPU26      CPU27      CPU28      CPU29      CPU30      CPU31      
 LOC:  508978725  470257723  440830270  435813173  418039984  582097969  916345769 3326578666  220140968  157534543  176425780  179292671  150899352  143511868  152764645  170173490  115436036  109853934  112777876  106578177   97637728  120885923  108109180  104133596  183153886  193794554  186191594  186896757  182950310  189366268  180116246  188351010   Local timer interrupts
 RES:     133779      74593      69011      60572      51193      46514       9764      11532      77627      16934      14727      12688      11817      11468      11514      11580       7263      11525      10058       8971       8744       6898       7084       6473       9430       9162       8671       8420       9034       8716       8127       8953   Rescheduling interrupts
 CAL: 1433799700 1107601497 1135366694 1114732661  999652144  944713202   99203796   37211234   37251959   28507939   25915041   23819284   22594714   21173949   21574014   22110425   21716888   17044457   16487293   16429156   16360362   16272478   15518871   15572385   29469017   30054867   31332177   32771772   33925187   35755773   35654003   35039680   Function call interrupts
 TLB:   41897442   45791507   46321018   46647646   46603373   45019269   34076735   34250536   28753184   28581582   27369424   25941101   24884003   23378224   23709294   24183044   22746649   19266319   18730537   18566792   18440003   18135786   15874525   15766652   31415332   31663626   32926122   34130884   35158307   36871298   36586174   35517026   TLB shootdowns
## cpuidle cpu estado tiempo_us entradas
cpu0 POLL 13954628 435192
cpu0 C1 2957986649 30328997
cpu0 C1E 25045978396 116077988
cpu0 C6 3900666310825 516671738
cpu1 POLL 5063949 139687
cpu1 C1 32130108 493429
cpu1 C1E 12595944434 74056113
cpu1 C6 3904875787234 151363563
cpu2 POLL 4527122 142560
cpu2 C1 47694782 533342
cpu2 C1E 11530170108 65174579
cpu2 C6 3920928742474 116502734
cpu3 POLL 4125491 112558
cpu3 C1 43783509 484164
cpu3 C1E 11372020471 59001341
cpu3 C6 3926303899237 110541835
cpu4 POLL 3847650 108665
cpu4 C1 50817750 498457
cpu4 C1E 11156349087 62760133
cpu4 C6 3951317310492 126368326
cpu5 POLL 4076420 118458
cpu5 C1 206356679 353745
cpu5 C1E 9943664096 64855303
cpu5 C6 3778479470580 89981261
cpu6 POLL 1111893311 135849734
cpu6 C1 14459437699 49276492
cpu6 C1E 163011733102 554608005
cpu6 C6 3781660249508 386523152
cpu7 POLL 29338792 742377
cpu7 C1 42804665 1946201
cpu7 C1E 424186706995 3170711733
cpu7 C6 3758026291107 87742321
cpu16 POLL 2077402 56849
cpu16 C1 77469434 196720
cpu16 C1E 7068964959 31257657
cpu16 C6 4258618976755 103228259
cpu17 POLL 1716245 47710
cpu17 C1 23709162 192058
cpu17 C1E 7080074630 28473378
cpu17 C6 4252977083081 88675128
cpu18 POLL 1435655 48024
cpu18 C1 27485169 198309
cpu18 C1E 6730767037 26017592
cpu18 C6 4247896743856 80214048
cpu19 POLL 1270524 43584
cpu19 C1 19429628 136544
cpu19 C1E 5884798316 19081037
cpu19 C6 4247782574319 111065292
cpu20 POLL 2155931 52898
cpu20 C1 14024738 167826
cpu20 C1E 6317126703 24969259
cpu20 C6 4262488956242 66213314
cpu21 POLL 2482172 57180
cpu21 C1 35790529 236953
cpu21 C1E 7325502424 32040888
cpu21 C6 4241228257401 66824783
cpu22 POLL 3787820 324450
cpu22 C1 108249593 249758
cpu22 C1E 7647822521 22946245
cpu22 C6 4251733232602 106423585
cpu23 POLL 3644628 225874
cpu23 C1 28254536 276042
cpu23 C1E 9505952644 34018534
cpu23 C6 4264366471954 80324246
## daemon hilo utime stime cpu
