## stat
cpu  506720359 220658 62952171 13291487652 1596938 3381972 814107 0 0 0
cpu0 36834445 37455 2630126 392935349 151027 271207 118505 0 0 0
cpu1 38561341 13577 2723015 391674898 148481 195200 36838 0 0 0
cpu2 37328820 5256 2504250 393212775 97576 190933 34313 0 0 0
cpu3 36960589 6201 2354953 393726356 102283 188130 31409 0 0 0
cpu4 34595076 9635 2228381 396226543 90048 182481 34541 0 0 0
cpu5 51727205 25654 2449972 378791665 118304 227851 41543 0 0 0
cpu6 12338000 2065 24830523 396072826 59094 146459 73427 0 0 0
cpu7 13321711 6850 900082 418384135 48469 265263 31824 0 0 0
cpu8 9817323 10098 1331486 421060037 50866 99655 69267 0 0 0
cpu9 9796090 4867 999367 422450753 42538 51337 21872 0 0 0
cpu10 11338708 6591 1077572 420886128 38354 56242 13367 0 0 0
cpu11 13215114 5285 1167385 418915962 44090 55455 27464 0 0 0
cpu12 10267322 669 928453 422133993 30719 51999 8038 0 0 0
cpu13 9832121 2370 949104 422556026 26357 49667 7655 0 0 0
cpu14 10298111 806 984339 421732819 49186 349445 7020 0 0 0
cpu15 11159236 1153 1293583 420858933 27590 62958 7459 0 0 0
cpu16 6074490 1932 610035 426601807 16069 52162 25988 0 0 0
cpu17 6603177 4854 669656 426024322 18223 50063 25717 0 0 0
cpu18 7063024 8264 751391 425481751 16672 50827 32786 0 0 0
cpu19 7008960 6245 809576 425415878 17894 82802 43426 0 0 0
cpu20 5529465 7364 904977 426893283 16200 41485 8517 0 0 0
cpu21 7695577 4845 747277 424865794 20311 49789 21026 0 0 0
cpu22 6637197 2448 739859 425950161 24153 30028 14704 0 0 0
cpu23 5141422 9625 801414 427388495 23751 31323 14889 0 0 0
cpu24 12487956 4116 911813 419900746 31289 65309 14604 0 0 0
cpu25 14433717 6367 891777 417969455 45265 65821 6737 0 0 0
cpu26 13301151 9770 957699 419039508 37339 72965 6530 0 0 0
cpu27 13606700 1251 975137 418733527 40870 63017 6533 0 0 0
cpu28 13257685 3180 910350 419132743 39077 69574 6543 0 0 0
cpu29 13680869 4685 972874 418636693 41308 71651 7430 0 0 0
cpu30 13063229 5866 909695 419317537 41188 70072 6900 0 0 0
cpu31 13744509 1302 1036034 418516739 42329 70783 7221 0 0 0
## interrupts
            CPU0       CPU1       CPU2       CPU3       CPU4       CPU5       CPU6       CPU7       CPU8       CPU9       CPU10      CPU11      CPU12      CPU13      CPU14      CPU15      CPU16      CPU17      CPU18      CPU19      CPU20      CPU21      CPU22      CPU23      CPU24      CPU25      CPU26      CPU27      CPU28      CPU29      CPU30      CPU31      
 LOC:  508854240  470134056  440702869  435687356  417916320  581954295  916096315 3326180611  220118547  157520613  176423928  179290435  150841375  143508887  152761627  170172245  115423261  109843809  112777191  106530044   97632878  120882838  108105471  104129826  183153387  193779272  186190118  186891160  182948433  189364690  180110991  188189208   Local timer interrupts
 RES:     133756      74504      68966      60553      51173      46488       9764      11532      77623      16934      14727      12658      11805      11467      11514      11571       7255      11503      10056       8971       8743       6898       7083       6473       9410       9142       8623       8413       9034       8714       8123       8952   Rescheduling interrupts
 CAL: 1433047658 1106848212 1134616002 1113978666  998893077  943963539   99195917   37199320   37250075   28507877   25914983   23819205   22594646   21173883   21573955   22110355   21716796   17044367   16487227   16429038   16360303   16272409   15518790   15572301   29468957   30054785   31332092   32771713   33925111   35755679   35653944   35039620   Function call interrupts
 TLB:   41892482   45786872   46316342   46643672   46599439   45014679   34076735   34250536   28753184   28581582   27369424   25941101   24884003   23378217   23709294   24183044   22746649   19266319   18730537   18566792   18440003   18135786   15874504   15766635   31415332   31663626   32926122   34130884   35158288   36871259   36586174   35517026   TLB shootdowns
## cpuidle cpu estado tiempo_us entradas
cpu0 POLL 13954628 435192
cpu0 C1 2957975669 30328983
cpu0 C1E 25045432872 116077182
cpu0 C6 3900589961767 516662263
cpu1 POLL 5063936 139686
cpu1 C1 32129002 493423
cpu1 C1E 12594736229 74053163
cpu1 C6 3904799971973 151360404
cpu2 POLL 4527026 142558
cpu2 C1 47694657 533336
cpu2 C1E 11528566258 65169298
cpu2 C6 3920853631020 116500342
cpu3 POLL 4124979 112550
cpu3 C1 43782532 484131
cpu3 C1E 11370783235 58997241
cpu3 C6 3926228427203 110531921
cpu4 POLL 3847650 108665
cpu4 C1 50817662 498453
cpu4 C1E 11155580856 62759073
cpu4 C6 3951241769338 126366087
cpu5 POLL 4075767 118445
cpu5 C1 206355122 353721
cpu5 C1E 9940310784 64832755
cpu5 C6 3778405390189 89979128
cpu6 POLL 1111740233 135847316
cpu6 C1 14459113908 49268898
cpu6 C1E 162915460429 554407073
cpu6 C6 3781566497528 386443504
cpu7 POLL 29337421 742355
cpu7 C1 42803229 1946021
cpu7 C1E 424135143345 3170332030
cpu7 C6 3757881885836 87686317
cpu16 POLL 2076885 56841
cpu16 C1 77464284 196698
cpu16 C1E 7066382116 31246341
cpu16 C6 4258423260964 103222033
cpu17 POLL 1716117 47708
cpu17 C1 23709108 192050
cpu17 C1E 7077611164 28466263
cpu17 C6 4252781398406 88664589
cpu18 POLL 1435655 48024
cpu18 C1 27485125 198308
cpu18 C1E 6730538984 26017316
cpu18 C6 4247698487551 80212362
cpu19 POLL 1269212 43564
cpu19 C1 19412474 136486
cpu19 C1E 5875848368 19055414
cpu19 C6 4247594693103 111040246
cpu20 POLL 2155866 52897
cpu20 C1 14024738 167826
cpu20 C1E 6316217426 24967118
cpu20 C6 4262291658817 66209738
cpu21 POLL 2482042 57178
cpu21 C1 35790473 236946
cpu21 C1E 7324196464 32038922
cpu21 C6 4241031176065 66821084
cpu22 POLL 3787820 324450
cpu22 C1 108249536 249756
cpu22 C1E 7647459724 22945700
cpu22 C6 4251535489419 106391224
cpu23 POLL 3644562 225873
cpu23 C1 28254469 276037
cpu23 C1E 9504453659 34016329
cpu23 C6 4264169691739 80301307
## daemon hilo utime stime cpu
cpu_loop_main 10 4 17
cpu_loop_main 0 4 6
