## stat
cpu  506732639 220658 62952298 13291556159 1596951 3382069 814125 0 0 0
cpu0 36836447 37455 2630140 392935858 151027 271218 118505 0 0 0
cpu1 38563352 13577 2723018 391675410 148481 195211 36838 0 0 0
cpu2 37330831 5256 2504255 393213284 97576 190944 34313 0 0 0
cpu3 36962593 6201 2354969 393726860 102284 188141 31410 0 0 0
cpu4 34597141 9635 2228385 396226999 90048 182493 34541 0 0 0
cpu5 51729211 25654 2449977 378792179 118304 227862 41543 0 0 0
cpu6 12338001 2065 24830546 396075198 59094 146466 73428 0 0 0
cpu7 13321711 6850 900082 418386655 48469 265266 31835 0 0 0
cpu8 9817355 10098 1331493 421062524 50866 99659 69268 0 0 0
cpu9 9796148 4867 999381 422453210 42543 51343 21874 0 0 0
cpu10 11338709 6591 1077575 420888660 38354 56242 13367 0 0 0
cpu11 13215115 5285 1167386 418918496 44090 55455 27464 0 0 0
cpu12 10267322 669 928453 422136530 30719 51999 8038 0 0 0
cpu13 9832121 2370 949104 422558563 26357 49667 7655 0 0 0
cpu14 10298111 806 984339 421735355 49186 349445 7020 0 0 0
cpu15 11159236 1153 1293583 420861470 27590 62958 7459 0 0 0
cpu16 6074491 1932 610035 426604343 16069 52163 25988 0 0 0
cpu17 6603196 4854 669661 426026834 18225 50065 25717 0 0 0
cpu18 7063024 8264 751392 425484288 16672 50827 32786 0 0 0
cpu19 7008960 6245 809576 425418415 17894 82802 43426 0 0 0
cpu20 5529476 7364 904979 426895806 16201 41486 8517 0 0 0
cpu21 7695577 4845 747277 424868330 20312 49789 21026 0 0 0
cpu22 6637197 2448 739859 425952697 24153 30028 14704 0 0 0
cpu23 5141422 9625 801415 427391031 23751 31324 14889 0 0 0
cpu24 12487956 4116 911813 419903283 31289 65309 14604 0 0 0
cpu25 14433769 6367 891787 417971924 45265 65827 6738 0 0 0
cpu26 13301151 9770 957699 419042045 37339 72965 6530 0 0 0
cpu27 13606701 1251 975138 418736060 40870 63018 6533 0 0 0
cpu28 13257686 3180 910355 419135273 39078 69574 6543 0 0 0
cpu29 13680870 4685 972877 418639225 41309 71651 7430 0 0 0
cpu30 13063231 5866 909697 419320069 41188 70072 6900 0 0 0
cpu31 13744510 1302 1036038 418519270 42330 70783 7221 0 0 0
## interrupts
            CPU0       CPU1       CPU2       CPU3       CPU4       CPU5       CPU6       CPU7       CPU8       CPU9       CPU10      CPU11      CPU12      CPU13      CPU14      CPU15      CPU16      CPU17      CPU18      CPU19      CPU20      CPU21      CPU22      CPU23      CPU24      CPU25      CPU26      CPU27      CPU28      CPU29      CPU30      CPU31      
 LOC:  508874900  470154421  440723237  435707771  417937199  581974582  916147050 3326191657  220126285  157533199  176424229  179290890  150841382  143508899  152761642  170172251  115423551  109852184  112777285  106530085   97636970  120882896  108105971  104130480  183153399  193790954  186190126  186891882  182948833  189365005  180111925  188189526   Local timer interrupts
 RES:     133760      74508      68969      60556      51176      46492       9764      11532      77623      16934      14727      12671      11805      11467      11514      11571       7255      11505      10056       8971       8743       6898       7083       6473       9410       9142       8623       8413       9034       8714       8123       8952   Rescheduling interrupts
 CAL: 1433231096 1107031195 1134799325 1114162176  999080568  944146431   99195921   37204861   37250088   28507883   25914986   23819220   22594649   21173886   21573958   22110358   21716801   17044371   16487230   16429059   16360307   16272412   15518795   15572304   29468960   30054790   31332095   32771716   33925114   35755682   35653947   35039623   Function call interrupts
 TLB:   41893364   45787637   46317217   46644554   46599686   45015503   34076735   34250536   28753184   28581582   27369424   25941101   24884003   23378217   23709294   24183044   22746649   19266319   18730537   18566792   18440003   18135786   15874504   15766635   31415332   31663626   32926122   34130884   35158288   36871259   36586174   35517026   TLB shootdowns
## cpuidle cpu estado tiempo_us entradas
cpu0 POLL 13954628 435192
cpu0 C1 2957975669 30328983
cpu0 C1E 25045483246 116077275
cpu0 C6 3900594998883 516663629
cpu1 POLL 5063936 139686
cpu1 C1 32129002 493423
cpu1 C1E 12594764923 74053199
cpu1 C6 3904805055119 151361244
cpu2 POLL 4527026 142558
cpu2 C1 47694657 533336
cpu2 C1E 11528634582 65169408
cpu2 C6 3920858641223 116500490
cpu3 POLL 4124979 112550
cpu3 C1 43782532 484131
cpu3 C1E 11370861749 58997393
cpu3 C6 3926233377561 110532340
cpu4 POLL 3847650 108665
cpu4 C1 50817662 498453
cpu4 C1E 11155644488 62759157
cpu4 C6 3951246241385 126366398
cpu5 POLL 4075767 118445
cpu5 C1 206355122 353721
cpu5 C1E 9940345260 64832799
cpu5 C6 3778410540624 89979253
cpu6 POLL 1111740364 135847318
cpu6 C1 14459114056 49268921
cpu6 C1E 162939085975 554457514
cpu6 C6 3781566536213 386443582
cpu7 POLL 29337421 742355
cpu7 C1 42803229 1946021
cpu7 C1E 424135148309 3170332037
cpu7 C6 3757907001256 87716738
cpu16 POLL 2076885 56841
cpu16 C1 77464284 196698
cpu16 C1E 7066465991 31246467
cpu16 C6 4258448524288 103222897
cpu17 POLL 1716179 47709
cpu17 C1 23709125 192054
cpu17 C1E 7079259083 28471093
cpu17 C6 4252804837853 88669459
cpu18 POLL 1435655 48024
cpu18 C1 27485125 198308
cpu18 C1E 6730555686 26017334
cpu18 C6 4247723980341 80212513
cpu19 POLL 1269212 43564
cpu19 C1 19412474 136486
cpu19 C1E 5875851013 19055418
cpu19 C6 4247620161119 111040369
cpu20 POLL 2155931 52898
cpu20 C1 14024738 167826
cpu20 C1E 6316838914 24968934
cpu20 C6 4262316277353 66211665
cpu21 POLL 2482042 57178
cpu21 C1 35790473 236946
cpu21 C1E 7324278428 32039017
cpu21 C6 4241056636773 66821302
cpu22 POLL 3787820 324450
cpu22 C1 108249536 249756
cpu22 C1E 7647521663 22945818
cpu22 C6 4251560772865 106391979
cpu23 POLL 3644562 225873
cpu23 C1 28254469 276037
cpu23 C1E 9504701279 34016684
cpu23 C6 4264194729510 80312948
## daemon hilo utime stime cpu
cpu_loop_main 161 32 8
cpu_loop_main 2 153 6
