## stat
cpu  506950404 220658 62960109 13293327999 1597311 3383485 814415 0 0 0
cpu0 36872660 37455 2630314 392961679 151040 271373 118513 0 0 0
cpu1 38599627 13577 2723158 391701215 148489 195364 36842 0 0 0
cpu2 37366962 5256 2504452 393239174 97592 191097 34317 0 0 0
cpu3 36998688 6201 2355133 393752794 102296 188301 31429 0 0 0
cpu4 34633255 9635 2228519 396252977 90055 182647 34544 0 0 0
cpu5 51765180 25654 2450151 378818261 118310 228015 41545 0 0 0
cpu6 12338181 2065 24836361 396135406 59102 146600 73520 0 0 0
cpu7 13321727 6850 900100 418448460 48520 265356 31890 0 0 0
cpu8 9817383 10098 1331541 421124589 50881 99691 69298 0 0 0
cpu9 9796273 4867 999478 422515293 42562 51372 21880 0 0 0
cpu10 11338725 6591 1077641 420950940 38368 56246 13372 0 0 0
cpu11 13215123 5285 1167413 418980836 44093 55457 27471 0 0 0
cpu12 10267335 669 928481 422198862 30725 52003 8040 0 0 0
cpu13 9832155 2370 949165 422620825 26373 49674 7659 0 0 0
cpu14 10298127 806 984364 421797674 49193 349452 7022 0 0 0
cpu15 11159246 1153 1293610 420923809 27598 62959 7461 0 0 0
cpu16 6074495 1932 610050 426666691 16073 52167 25992 0 0 0
cpu17 6603200 4854 669677 426089081 18232 50082 25722 0 0 0
cpu18 7063038 8264 751408 425546641 16676 50831 32787 0 0 0
cpu19 7009046 6245 809622 425480413 17916 82843 43427 0 0 0
cpu20 5529481 7364 904995 426958167 16205 41488 8518 0 0 0
cpu21 7695583 4845 747302 424930680 20315 49792 21028 0 0 0
cpu22 6637223 2448 739876 426014993 24163 30038 14707 0 0 0
cpu23 5141429 9625 801443 427453363 23756 31329 14893 0 0 0
cpu24 12487957 4116 911815 419965670 31289 65309 14604 0 0 0
cpu25 14433782 6367 891812 418034262 45274 65829 6739 0 0 0
cpu26 13301159 9770 957721 419104403 37342 72966 6531 0 0 0
cpu27 13606754 1251 975231 418798251 40885 63041 6537 0 0 0
cpu28 13257713 3180 910425 419197496 39101 69584 6547 0 0 0
cpu29 13680891 4685 972909 418701550 41315 71654 7432 0 0 0
cpu30 13063335 5866 909787 419382204 41204 70093 6905 0 0 0
cpu31 13744654 1302 1036140 418581324 42350 70815 7228 0 0 0
## interrupts
            CPU0       CPU1       CPU2       CPU3       CPU4       CPU5       CPU6       CPU7       CPU8       CPU9       CPU10      CPU11      CPU12      CPU13      CPU14      CPU15      CPU16      CPU17      CPU18      CPU19      CPU20      CPU21      CPU22      CPU23      CPU24      CPU25      CPU26      CPU27      CPU28      CPU29      CPU30      CPU31      
 LOC:  509250283  470540868  441098227  436106908  418304536  582361990  916849117 3327247742  220185488  157742808  176433635  179295189  150900895  143523607  152842833  170175455  115443412  109974949  112785600  106848418   97643659  120892862  108199685  104146184  183154221  193796469  186192647  187082177  183069398  189371695  180165096  188391486   Local timer interrupts
 RES:     133839      74656      69088      60618      51239      46559       9766      11536      77647      16994      14768      12696      11864      11479      11557      11582       7263      11568      10061       8974       8767       6964       7096       6474       9430       9163       8672       8476       9080       8735       8242       9000   Rescheduling interrupts
 CAL: 1435316175 1109119024 1136881256 1116242170 1001158183  946218464   99231677   37234578   37255627   28508113   25915207   23819436   22594879   21174093   21574206   22110587   21717062   17044682   16487434   16429325   16360538   16272665   15519061   15572563   29469159   30055045   31332319   32771925   33925357   35755927   35654194   35039858   Function call interrupts
 TLB:   41908184   45801067   46331399   46657360   46613317   45027868   34076765   34250543   28753184   28581582   27369424   25941101   24884003   23378224   23709294   24183044   22746649   19266319   18730537   18566792   18440003   18135786   15874525   15766652   31415332   31663626   32926122   34130884   35158307   36871298   36586174   35517026   TLB shootdowns
## cpuidle cpu estado tiempo_us entradas
cpu0 POLL 13955015 435198
cpu0 C1 2959458975 30329009
cpu0 C1E 25048170372 116081306
cpu0 C6 3900849069266 516690884
cpu1 POLL 5064013 139688
cpu1 C1 32131178 493439
cpu1 C1E 12599539335 74073186
cpu1 C6 3905058361713 151371268
cpu2 POLL 4527380 142564
cpu2 C1 47695222 533355
cpu2 C1E 11532207120 65177925
cpu2 C6 3921114087141 116509470
cpu3 POLL 4125954 112567
cpu3 C1 43786325 484221
cpu3 C1E 11377217129 59031867
cpu3 C6 3926486378248 110557248
cpu4 POLL 3847778 108667
cpu4 C1 50820442 498462
cpu4 C1E 11157189978 62761421
cpu4 C6 3951504528356 126373170
cpu5 POLL 4076420 118458
cpu5 C1 206357702 353747
cpu5 C1E 9944339484 64856173
cpu5 C6 3778667390305 89985840
cpu6 POLL 1112026615 135851825
cpu6 C1 14459704544 49279636
cpu6 C1E 163177107190 554935087
cpu6 C6 3781928477128 386787211
cpu7 POLL 29343141 742446
cpu7 C1 42808058 1946634
cpu7 C1E 424272018487 3171337263
cpu7 C6 3758387480418 87877276
cpu16 POLL 2077695 56874
cpu16 C1 77469827 196750
cpu16 C1E 7070255963 31259513
cpu16 C6 4259068177944 103241562
cpu17 POLL 1718263 47747
cpu17 C1 23712790 192175
cpu17 C1E 7098060794 28596989
cpu17 C6 4253408390690 88689404
cpu18 POLL 1435809 48028
cpu18 C1 27490304 198320
cpu18 C1E 6732521336 26021807
cpu18 C6 4248345519650 80221542
cpu19 POLL 1275035 43654
cpu19 C1 19435224 136706
cpu19 C1E 5920874222 19350313
cpu19 C6 4248194795699 111068122
cpu20 POLL 2156669 52910
cpu20 C1 14025243 167842
cpu20 C1E 6319613883 24973132
cpu20 C6 4262937111794 66221011
cpu21 POLL 2482369 57184
cpu21 C1 35790660 236964
cpu21 C1E 7328969577 32046930
cpu21 C6 4241675442355 66832741
cpu22 POLL 3789098 324475
cpu22 C1 108253138 249815
cpu22 C1E 7661570429 23030748
cpu22 C6 4252169289084 106540773
cpu23 POLL 3644995 225883
cpu23 C1 28254783 276059
cpu23 C1E 9508745985 34022966
cpu23 C6 4264813876985 80382875
## daemon hilo utime stime cpu
