## stat
cpu  506938472 220658 62960043 13293260369 1597305 3383456 814401 0 0 0
cpu0 36870643 37455 2630304 392961221 151040 271369 118513 0 0 0
cpu1 38597643 13577 2723154 391700716 148489 195360 36842 0 0 0
cpu2 37364983 5256 2504445 393238673 97592 191094 34317 0 0 0
cpu3 36996710 6201 2355125 393752293 102296 188298 31429 0 0 0
cpu4 34631269 9635 2228516 396252480 90055 182643 34544 0 0 0
cpu5 51763201 25654 2450141 378817763 118310 228011 41545 0 0 0
cpu6 12338181 2065 24836361 396132932 59102 146598 73509 0 0 0
cpu7 13321727 6850 900100 418445969 48520 265356 31890 0 0 0
cpu8 9817383 10098 1331539 421122108 50880 99690 69298 0 0 0
cpu9 9796273 4867 999477 422512806 42562 51372 21880 0 0 0
cpu10 11338724 6591 1077635 420948459 38367 56246 13371 0 0 0
cpu11 13215123 5285 1167413 418978346 44093 55457 27471 0 0 0
cpu12 10267334 669 928479 422196376 30724 52003 8040 0 0 0
cpu13 9832154 2370 949162 422618339 26372 49674 7658 0 0 0
cpu14 10298127 806 984364 421795184 49193 349452 7022 0 0 0
cpu15 11159246 1153 1293610 420921319 27598 62959 7461 0 0 0
cpu16 6074495 1932 610050 426664201 16073 52167 25992 0 0 0
cpu17 6603200 4854 669677 426086592 18232 50081 25722 0 0 0
cpu18 7063038 8264 751408 425544151 16676 50831 32787 0 0 0
cpu19 7009046 6245 809622 425477923 17916 82843 43427 0 0 0
cpu20 5529481 7364 904995 426955677 16205 41488 8518 0 0 0
cpu21 7695583 4845 747302 424928190 20315 49792 21028 0 0 0
cpu22 6637223 2448 739876 426012503 24163 30038 14707 0 0 0
cpu23 5141429 9625 801443 427450873 23756 31329 14893 0 0 0
cpu24 12487957 4116 911815 419963180 31289 65309 14604 0 0 0
cpu25 14433782 6367 891812 418031772 45274 65829 6739 0 0 0
cpu26 13301159 9770 957721 419101913 37342 72966 6531 0 0 0
cpu27 13606752 1251 975227 418795769 40884 63040 6537 0 0 0
cpu28 13257713 3180 910425 419195007 39101 69584 6547 0 0 0
cpu29 13680891 4685 972909 418699060 41315 71654 7432 0 0 0
cpu30 13063333 5866 909783 419379721 41203 70092 6904 0 0 0
cpu31 13744653 1302 1036137 418578839 42350 70815 7228 0 0 0
## interrupts
            CPU0       CPU1       CPU2       CPU3       CPU4       CPU5       CPU6       CPU7       CPU8       CPU9       CPU10      CPU11      CPU12      CPU13      CPU14      CPU15      CPU16      CPU17      CPU18      CPU19      CPU20      CPU21      CPU22      CPU23      CPU24      CPU25      CPU26      CPU27      CPU28      CPU29      CPU30      CPU31      
 LOC:  509229823  470520883  441078269  436086976  418284518  582341915  916837845 3327247736  220185129  157742379  176433233  179295133  150900616  143523331  152842826  170175449  115443326  109974643  112785429  106848412   97643650  120892421  108199657  104146167  183154210  193796462  186192640  187081101  183069362  189371645  180164170  188391169   Local timer interrupts
 RES:     133836      74653      69084      60614      51236      46556       9766      11536      77647      16990      14768      12696      11864      11479      11557      11582       7263      11568      10061       8974       8767       6964       7096       6474       9430       9163       8672       8476       9080       8735       8242       9000   Rescheduling interrupts
 CAL: 1435315352 1109118146 1136880360 1116241404 1001157752  946217758   99226077   37234572   37255627   28508098   25915202   23819432   22594875   21174089   21574202   22110583   21717057   17044678   16487430   16429321   16360534   16272659   15519057   15572559   29469155   30055041   31332315   32771921   33925353   35755923   35654190   35039854   Function call interrupts
 TLB:   41907377   45800198   46330510   46656600   46612896   45027169   34076765   34250543   28753184   28581582   27369424   25941101   24884003   23378224   23709294   24183044   22746649   19266319   18730537   18566792   18440003   18135786   15874525   15766652   31415332   31663626   32926122   34130884   35158307   36871298   36586174   35517026   TLB shootdowns
## cpuidle cpu estado tiempo_us entradas
cpu0 POLL 13955015 435198
cpu0 C1 2959458975 30329009
cpu0 C1E 25048139030 116081222
cpu0 C6 3900844515220 516690440
cpu1 POLL 5064013 139688
cpu1 C1 32131115 493438
cpu1 C1E 12599519162 74073158
cpu1 C6 3905053398659 151371068
cpu2 POLL 4527380 142564
cpu2 C1 47695222 533355
cpu2 C1E 11532171160 65177880
cpu2 C6 3921107183181 116509365
cpu3 POLL 4125954 112567
cpu3 C1 43786313 484220
cpu3 C1E 11377192551 59031830
cpu3 C6 3926481406996 110557048
cpu4 POLL 3847778 108667
cpu4 C1 50820442 498462
cpu4 C1E 11157139106 62761351
cpu4 C6 3951498784419 126373012
cpu5 POLL 4076420 118458
cpu5 C1 206357702 353747
cpu5 C1E 9944320415 64856143
cpu5 C6 3778662432747 89985483
cpu6 POLL 1112026615 135851825
cpu6 C1 14459704544 49279636
cpu6 C1E 163177015160 554934951
cpu6 C6 3781902019623 386757172
cpu7 POLL 29343141 742446
cpu7 C1 42808058 1946634
cpu7 C1E 424272018487 3171337263
cpu7 C6 3758361744418 87877212
cpu16 POLL 2077695 56874
cpu16 C1 77469827 196750
cpu16 C1E 7070241395 31259498
cpu16 C6 4259043281486 103241331
cpu17 POLL 1718263 47747
cpu17 C1 23712612 192173
cpu17 C1E 7097996323 28596853
cpu17 C6 4253383563439 88689030
cpu18 POLL 1435809 48028
cpu18 C1 27490304 198320
cpu18 C1E 6732521336 26021807
cpu18 C6 4248319687123 80221274
cpu19 POLL 1275035 43654
cpu19 C1 19435224 136706
cpu19 C1E 5920874222 19350313
cpu19 C6 4248169043661 111068055
cpu20 POLL 2156669 52910
cpu20 C1 14025243 167842
cpu20 C1E 6319613883 24973132
cpu20 C6 4262911236175 66220872
cpu21 POLL 2482369 57184
cpu21 C1 35790660 236964
cpu21 C1E 7328799728 32046665
cpu21 C6 4241650718666 66832191
cpu22 POLL 3789098 324475
cpu22 C1 108253138 249815
cpu22 C1E 7661570429 23030748
cpu22 C6 4252143410277 106529448
cpu23 POLL 3644995 225883
cpu23 C1 28254783 276059
cpu23 C1E 9508665130 34022717
cpu23 C6 4264788043689 80382759
## daemon hilo utime stime cpu
