## stat
cpu  1731823647 127832 73378849 34434850153 22047812 6640519 1776044 0 0 0
cpu0 17753535 2358 823638 328807917 214777 173505 699261 0 0 0
cpu1 33507443 221 1411033 313261682 307164 141427 96874 0 0 0
cpu2 19010187 4456 885169 328166015 364524 94776 205109 0 0 0
cpu3 31873410 226 1295054 315125268 281276 123425 47231 0 0 0
cpu4 38073944 213 1547665 308670194 283466 139254 25743 0 0 0
cpu5 32902947 223 1414231 313863471 409852 125026 25754 0 0 0
cpu6 30507177 3022 1254604 316566982 259349 113198 42665 0 0 0
cpu7 34961301 62 1378282 311844839 382867 123914 7995 0 0 0
cpu8 32116225 576 1291704 314984105 223637 117079 15680 0 0 0
cpu9 38918488 0 1513843 307939013 224130 138865 6858 0 0 0
cpu10 35461302 14 1476973 311330276 342847 127400 6778 0 0 0
cpu11 21964314 199 1013975 325380779 272804 88582 30338 0 0 0
cpu12 35750289 76 1594155 310912468 351306 131156 7025 0 0 0
cpu13 35044793 1714 1427140 311886060 229414 126214 6155 0 0 0
cpu14 36182097 30 1474122 310640883 311313 133106 6055 0 0 0
cpu15 19360036 1174 851534 328233168 237501 75240 5825 0 0 0
cpu16 31491431 13 1301284 315598535 111558 129402 105906 0 0 0
cpu17 22351583 282 883286 325214629 225359 78897 7196 0 0 0
cpu18 22945329 105 940870 324556066 201727 85131 23893 0 0 0
cpu19 24548874 69 1074887 322744495 294083 89848 5498 0 0 0
cpu20 17881269 849 837584 329685192 287085 68809 5216 0 0 0
cpu21 31096805 26 1210167 315960256 344213 117283 5825 0 0 0
cpu22 27428042 34 1214759 319689701 307722 103410 6334 0 0 0
cpu23 24722631 58 836124 322841000 262965 85885 6089 0 0 0
cpu24 26465267 73 1013210 320758800 405269 96773 6376 0 0 0
cpu25 23935090 762 1039555 323402193 275754 92437 6212 0 0 0
cpu26 14419198 9534 663636 333292662 314494 54146 6079 0 0 0
cpu27 30468576 5770 1271986 316611354 290995 104618 2897 0 0 0
cpu28 22808723 5017 1007519 324657777 197081 82627 2639 0 0 0
cpu29 26767221 753 1152445 320446866 298708 92902 2223 0 0 0
cpu30 21621005 213 1002715 325848235 214633 75546 2350 0 0 0
cpu31 31449445 59 1395544 315554691 234775 116258 2648 0 0 0
cpu32 29892817 45 1386595 317167163 198579 108714 2736 0 0 0
cpu33 34347930 1381 1335922 312691146 252248 120661 3077 0 0 0
cpu34 22610143 350 984324 324768823 312111 84799 2262 0 0 0
cpu35 23030710 1942 1056872 324293250 298524 81700 2107 0 0 0
cpu36 37157508 0 1718168 309433989 299809 135381 3287 0 0 0
cpu37 22350258 87 997638 325071986 260493 79907 2811 0 0 0
cpu38 27192735 293 1267651 320041610 152563 101109 2430 0 0 0
cpu39 26302671 148 1239293 320897971 218509 98220 2526 0 0 0
cpu40 18434517 1266 829496 329188454 244795 67692 2183 0 0 0
cpu41 28438644 498 1274591 318695539 239730 105106 2857 0 0 0
cpu42 26858702 2365 1220559 320456511 113629 102557 2401 0 0 0
cpu43 24775891 44 1102250 322536043 250501 94931 2031 0 0 0
cpu44 34570570 717 1551009 312161277 335906 127229 3170 0 0 0
cpu45 25913053 1863 1263952 321247329 234179 97857 2052 0 0 0
cpu46 20601749 25 927777 326993770 165137 76752 1729 0 0 0
cpu47 14719737 2 708364 333261803 25502 55123 1510 0 0 0
cpu48 21519258 11 928931 326033840 201072 79566 1825 0 0 0
cpu49 24994364 3417 958249 322582324 133159 88987 1880 0 0 0
cpu50 24842158 3220 1058046 322620864 139042 93086 2261 0 0 0
cpu51 26289034 8458 1099814 320974948 284312 98105 2541 0 0 0
cpu52 7936493 660 291653 340396908 92046 35576 10186 0 0 0
cpu53 1164794 151 63530 347441664 73668 15618 4565 0 0 0
cpu54 15498399 767 473620 332565376 144428 63829 10280 0 0 0
cpu55 1064042 665 60407 347480990 152342 10868 5402 0 0 0
cpu56 1882661 1304 95446 346698563 73991 15458 8092 0 0 0
cpu57 1981341 240 79816 346580418 98897 16859 13957 0 0 0
cpu58 2855834 1416 127340 345477916 276505 20343 4617 0 0 0
cpu59 968970 209 68496 347308913 127816 11525 9792 0 0 0
cpu60 3326182 67 114002 345174025 145354 13905 5328 0 0 0
cpu61 2860824 627 130063 345557405 213433 13756 3919 0 0 0
cpu62 5074909 153 112101 343258019 311732 17103 5371 0 0 0
cpu63 4193366 256 140821 344142648 211237 18184 73819 0 0 0
cpu64 4204396 1274 158739 344229110 115835 29128 34947 0 0 0
cpu65 3201697 113 128541 345209403 223838 14274 3994 0 0 0
cpu66 3415756 227 103114 345165805 81936 12883 3415 0 0 0
cpu67 3074259 2405 116104 345385837 179482 15451 4078 0 0 0
cpu68 3447038 93 135402 345100406 59918 20867 3728 0 0 0
cpu69 3706285 216 137177 344751494 163691 16379 5952 0 0 0
cpu70 785178 48 50679 347848558 63678 11532 10704 0 0 0
cpu71 6227658 830 186106 342147683 189326 22639 3982 0 0 0
cpu72 18699256 972 699723 328956631 339411 63997 5861 0 0 0
cpu73 7113984 26 213679 341245692 169319 28694 4921 0 0 0
cpu74 7209298 2561 213077 341083177 231345 26448 5377 0 0 0
cpu75 6031890 43 194868 342369452 150529 22727 5045 0 0 0
cpu76 5681951 43 228380 342725221 111590 24379 4004 0 0 0
cpu77 7335539 193 298021 340770506 330070 31243 6221 0 0 0
cpu78 10544608 4101 275101 337777426 146950 28905 1069 0 0 0
cpu79 6840585 7624 287773 341388208 230537 23982 1255 0 0 0
cpu80 5314197 8727 247992 343022414 164830 19799 1789 0 0 0
cpu81 7824912 4176 362094 340318308 238428 28374 1273 0 0 0
cpu82 6390162 842 313026 341875520 177289 22833 862 0 0 0
cpu83 7899573 980 324022 340299844 225700 27827 1083 0 0 0
cpu84 1865165 1470 87316 346683763 139986 7427 763 0 0 0
cpu85 697510 57 41078 347944299 62525 5082 2471 0 0 0
cpu86 7027976 147 301739 341282983 141400 25335 918 0 0 0
cpu87 7501097 1270 371585 340680898 194073 28160 986 0 0 0
cpu88 1421322 232 59369 346912784 160737 8105 5508 0 0 0
cpu89 8314526 708 325752 339957320 151702 27864 1175 0 0 0
cpu90 10458354 16 428138 337653991 198106 37066 1151 0 0 0
cpu91 8133761 20 396721 340076888 138746 30240 1182 0 0 0
cpu92 7939364 1673 354583 340308965 139476 28149 1976 0 0 0
cpu93 10179550 3293 483059 337727267 343969 37968 1121 0 0 0
cpu94 12101520 2640 446636 335921687 256324 42549 1370 0 0 0
cpu95 9373844 1421 442656 338733796 187293 35169 1420 0 0 0
cpu96 580416 2701 33307 348032043 97987 4619 2486 0 0 0
cpu97 9480062 1418 410682 338674541 175724 33379 1103 0 0 0
cpu98 8876067 2 386406 339370921 108438 32828 1090 0 0 0
cpu99 7655246 177 346290 340730913 19255 27059 932 0 0 0
cpu100 9440339 33 361427 338768877 173744 32882 986 0 0 0
cpu101 8948027 159 403775 339271049 118220 34705 1355 0 0 0
cpu102 9915684 1447 424081 338259804 138265 36330 1368 0 0 0
cpu103 9527297 2575 435090 338509564 264190 36545 1342 0 0 0
## interrupts
            CPU0       CPU1       CPU2       CPU3       CPU4       CPU5       CPU6       CPU7       CPU8       CPU9       CPU10      CPU11      CPU12      CPU13      CPU14      CPU15      CPU16      CPU17      CPU18      CPU19      CPU20      CPU21      CPU22      CPU23      CPU24      CPU25      CPU26      CPU27      CPU28      CPU29      CPU30      CPU31      CPU32      CPU33      CPU34      CPU35      CPU36      CPU37      CPU38      CPU39      CPU40      CPU41      CPU42      CPU43      CPU44      CPU45      CPU46      CPU47      CPU48      CPU49      CPU50      CPU51      CPU52      CPU53      CPU54      CPU55      CPU56      CPU57      CPU58      CPU59      CPU60      CPU61      CPU62      CPU63      CPU64      CPU65      CPU66      CPU67      CPU68      CPU69      CPU70      CPU71      CPU72      CPU73      CPU74      CPU75      CPU76      CPU77      CPU78      CPU79      CPU80      CPU81      CPU82      CPU83      CPU84      CPU85      CPU86      CPU87      CPU88      CPU89      CPU90      CPU91      CPU92      CPU93      CPU94      CPU95      CPU96      CPU97      CPU98      CPU99      CPU100     CPU101     CPU102     CPU103     
 LOC:  443492395  392491675  267030009  350890430  407841234  358434944  338115240  374202962  345086002  412349418  376904210  248612320  379311300  371151646  382106490  208209292  342878494  240879653  252911396  263987701  193958936  335827063  295468869  266725677  288491746  260696869  157619464  321728717  241639915  282785581  230123072  332293713  316550782  360672016  239323583  244175298  392692310  236918187  287857399  278985587  195809360  300463649  285607757  262949060  365007329  275061198  218387546  157504350  227522367  263153195  263759419  278068821   92188655   27195257  172337958   20771474   27726289   31415691   44488903   22156272   39463697   35506992   57722356   51850711   49659452   38397850   39409268   40054644   47928933   43588273   15155772   70604490  199426386   79290358   81888061   68817297   65439797   83652907  111465524   74421118   59151193   85410137   69699601   84963901   22856702   12361897   76087224   81582332   21760651   89251320  111676301   88271378   86694753  109752910  129796399  101745631   11514144  101783526   96081430   82955432  101276226   96901360  106558213  102772429   Local timer interrupts
 RES:       7695      15157      12559      13358       9566      11006      11748      11464       9338      13536       8317      12513      12746      12142      11933      10823      10966       7854      10219      11692      11389      11027      11918       9710      12291       7533        387        422        542        570        624        334        288       2238        471        242        920       1936        217        286        202        167        142        276        207        284        746        193        390        286        173        139       7144      10833      20486      12573       8187       9479      10892      10356       7868      12211       7877      11721      11892      11576      11064      10044      17732       8929       8691      11189      10421      10704      11852       9611      11241       7541        287        277        415        390        388        311       2370        329        438        400        496        408        441        473        351        296        293        447        369        410       1201        493        450        526        431        456   Rescheduling interrupts
 CAL:   93919276   13668920   25032654    7125655    3771016    4540823    6873968    2100851    3197164    1761148    1954652    4963456    1705570    1548365    1601332    1600679    1672505    1640379    3876242    1645207    1743707    1729381    1594294    1755391    1746716    1754134    2268610    2268336    2193827    2118467    1971164    1997307    1969239    1971608    1857714    1850369    1744872    1734161    1642207    1708900    1672738    1862140    1531449    1607293    1512844    1556918    1407697    1530163    1503603    1469881    1477991    1420621    1708287    1417622    1829512    1639048    1719091    1696424    1689370    1330650    1529306    1614510    1535015    1537646    1598871    1533217    1424562    1519442    1620712    1712751    1595970    1595834    1618966    1730572    1689416    1461097    1504541    1882796    1684547    1725396    1574438    1680199    1566656    1563578    1597621    1402393    1629472    1515685    1325936    1592139    1646063    1622225    1640694    1891970    1660230    1652144    1475458    1633211    1701926    1722634    1698903    1678761    1607873    1770352   Function call interrupts
 TLB:    2087917    2175684    1798700    1935606    1816028    1806769    1822052    1842268    1721286    1578289    1414428    1521014    1527781    1471889    1518907    1337842    1383428    1473578    1627542    1482183    1422855    1458474    1437311    1439265    1455900    1598504    1968329    1997415    2026781    1839950    1801453    1817147    1791890    1757715    1528108    1556170    1527257    1479144    1434131    1514321    1462067    1538877    1362618    1436221    1355145    1376175    1282286    1417047    1398878    1340392    1345269    1228120    1510551    1217916    1459001    1326328    1488160    1385297    1467995    1330017    1307844    1357234    1297083    1409883    1310339    1387736    1275824    1321866    1449045    1539601    1317880    1413776    1412067    1360045    1490047    1266736    1220079    1377315    1498550    1448486    1403928    1401382    1389795    1399948    1405120    1257010    1380434    1333911    1265023    1417109    1403087    1404809    1422785    1577464    1431561    1427128    1268278    1371857    1495458    1521008    1498558    1385823    1348025    1504925   TLB shootdowns
## cpuidle cpu estado tiempo_us entradas
cpu0 POLL 2647014 78598
cpu0 C1 1615920873 288544
cpu0 C1E 2143477758 4386795
cpu0 C6 3284734156966 347480343
cpu1 POLL 1205161 29984
cpu1 C1 963123602 306231
cpu1 C1E 1472890402 7001826
cpu1 C6 3132943257589 54746718
cpu2 POLL 1787552 86431
cpu2 C1 38129366869 546302
cpu2 C1E 1332002523 7236659
cpu2 C6 3245375691822 96100129
cpu3 POLL 825780 25834
cpu3 C1 3982727630 272700
cpu3 C1E 704605594 4705197
cpu3 C6 3149239023636 25898043
cpu4 POLL 629386 17826
cpu4 C1 891028932 252791
cpu4 C1E 557366607 4158944
cpu4 C6 3087991577527 18221752
cpu5 POLL 725291 22364
cpu5 C1 874070879 226287
cpu5 C1E 459414897 3233852
cpu5 C6 3141287063152 21296811
cpu6 POLL 445693 14183
cpu6 C1 1724581100 153129
cpu6 C1E 633173785 3234019
cpu6 C6 3165765775477 24987427
cpu7 POLL 623972 28759
cpu7 C1 1409009073 206514
cpu7 C1E 474341544 3474947
cpu7 C6 3120346675835 12584022
cpu16 POLL 1823265 38037
cpu16 C1 969632585 247556
cpu16 C1E 4741667856 33457720
cpu16 C6 3151046500147 87627744
cpu17 POLL 687822 19174
cpu17 C1 1341819194 176227
cpu17 C1E 1792411939 10420037
cpu17 C6 3251221613447 10986659
cpu18 POLL 793828 27341
cpu18 C1 83501957 182524
cpu18 C1E 1722609631 9861984
cpu18 C6 3245642527046 23648487
cpu19 POLL 722056 20189
cpu19 C1 2285461278 183810
cpu19 C1E 1469819207 8543909
cpu19 C6 3226600285885 9363166
cpu20 POLL 516031 16308
cpu20 C1 1544063326 153220
cpu20 C1E 701306499 4835705
cpu20 C6 3297438360112 9712214
cpu21 POLL 490691 13981
cpu21 C1 1238386647 133290
cpu21 C1E 724254562 4457004
cpu21 C6 3160995361265 16374289
cpu22 POLL 512740 16544
cpu22 C1 947096407 148689
cpu22 C1E 719857680 4421717
cpu22 C6 3198248869241 12586748
cpu23 POLL 545784 15189
cpu23 C1 1429273561 126659
cpu23 C1E 747452163 4378034
cpu23 C6 3228798128933 13567955
## daemon hilo utime stime cpu
cpu_loop_main 51 7 11
cpu_loop_main 0 22 6
