## stat
cpu  1731823640 127832 73378830 34434223558 22047790 6640485 1776039 0 0 0
cpu0 17753535 2358 823638 328801891 214777 173505 699261 0 0 0
cpu1 33507443 221 1411033 313255655 307164 141427 96874 0 0 0
cpu2 19010187 4456 885169 328159989 364524 94776 205109 0 0 0
cpu3 31873410 226 1295054 315119241 281276 123425 47231 0 0 0
cpu4 38073944 213 1547665 308664167 283466 139254 25743 0 0 0
cpu5 32902947 223 1414231 313857444 409852 125026 25754 0 0 0
cpu6 30507177 3022 1254604 316560991 259349 113190 42664 0 0 0
cpu7 34961300 62 1378280 311838905 382855 123897 7995 0 0 0
cpu8 32116225 576 1291702 314978081 223637 117079 15680 0 0 0
cpu9 38918487 0 1513842 307932989 224129 138865 6858 0 0 0
cpu10 35461302 14 1476971 311324251 342847 127400 6778 0 0 0
cpu11 21964314 199 1013975 325374776 272800 88578 30338 0 0 0
cpu12 35750289 76 1594155 310906443 351305 131156 7025 0 0 0
cpu13 35044793 1714 1427140 311880033 229414 126214 6155 0 0 0
cpu14 36182097 30 1474121 310634859 311312 133106 6055 0 0 0
cpu15 19360036 1174 851533 328227144 237501 75240 5825 0 0 0
cpu16 31491431 13 1301284 315592510 111558 129402 105905 0 0 0
cpu17 22351583 282 883285 325208603 225359 78897 7196 0 0 0
cpu18 22945328 105 940869 324550043 201727 85130 23893 0 0 0
cpu19 24548873 69 1074885 322738470 294083 89848 5498 0 0 0
cpu20 17881269 849 837583 329679166 287085 68809 5216 0 0 0
cpu21 31096805 26 1210167 315954229 344213 117283 5825 0 0 0
cpu22 27428042 34 1214758 319683675 307721 103410 6334 0 0 0
cpu23 24722631 58 836123 322834975 262965 85885 6089 0 0 0
cpu24 26465267 73 1013210 320752774 405269 96773 6376 0 0 0
cpu25 23935090 762 1039555 323396166 275754 92437 6212 0 0 0
cpu26 14419198 9534 663636 333286635 314494 54146 6079 0 0 0
cpu27 30468576 5770 1271986 316605328 290995 104618 2897 0 0 0
cpu28 22808723 5017 1007519 324651750 197081 82627 2639 0 0 0
cpu29 26767221 753 1152445 320440840 298708 92902 2223 0 0 0
cpu30 21621005 213 1002714 325842208 214633 75546 2350 0 0 0
cpu31 31449445 59 1395544 315548664 234775 116258 2648 0 0 0
cpu32 29892817 45 1386595 317161136 198579 108714 2736 0 0 0
cpu33 34347930 1381 1335922 312685119 252248 120661 3077 0 0 0
cpu34 22610143 350 984324 324762796 312111 84799 2262 0 0 0
cpu35 23030710 1942 1056872 324287223 298524 81700 2107 0 0 0
cpu36 37157508 0 1718168 309427962 299809 135381 3287 0 0 0
cpu37 22350258 87 997638 325065959 260493 79907 2811 0 0 0
cpu38 27192735 293 1267651 320035583 152563 101109 2430 0 0 0
cpu39 26302671 148 1239293 320891944 218509 98220 2526 0 0 0
cpu40 18434517 1266 829496 329182427 244795 67692 2183 0 0 0
cpu41 28438644 498 1274591 318689512 239730 105106 2857 0 0 0
cpu42 26858702 2365 1220559 320450484 113629 102557 2401 0 0 0
cpu43 24775891 44 1102250 322530017 250501 94931 2031 0 0 0
cpu44 34570570 717 1551009 312155250 335906 127229 3170 0 0 0
cpu45 25913053 1863 1263952 321241303 234179 97857 2052 0 0 0
cpu46 20601749 25 927776 326987744 165137 76752 1729 0 0 0
cpu47 14719737 2 708364 333255776 25502 55123 1510 0 0 0
cpu48 21519258 11 928931 326027813 201072 79566 1825 0 0 0
cpu49 24994364 3417 958249 322576297 133159 88987 1880 0 0 0
cpu50 24842158 3220 1058046 322614837 139042 93086 2261 0 0 0
cpu51 26289034 8458 1099814 320968921 284312 98105 2541 0 0 0
cpu52 7936493 660 291653 340390881 92046 35576 10186 0 0 0
cpu53 1164794 151 63530 347435637 73668 15618 4565 0 0 0
cpu54 15498399 767 473619 332559352 144428 63828 10280 0 0 0
cpu55 1064042 665 60407 347474963 152342 10868 5402 0 0 0
cpu56 1882661 1304 95446 346692536 73991 15458 8092 0 0 0
cpu57 1981341 240 79816 346574391 98897 16859 13957 0 0 0
cpu58 2855834 1416 127340 345471889 276505 20343 4617 0 0 0
cpu59 968970 209 68496 347302886 127816 11525 9792 0 0 0
cpu60 3326182 67 114002 345167998 145354 13905 5328 0 0 0
cpu61 2860824 627 130063 345551378 213433 13756 3919 0 0 0
cpu62 5074909 153 112101 343251992 311732 17103 5371 0 0 0
cpu63 4193366 256 140821 344136621 211237 18184 73818 0 0 0
cpu64 4204396 1274 158739 344223083 115835 29128 34947 0 0 0
cpu65 3201697 113 128540 345203377 223837 14274 3994 0 0 0
cpu66 3415756 227 103114 345159779 81936 12883 3415 0 0 0
cpu67 3074259 2405 116104 345379810 179482 15451 4078 0 0 0
cpu68 3447038 93 135402 345094379 59918 20867 3728 0 0 0
cpu69 3706285 216 137177 344745468 163691 16379 5952 0 0 0
cpu70 785178 48 50679 347842531 63678 11532 10704 0 0 0
cpu71 6227658 830 186106 342141656 189326 22639 3982 0 0 0
cpu72 18699256 972 699723 328950604 339411 63997 5861 0 0 0
cpu73 7113983 26 213679 341239666 169318 28694 4921 0 0 0
cpu74 7209298 2561 213077 341077150 231345 26448 5377 0 0 0
cpu75 6031890 43 194868 342363426 150529 22727 5045 0 0 0
cpu76 5681951 43 228380 342719194 111590 24379 4004 0 0 0
cpu77 7335539 193 298021 340764479 330070 31243 6221 0 0 0
cpu78 10544608 4101 275101 337771400 146950 28905 1069 0 0 0
cpu79 6840585 7624 287773 341382181 230537 23982 1255 0 0 0
cpu80 5314197 8727 247992 343016387 164830 19799 1789 0 0 0
cpu81 7824912 4176 362094 340312281 238428 28374 1273 0 0 0
cpu82 6390162 842 313026 341869493 177289 22833 862 0 0 0
cpu83 7899573 980 324022 340293817 225700 27827 1083 0 0 0
cpu84 1865165 1470 87316 346677736 139986 7427 763 0 0 0
cpu85 697510 57 41078 347938272 62525 5082 2471 0 0 0
cpu86 7027976 147 301739 341276956 141400 25335 918 0 0 0
cpu87 7501097 1270 371585 340674871 194073 28160 986 0 0 0
cpu88 1421322 232 59369 346906772 160737 8104 5508 0 0 0
cpu89 8314526 708 325752 339951293 151702 27864 1175 0 0 0
cpu90 10458354 16 428138 337647964 198106 37066 1151 0 0 0
cpu91 8133761 20 396721 340070861 138746 30240 1182 0 0 0
cpu92 7939364 1673 354583 340302938 139476 28149 1976 0 0 0
cpu93 10179550 3293 483059 337721240 343969 37968 1121 0 0 0
cpu94 12101520 2640 446636 335915660 256324 42549 1370 0 0 0
cpu95 9373844 1421 442656 338727769 187293 35169 1420 0 0 0
cpu96 580416 2701 33307 348026017 97987 4619 2486 0 0 0
cpu97 9480062 1418 410682 338668514 175724 33379 1103 0 0 0
cpu98 8876067 2 386406 339364894 108438 32828 1090 0 0 0
cpu99 7655246 177 346290 340724886 19255 27059 932 0 0 0
cpu100 9440339 33 361427 338762850 173744 32882 986 0 0 0
cpu101 8948027 159 403775 339265022 118220 34705 1355 0 0 0
cpu102 9915684 1447 424081 338253777 138265 36330 1368 0 0 0
cpu103 9527297 2575 435090 338503537 264190 36545 1342 0 0 0
## interrupts
            CPU0       CPU1       CPU2       CPU3       CPU4       CPU5       CPU6       CPU7       CPU8       CPU9       CPU10      CPU11      CPU12      CPU13      CPU14      CPU15      CPU16      CPU17      CPU18      CPU19      CPU20      CPU21      CPU22      CPU23      CPU24      CPU25      CPU26      CPU27      CPU28      CPU29      CPU30      CPU31      CPU32      CPU33      CPU34      CPU35      CPU36      CPU37      CPU38      CPU39      CPU40      CPU41      CPU42      CPU43      CPU44      CPU45      CPU46      CPU47      CPU48      CPU49      CPU50      CPU51      CPU52      CPU53      CPU54      CPU55      CPU56      CPU57      CPU58      CPU59      CPU60      CPU61      CPU62      CPU63      CPU64      CPU65      CPU66      CPU67      CPU68      CPU69      CPU70      CPU71      CPU72      CPU73      CPU74      CPU75      CPU76      CPU77      CPU78      CPU79      CPU80      CPU81      CPU82      CPU83      CPU84      CPU85      CPU86      CPU87      CPU88      CPU89      CPU90      CPU91      CPU92      CPU93      CPU94      CPU95      CPU96      CPU97      CPU98      CPU99      CPU100     CPU101     CPU102     CPU103     
 LOC:  443492290  392491645  267029911  350890386  407841204  358434914  337994702  373844801  345085722  412349202  376903949  248524951  379311083  371151578  382106265  208208893  342878158  240879001  252909646  263987467  193958513  335827033  295468682  266725493  288491648  260696804  157619348  321728565  241639868  282785549  230122957  332293683  316550752  360671986  239323553  244175269  392692280  236918157  287857369  278985557  195809328  300463619  285607727  262949012  365007299  275061168  218387371  157504273  227522337  263153165  263759389  278068791   92188516   27195227  172336343   20771444   27726259   31415661   44488854   22156238   39463666   35506962   57722326   51850571   49659422   38397641   39409209   40054614   47928894   43588229   15155680   70604460  199426356   79290173   81888031   68817267   65439767   83652877  111465468   74421088   59151162   85410107   69699569   84963871   22856672   12361820   76087194   81582302   21760345   89251290  111676271   88271348   86694723  109752801  129796368  101745601   11514069  101783496   96081400   82955402  101276196   96901330  106558183  102772399   Local timer interrupts
 RES:       7695      15157      12559      13358       9566      11006      11748      11464       9338      13535       8317      12513      12746      12142      11933      10823      10966       7854      10219      11692      11389      11027      11918       9710      12291       7533        387        422        542        570        624        334        288       2238        471        242        920       1936        217        286        202        167        142        276        207        284        746        193        390        286        173        139       7144      10833      20486      12573       8187       9479      10892      10356       7868      12211       7877      11721      11892      11576      11064      10044      17732       8929       8691      11189      10421      10704      11852       9611      11241       7541        287        277        415        390        388        311       2370        329        438        400        496        408        441        473        351        296        293        447        369        410       1201        493        450        526        431        456   Rescheduling interrupts
 CAL:   93919256   13668912   25032646    7125647    3771008    4540815    6873960    2100843    3197156    1761140    1954644    4963448    1705562    1548357    1601324    1600671    1672489    1640369    3876234    1645199    1743699    1729373    1594285    1755383    1746708    1754126    2268602    2268328    2193819    2118459    1971156    1997299    1969231    1971600    1857706    1850361    1744864    1734153    1642199    1708892    1672730    1862132    1531441    1607285    1512836    1556910    1407689    1530155    1503595    1469873    1477983    1420613    1708279    1417614    1829504    1639040    1719083    1696416    1689362    1330642    1529298    1614502    1535007    1537638    1598863    1533209    1424554    1519434    1620704    1712743    1595962    1595826    1618958    1730564    1689408    1461089    1504533    1882788    1684539    1725388    1574430    1680191    1566648    1563570    1597613    1402385    1629464    1515677    1325936    1592131    1646055    1622217    1640686    1891962    1660222    1652136    1475450    1633203    1701918    1722626    1698895    1678753    1607865    1770344   Function call interrupts
 TLB:    2087917    2175684    1798700    1935606    1816028    1806769    1822052    1842268    1721286    1578289    1414428    1521014    1527781    1471889    1518907    1337842    1383428    1473578    1627542    1482183    1422855    1458474    1437311    1439265    1455900    1598504    1968329    1997415    2026781    1839950    1801453    1817147    1791890    1757715    1528108    1556170    1527257    1479144    1434131    1514321    1462067    1538877    1362618    1436221    1355145    1376175    1282286    1417047    1398878    1340392    1345269    1228120    1510551    1217916    1459001    1326328    1488160    1385297    1467995    1330017    1307844    1357234    1297083    1409883    1310339    1387736    1275824    1321866    1449045    1539601    1317880    1413776    1412067    1360045    1490047    1266736    1220079    1377315    1498550    1448486    1403928    1401382    1389795    1399948    1405120    1257010    1380434    1333911    1265023    1417109    1403087    1404809    1422785    1577464    1431561    1427128    1268278    1371857    1495458    1521008    1498558    1385823    1348025    1504925   TLB shootdowns
## cpuidle cpu estado tiempo_us entradas
cpu0 POLL 2646774 78591
cpu0 C1 1615570785 288535
cpu0 C1E 2143477645 4386782
cpu0 C6 3284674244743 347479928
cpu1 POLL 1205161 29984
cpu1 C1 963123602 306231
cpu1 C1E 1472889923 7001811
cpu1 C6 3132883124570 54746675
cpu2 POLL 1787347 86423
cpu2 C1 38129366846 546299
cpu2 C1E 1332002187 7236629
cpu2 C6 3245315391192 96098936
cpu3 POLL 825780 25834
cpu3 C1 3982727610 272698
cpu3 C1E 704605221 4705180
cpu3 C6 3149178916535 25897945
cpu4 POLL 629386 17826
cpu4 C1 891028932 252791
cpu4 C1E 557366128 4158929
cpu4 C6 3087931480880 18221676
cpu5 POLL 725291 22364
cpu5 C1 874070879 226287
cpu5 C1E 459414415 3233837
cpu5 C6 3141226979580 21296734
cpu6 POLL 445693 14183
cpu6 C1 1724581100 153129
cpu6 C1E 573331189 3113450
cpu6 C6 3165765775477 24987427
cpu7 POLL 622737 28739
cpu7 C1 1409008735 206499
cpu7 C1E 426780018 3116705
cpu7 C6 3120334953447 12583312
cpu16 POLL 1823257 38036
cpu16 C1 969632530 247547
cpu16 C1E 4741552853 33456791
cpu16 C6 3150986366875 87625618
cpu17 POLL 687753 19172
cpu17 C1 1341811165 176215
cpu17 C1E 1792380401 10419959
cpu17 C6 3251161907313 10985984
cpu18 POLL 793828 27341
cpu18 C1 83499117 182514
cpu18 C1E 1722565372 9861871
cpu18 C6 3245582360007 23646017
cpu19 POLL 722056 20189
cpu19 C1 2285461278 183810
cpu19 C1E 1469811262 8543878
cpu19 C6 3226540091893 9362978
cpu20 POLL 516031 16308
cpu20 C1 1544055335 153212
cpu20 C1E 701303765 4835682
cpu20 C6 3297378176187 9711694
cpu21 POLL 490691 13981
cpu21 C1 1238386647 133290
cpu21 C1E 724251529 4456984
cpu21 C6 3160934976203 16374170
cpu22 POLL 512740 16544
cpu22 C1 947096386 148685
cpu22 C1E 719857502 4421708
cpu22 C6 3198188583410 12586427
cpu23 POLL 545784 15189
cpu23 C1 1429273561 126659
cpu23 C1E 747449858 4378015
cpu23 C6 3228737988083 13567814
## daemon hilo utime stime cpu
cpu_loop_main 10 1 11
cpu_loop_main 0 2 6
