## stat
cpu  506877826 220658 62957453 13292767406 1597198 3383005 814321 0 0 0
cpu0 36860533 37455 2630245 392954078 151034 271320 118511 0 0 0
cpu1 38587558 13577 2723105 391693531 148485 195312 36841 0 0 0
cpu2 37354924 5256 2504382 393231478 97588 191045 34316 0 0 0
cpu3 36986628 6201 2355079 393745112 102292 188247 31423 0 0 0
cpu4 34621237 9635 2228478 396245229 90054 182595 34543 0 0 0
cpu5 51753192 25654 2450092 378810500 118309 227963 41545 0 0 0
cpu6 12338167 2065 24834346 396116308 59101 146550 73487 0 0 0
cpu7 13321720 6850 900092 418428820 48499 265323 31877 0 0 0
cpu8 9817370 10098 1331526 421104852 50878 99676 69285 0 0 0
cpu9 9796161 4867 999432 422495635 42553 51355 21876 0 0 0
cpu10 11338719 6591 1077614 420931125 38362 56245 13369 0 0 0
cpu11 13215121 5285 1167404 418960991 44092 55456 27469 0 0 0
cpu12 10267334 669 928477 422179010 30724 52003 8040 0 0 0
cpu13 9832145 2370 949148 422601002 26369 49671 7658 0 0 0
cpu14 10298124 806 984356 421777823 49193 349452 7021 0 0 0
cpu15 11159246 1153 1293608 420903951 27598 62959 7461 0 0 0
cpu16 6074495 1932 610050 426646834 16073 52166 25991 0 0 0
cpu17 6603200 4854 669677 426069224 18232 50081 25721 0 0 0
cpu18 7063026 8264 751401 425526802 16675 50828 32786 0 0 0
cpu19 7009039 6245 809615 425460740 17905 82822 43427 0 0 0
cpu20 5529480 7364 904989 426938316 16204 41487 8518 0 0 0
cpu21 7695580 4845 747292 424910836 20314 49791 21027 0 0 0
cpu22 6637200 2448 739868 425995177 24158 30034 14706 0 0 0
cpu23 5141427 9625 801434 427433519 23754 31328 14892 0 0 0
cpu24 12487957 4116 911814 419945810 31289 65309 14604 0 0 0
cpu25 14433779 6367 891808 418014409 45273 65829 6739 0 0 0
cpu26 13301158 9770 957718 419084548 37341 72966 6531 0 0 0
cpu27 13606737 1251 975208 418778445 40879 63036 6536 0 0 0
cpu28 13257706 3180 910405 419177670 39096 69583 6546 0 0 0
cpu29 13680879 4685 972899 418681715 41313 71653 7431 0 0 0
cpu30 13063325 5866 909767 419362385 41200 70089 6904 0 0 0
cpu31 13744643 1302 1036111 418561515 42342 70814 7227 0 0 0
## interrupts
            CPU0       CPU1       CPU2       CPU3       CPU4       CPU5       CPU6       CPU7       CPU8       CPU9       CPU10      CPU11      CPU12      CPU13      CPU14      CPU15      CPU16      CPU17      CPU18      CPU19      CPU20      CPU21      CPU22      CPU23      CPU24      CPU25      CPU26      CPU27      CPU28      CPU29      CPU30      CPU31      
 LOC:  509124363  470416788  440974369  435983368  418182869  582240275  916591473 3326842042  220164241  157709119  176429720  179293711  150899957  143518530  152841738  170175250  115441766  109974182  112778936  106642454   97640421  120889114  108178829  104143477  183154090  193795828  186192312  187074977  183067248  189370010  180159327  188388532   Local timer interrupts
 RES:     133815      74631      69050      60598      51219      46539       9765      11536      77647      16987      14738      12688      11818      11468      11514      11581       7263      11568      10061       8974       8757       6899       7087       6474       9430       9163       8672       8471       9078       8733       8181       8997   Rescheduling interrupts
 CAL: 1434572752 1108382659 1136141901 1115502653 1000423042  945483633   99218136   37228517   37253109   28508032   25915123   23819361   22594792   21174027   21574122   22110522   21716992   17044611   16487372   16429233   16360455   16272566   15518961   15572485   29469094   30054967   31332254   32771858   33925287   35755861   35654104   35039773   Function call interrupts
 TLB:   41903419   45796286   46326417   46652955   46609196   45023547   34076739   34250540   28753184   28581582   27369424   25941101   24884003   23378224   23709294   24183044   22746649   19266319   18730537   18566792   18440003   18135786   15874525   15766652   31415332   31663626   32926122   34130884   35158307   36871298   36586174   35517026   TLB shootdowns
## cpuidle cpu estado tiempo_us entradas
cpu0 POLL 13954822 435195
cpu0 C1 2957986726 30329001
cpu0 C1E 25046959093 116079446
cpu0 C6 3900775696738 516683822
cpu1 POLL 5064013 139688
cpu1 C1 32130159 493433
cpu1 C1E 12598500901 74071514
cpu1 C6 3904982532686 151367670
cpu2 POLL 4527380 142564
cpu2 C1 47694808 533344
cpu2 C1E 11531140042 65175901
cpu2 C6 3921038173703 116506102
cpu3 POLL 4125769 112563
cpu3 C1 43785910 484212
cpu3 C1E 11376369002 59030188
cpu3 C6 3926410391858 110550424
cpu4 POLL 3847778 108667
cpu4 C1 50820374 498460
cpu4 C1E 11156959914 62761126
cpu4 C6 3951427276212 126370818
cpu5 POLL 4076420 118458
cpu5 C1 206356714 353746
cpu5 C1E 9944128583 64855889
cpu5 C6 3778589942453 89983649
cpu6 POLL 1112025780 135851811
cpu6 C1 14459688342 49279500
cpu6 C1E 163096139009 554751086
cpu6 C6 3781818942816 386661915
cpu7 POLL 29341002 742412
cpu7 C1 42805711 1946399
cpu7 C1E 424218223094 3170943444
cpu7 C6 3758245104529 87834500
cpu16 POLL 2077402 56849
cpu16 C1 77469546 196723
cpu16 C1E 7070200352 31259431
cpu16 C6 4258869677407 103237690
cpu17 POLL 1718238 47744
cpu17 C1 23712542 192169
cpu17 C1E 7097697574 28596141
cpu17 C6 4253210199843 88682912
cpu18 POLL 1435655 48024
cpu18 C1 27487217 198312
cpu18 C1E 6731206258 26018101
cpu18 C6 4248148345183 80216639
cpu19 POLL 1271679 43602
cpu19 C1 19429846 136579
cpu19 C1E 5893794414 19144764
cpu19 C6 4248025212081 111067056
cpu20 POLL 2156078 52900
cpu20 C1 14024773 167829
cpu20 C1E 6318278708 24971015
cpu20 C6 4262739949059 66217314
cpu21 POLL 2482236 57181
cpu21 C1 35790589 236956
cpu21 C1E 7326937325 32042951
cpu21 C6 4241479034208 66828960
cpu22 POLL 3787951 324452
cpu22 C1 108249669 249768
cpu22 C1E 7657502001 23015308
cpu22 C6 4251975057097 106475390
cpu23 POLL 3644756 225876
cpu23 C1 28254598 276049
cpu23 C1E 9507898722 34021480
cpu23 C6 4264616327694 80368883
## daemon hilo utime stime cpu
cpu_loop_main 6 2 7
cpu_loop_main 1 0 6
