## stat
cpu  506889805 220658 62957549 13292835335 1597214 3383102 814332 0 0 0
cpu0 36862568 37455 2630250 392954537 151034 271331 118511 0 0 0
cpu1 38589552 13577 2723111 391694032 148485 195323 36841 0 0 0
cpu2 37356904 5256 2504396 393231984 97588 191056 34316 0 0 0
cpu3 36988613 6201 2355083 393745621 102293 188258 31424 0 0 0
cpu4 34623230 9635 2228482 396245731 90054 182606 34543 0 0 0
cpu5 51755176 25654 2450105 378811003 118309 227975 41545 0 0 0
cpu6 12338168 2065 24834370 396118658 59101 146556 73488 0 0 0
cpu7 13321721 6850 900094 418431235 48507 265339 31879 0 0 0
cpu8 9817370 10098 1331528 421107335 50878 99682 69290 0 0 0
cpu9 9796161 4867 999433 422498145 42553 51355 21876 0 0 0
cpu10 11338720 6591 1077617 420933633 38362 56245 13369 0 0 0
cpu11 13215122 5285 1167404 418963501 44092 55456 27469 0 0 0
cpu12 10267334 669 928477 422181520 30724 52003 8040 0 0 0
cpu13 9832147 2370 949153 422603504 26370 49672 7658 0 0 0
cpu14 10298124 806 984356 421780333 49193 349452 7021 0 0 0
cpu15 11159246 1153 1293608 420906461 27598 62959 7461 0 0 0
cpu16 6074495 1932 610050 426649344 16073 52166 25991 0 0 0
cpu17 6603200 4854 669677 426071734 18232 50081 25721 0 0 0
cpu18 7063026 8264 751401 425529313 16675 50828 32786 0 0 0
cpu19 7009039 6245 809615 425463251 17905 82822 43427 0 0 0
cpu20 5529480 7364 904989 426940826 16204 41487 8518 0 0 0
cpu21 7695580 4845 747292 424913346 20314 49791 21027 0 0 0
cpu22 6637200 2448 739868 425997687 24158 30034 14707 0 0 0
cpu23 5141427 9625 801434 427436029 23754 31328 14892 0 0 0
cpu24 12487957 4116 911814 419948320 31289 65309 14604 0 0 0
cpu25 14433779 6367 891808 418016920 45273 65829 6739 0 0 0
cpu26 13301158 9770 957718 419087058 37341 72966 6531 0 0 0
cpu27 13606738 1251 975212 418780948 40882 63036 6536 0 0 0
cpu28 13257707 3180 910409 419180175 39097 69583 6546 0 0 0
cpu29 13680879 4685 972899 418684226 41313 71653 7431 0 0 0
cpu30 13063327 5866 909770 419364889 41201 70090 6904 0 0 0
cpu31 13744644 1302 1036114 418564020 42343 70814 7227 0 0 0
## interrupts
            CPU0       CPU1       CPU2       CPU3       CPU4       CPU5       CPU6       CPU7       CPU8       CPU9       CPU10      CPU11      CPU12      CPU13      CPU14      CPU15      CPU16      CPU17      CPU18      CPU19      CPU20      CPU21      CPU22      CPU23      CPU24      CPU25      CPU26      CPU27      CPU28      CPU29      CPU30      CPU31      
 LOC:  509145177  470437276  440994635  436003601  418203026  582260407  916641687 3327018975  220172066  157709191  176430156  179293778  150899981  143519617  152841776  170175256  115442193  109974188  112778949  106642460   97640932  120889315  108178882  104144025  183154103  193795835  186192320  187075338  183067589  189370072  180160266  188388914   Local timer interrupts
 RES:     133819      74636      69053      60601      51222      46543       9765      11536      77647      16987      14759      12688      11818      11469      11514      11581       7263      11568      10061       8974       8757       6899       7087       6474       9430       9163       8672       8473       9078       8733       8181       8997   Rescheduling interrupts
 CAL: 1434758065 1108564199 1136322910 1115683566 1000604615  945664922   99218142   37229559   37254207   28508036   25915134   23819365   22594805   21174032   21574126   22110526   21716996   17044615   16487376   16429237   16360461   16272570   15518965   15572495   29469098   30054971   31332258   32771862   33925292   35755865   35654108   35039778   Function call interrupts
 TLB:   41904134   45796983   46327162   46653829   46610064   45024083   34076740   34250540   28753184   28581582   27369424   25941101   24884003   23378224   23709294   24183044   22746649   19266319   18730537   18566792   18440003   18135786   15874525   15766652   31415332   31663626   32926122   34130884   35158307   36871298   36586174   35517026   TLB shootdowns
## cpuidle cpu estado tiempo_us entradas
cpu0 POLL 13954822 435195
cpu0 C1 2957986735 30329002
cpu0 C1E 25047077956 116079644
cpu0 C6 3900780168427 516684497
cpu1 POLL 5064013 139688
cpu1 C1 32130163 493434
cpu1 C1E 12598603307 74071673
cpu1 C6 3904987373636 151368421
cpu2 POLL 4527380 142564
cpu2 C1 47694808 533344
cpu2 C1E 11531231931 65176025
cpu2 C6 3921043044636 116506339
cpu3 POLL 4125769 112563
cpu3 C1 43785922 484213
cpu3 C1E 11376454925 59030474
cpu3 C6 3926415398329 110551030
cpu4 POLL 3847778 108667
cpu4 C1 50820374 498460
cpu4 C1E 11156997533 62761167
cpu4 C6 3951432124573 126371064
cpu5 POLL 4076420 118458
cpu5 C1 206356714 353746
cpu5 C1E 9944151776 64855916
cpu5 C6 3778594984259 89983820
cpu6 POLL 1112026613 135851824
cpu6 C1 14459704396 49279621
cpu6 C1E 163119559175 554800910
cpu6 C6 3781818962541 386661958
cpu7 POLL 29341907 742426
cpu7 C1 42806012 1946457
cpu7 C1E 424242251704 3171120307
cpu7 C6 3758245167683 87834562
cpu16 POLL 2077402 56849
cpu16 C1 77469572 196725
cpu16 C1E 7070200548 31259434
cpu16 C6 4258894768853 103238359
cpu17 POLL 1718238 47744
cpu17 C1 23712542 192169
cpu17 C1E 7097697574 28596141
cpu17 C6 4253235289345 88683832
cpu18 POLL 1435655 48024
cpu18 C1 27487217 198312
cpu18 C1E 6731209395 26018105
cpu18 C6 4248173520026 80216779
cpu19 POLL 1271679 43602
cpu19 C1 19429846 136579
cpu19 C1E 5893794414 19144764
cpu19 C6 4248050153637 111067163
cpu20 POLL 2156078 52900
cpu20 C1 14024773 167829
cpu20 C1E 6318383840 24971181
cpu20 C6 4262764644345 66217695
cpu21 POLL 2482236 57181
cpu21 C1 35790594 236957
cpu21 C1E 7327128233 32043265
cpu21 C6 4241503935305 66829343
cpu22 POLL 3787951 324452
cpu22 C1 108249669 249768
cpu22 C1E 7657503512 23015311
cpu22 C6 4252000077921 106475493
cpu23 POLL 3644756 225876
cpu23 C1 28254598 276049
cpu23 C1E 9507927422 34021547
cpu23 C6 4264641373185 80369590
## daemon hilo utime stime cpu
cpu_loop_main 42 17 7
cpu_loop_main 1 148 6
