## stat
cpu  1731823760 127832 73379007 34436550193 22047842 6640610 1776069 0 0 0
cpu0 17753535 2358 823638 328824266 214777 173505 699263 0 0 0
cpu1 33507444 221 1411035 313278020 307164 141431 96874 0 0 0
cpu2 19010187 4456 885172 328182363 364524 94776 205109 0 0 0
cpu3 31873411 226 1295054 315141619 281276 123426 47231 0 0 0
cpu4 38073944 213 1547666 308686546 283466 139254 25743 0 0 0
cpu5 32902947 223 1414231 313879822 409852 125026 25754 0 0 0
cpu6 30507228 3022 1254656 316583109 259349 113264 42674 0 0 0
cpu7 34961301 62 1378283 311861190 382867 123914 7995 0 0 0
cpu8 32116225 576 1291704 315000455 223638 117079 15680 0 0 0
cpu9 38918488 0 1513844 307955364 224130 138865 6858 0 0 0
cpu10 35461302 14 1476973 311346627 342848 127400 6778 0 0 0
cpu11 21964315 199 1013975 325397129 272805 88582 30338 0 0 0
cpu12 35750289 76 1594156 310928819 351306 131156 7025 0 0 0
cpu13 35044794 1714 1427140 311902411 229414 126215 6155 0 0 0
cpu14 36182097 30 1474122 310657235 311313 133106 6055 0 0 0
cpu15 19360036 1174 851535 328249516 237502 75240 5826 0 0 0
cpu16 31491431 13 1301285 315614885 111558 129402 105908 0 0 0
cpu17 22351583 282 883287 325230979 225359 78898 7196 0 0 0
cpu18 22945336 105 940875 324572395 201728 85134 23893 0 0 0
cpu19 24548874 69 1074888 322760846 294083 89848 5498 0 0 0
cpu20 17881269 849 837584 329701543 287085 68809 5216 0 0 0
cpu21 31096805 26 1210167 315976607 344213 117283 5825 0 0 0
cpu22 27428042 34 1214759 319706051 307722 103410 6335 0 0 0
cpu23 24722631 58 836124 322857351 262965 85885 6089 0 0 0
cpu24 26465267 73 1013210 320775152 405269 96773 6376 0 0 0
cpu25 23935090 762 1039555 323418544 275754 92437 6212 0 0 0
cpu26 14419198 9534 663636 333309013 314494 54146 6080 0 0 0
cpu27 30468576 5770 1271986 316627705 290995 104618 2897 0 0 0
cpu28 22808723 5017 1007519 324674128 197081 82627 2639 0 0 0
cpu29 26767221 753 1152445 320463218 298708 92902 2223 0 0 0
cpu30 21621005 213 1002716 325864584 214634 75546 2350 0 0 0
cpu31 31449446 59 1395545 315571040 234776 116259 2648 0 0 0
cpu32 29892817 45 1386595 317183514 198579 108714 2736 0 0 0
cpu33 34347930 1381 1335922 312707498 252248 120661 3077 0 0 0
cpu34 22610144 350 984326 324785171 312111 84799 2262 0 0 0
cpu35 23030710 1942 1056872 324309601 298524 81700 2107 0 0 0
cpu36 37157508 0 1718168 309450341 299809 135381 3287 0 0 0
cpu37 22350258 87 997638 325088338 260493 79907 2811 0 0 0
cpu38 27192735 293 1267651 320057962 152563 101109 2430 0 0 0
cpu39 26302671 148 1239293 320914323 218509 98220 2526 0 0 0
cpu40 18434517 1266 829496 329204805 244795 67693 2183 0 0 0
cpu41 28438644 498 1274591 318711890 239730 105106 2857 0 0 0
cpu42 26858702 2365 1220559 320472862 113629 102558 2401 0 0 0
cpu43 24775891 44 1102250 322552395 250501 94931 2031 0 0 0
cpu44 34570570 717 1551009 312177629 335906 127229 3170 0 0 0
cpu45 25913053 1863 1263952 321263681 234179 97857 2052 0 0 0
cpu46 20601750 25 927780 327010117 165137 76752 1729 0 0 0
cpu47 14719737 2 708364 333278154 25502 55123 1510 0 0 0
cpu48 21519258 11 928931 326050191 201072 79566 1825 0 0 0
cpu49 24994364 3417 958249 322598675 133159 88987 1880 0 0 0
cpu50 24842158 3220 1058046 322637215 139042 93086 2261 0 0 0
cpu51 26289034 8458 1099814 320991300 284312 98105 2541 0 0 0
cpu52 7936493 660 291653 340413259 92046 35576 10187 0 0 0
cpu53 1164794 151 63530 347458015 73668 15618 4565 0 0 0
cpu54 15498406 767 473625 332581704 144428 63832 10280 0 0 0
cpu55 1064042 665 60409 347497338 152342 10868 5402 0 0 0
cpu56 1882662 1304 95448 346714910 73992 15458 8092 0 0 0
cpu57 1981342 240 79817 346596766 98898 16859 13957 0 0 0
cpu58 2855835 1416 127342 345494263 276506 20343 4617 0 0 0
cpu59 968970 209 68498 347325262 127817 11526 9792 0 0 0
cpu60 3326182 67 114003 345190375 145354 13905 5328 0 0 0
cpu61 2860825 627 130064 345573754 213434 13756 3919 0 0 0
cpu62 5074910 153 112102 343274368 311733 17103 5371 0 0 0
cpu63 4193366 256 140822 344158995 211238 18184 73821 0 0 0
cpu64 4204396 1274 158740 344245460 115835 29128 34947 0 0 0
cpu65 3201698 113 128542 345225753 223838 14274 3994 0 0 0
cpu66 3415757 227 103115 345182156 81936 12883 3415 0 0 0
cpu67 3074259 2405 116104 345402189 179482 15451 4078 0 0 0
cpu68 3447038 93 135403 345116756 59918 20867 3728 0 0 0
cpu69 3706285 216 137178 344767845 163691 16379 5952 0 0 0
cpu70 785178 48 50679 347864909 63678 11532 10704 0 0 0
cpu71 6227658 830 186106 342164035 189326 22639 3982 0 0 0
cpu72 18699256 972 699723 328972983 339411 63997 5861 0 0 0
cpu73 7113984 26 213679 341262044 169319 28694 4921 0 0 0
cpu74 7209298 2561 213077 341099528 231345 26448 5377 0 0 0
cpu75 6031890 43 194868 342385804 150529 22727 5045 0 0 0
cpu76 5681951 43 228380 342741572 111590 24379 4004 0 0 0
cpu77 7335539 193 298021 340786857 330070 31243 6221 0 0 0
cpu78 10544608 4101 275102 337793778 146950 28905 1069 0 0 0
cpu79 6840585 7624 287773 341404560 230537 23982 1255 0 0 0
cpu80 5314197 8727 247992 343038765 164830 19799 1789 0 0 0
cpu81 7824914 4176 362099 340334651 238428 28375 1273 0 0 0
cpu82 6390164 842 313030 341891864 177290 22833 862 0 0 0
cpu83 7899575 980 324026 340316186 225701 27827 1084 0 0 0
cpu84 1865167 1470 87322 346700103 139988 7428 763 0 0 0
cpu85 697511 57 41082 347960642 62527 5082 2471 0 0 0
cpu86 7027977 147 301745 341299326 141402 25335 919 0 0 0
cpu87 7501098 1270 371590 340697241 194074 28160 986 0 0 0
cpu88 1421323 232 59373 346929088 160739 8105 5509 0 0 0
cpu89 8314527 708 325757 339973663 151704 27864 1176 0 0 0
cpu90 10458355 16 428143 337670334 198108 37066 1152 0 0 0
cpu91 8133764 20 396725 340093232 138748 30240 1183 0 0 0
cpu92 7939365 1673 354585 340325313 139477 28150 1976 0 0 0
cpu93 10179551 3293 483059 337743616 343969 37968 1122 0 0 0
cpu94 12101520 2640 446637 335938037 256324 42549 1370 0 0 0
cpu95 9373844 1421 442656 338750147 187293 35169 1420 0 0 0
cpu96 580433 2701 33308 348048375 97987 4619 2486 0 0 0
cpu97 9480062 1418 410682 338690892 175724 33379 1103 0 0 0
cpu98 8876067 2 386406 339387273 108438 32828 1090 0 0 0
cpu99 7655246 177 346290 340747265 19255 27059 932 0 0 0
cpu100 9440340 33 361428 338785226 173744 32882 986 0 0 0
cpu101 8948027 159 403776 339287401 118220 34705 1355 0 0 0
cpu102 9915684 1447 424081 338276155 138265 36330 1368 0 0 0
cpu103 9527297 2575 435090 338525916 264190 36545 1342 0 0 0
## interrupts
            CPU0       CPU1       CPU2       CPU3       CPU4       CPU5       CPU6       CPU7       CPU8       CPU9       CPU10      CPU11      CPU12      CPU13      CPU14      CPU15      CPU16      CPU17      CPU18      CPU19      CPU20      CPU21      CPU22      CPU23      CPU24      CPU25      CPU26      CPU27      CPU28      CPU29      CPU30      CPU31      CPU32      CPU33      CPU34      CPU35      CPU36      CPU37      CPU38      CPU39      CPU40      CPU41      CPU42      CPU43      CPU44      CPU45      CPU46      CPU47      CPU48      CPU49      CPU50      CPU51      CPU52      CPU53      CPU54      CPU55      CPU56      CPU57      CPU58      CPU59      CPU60      CPU61      CPU62      CPU63      CPU64      CPU65      CPU66      CPU67      CPU68      CPU69      CPU70      CPU71      CPU72      CPU73      CPU74      CPU75      CPU76      CPU77      CPU78      CPU79      CPU80      CPU81      CPU82      CPU83      CPU84      CPU85      CPU86      CPU87      CPU88      CPU89      CPU90      CPU91      CPU92      CPU93      CPU94      CPU95      CPU96      CPU97      CPU98      CPU99      CPU100     CPU101     CPU102     CPU103     
 LOC:  443492877  392550184  267030730  350890614  407841370  358435152  338229868  374203208  345086162  412349622  376904395  248614498  379311537  371151809  382106570  208209974  342879236  240880443  252915929  263987839  193959069  335827206  295469482  266725784  288491826  260696949  157619718  321729095  241640082  282785663  230123495  332294015  316550864  360672098  239323823  244175405  392692392  236918269  287857482  278985668  195809536  300463760  285607839  262949187  365007411  275061279  218387876  157504524  227522449  263153277  263759518  278068903   92188933   27195339  172342487   20771859   27726735   31416036   44489348   22156600   39463980   35507240   57722630   51851146   49659677   38398040   39409653   40054726   47929893   43588539   15156026   70604595  199426468   79290440   81888165   68817379   65439879   83652989  111465650   74421200   59151276   85411389   69700388   84964650   22857722   12362809   76088097   81583220   21762065   89252086  111677075   88272118   86695269  109753378  129796760  101745773   11514582  101783682   96081547   82955514  101276380   96901482  106558295  102772542   Local timer interrupts
 RES:       7695      15157      12559      13358       9566      11006      11748      11464       9338      13536       8317      12513      12746      12142      11933      10823      10966       7854      10219      11692      11389      11027      11919       9710      12291       7533        387        422        542        570        624        334        288       2238        471        242        920       1936        217        286        202        167        142        276        207        284        746        193        390        286        173        139       7144      10833      20486      12573       8187       9479      10892      10356       7868      12211       7877      11721      11892      11576      11064      10044      17733       8929       8691      11189      10421      10704      11852       9611      11241       7541        287        277        415        390        389        311       2370        329        439        400        497        409        441        473        351        297        293        447        370        410       1201        493        450        526        431        456   Rescheduling interrupts
 CAL:   93919398   13668957   25032681    7125682    3771043    4540851    6873993    2100879    3197191    1761175    1954679    4963512    1705597    1548392    1601359    1600710    1672534    1640414    3876269    1645234    1743734    1729408    1594323    1755418    1746743    1754161    2268637    2268363    2193854    2118494    1971192    1997334    1969266    1971635    1857742    1850396    1744899    1734188    1642235    1708929    1672765    1862167    1531476    1607320    1512871    1556945    1407724    1530191    1503630    1469908    1478031    1420648    1708314    1417649    1829539    1639075    1719118    1696453    1689397    1330677    1529333    1614537    1535042    1537673    1598898    1533244    1424589    1519469    1620750    1712778    1596003    1595861    1619009    1730599    1689444    1461124    1504568    1882823    1684574    1725423    1574465    1680235    1566684    1563605    1597648    1402421    1629499    1515713    1325943    1592166    1646090    1622253    1640722    1891998    1660265    1652171    1475485    1633238    1701953    1722661    1698930    1678788    1607900    1770380   Function call interrupts
 TLB:    2087917    2175684    1798700    1935606    1816028    1806769    1822052    1842268    1721286    1578289    1414428    1521014    1527781    1471889    1518907    1337844    1383428    1473578    1627542    1482183    1422855    1458474    1437311    1439265    1455900    1598504    1968329    1997415    2026781    1839950    1801453    1817147    1791890    1757715    1528108    1556170    1527257    1479144    1434131    1514322    1462067    1538877    1362618    1436221    1355145    1376175    1282286    1417047    1398878    1340392    1345282    1228120    1510551    1217916    1459001    1326328    1488160    1385297    1467995    1330017    1307844    1357234    1297083    1409883    1310339    1387736    1275824    1321866    1449045    1539601    1317886    1413776    1412087    1360045    1490047    1266736    1220079    1377315    1498550    1448486    1403928    1401382    1389795    1399948    1405120    1257010    1380434    1333911    1265023    1417109    1403087    1404809    1422785    1577464    1431569    1427128    1268278    1371857    1495458    1521008    1498558    1385823    1348025    1504925   TLB shootdowns
## cpuidle cpu estado tiempo_us entradas
cpu0 POLL 2647018 78599
cpu0 C1 1615921153 288554
cpu0 C1E 2143480618 4386818
cpu0 C6 3284897630140 347481927
cpu1 POLL 1205161 29984
cpu1 C1 963132591 306245
cpu1 C1E 1480910172 7060701
cpu1 C6 3133099029494 54747075
cpu2 POLL 1787573 86435
cpu2 C1 38135583673 546345
cpu2 C1E 1332038221 7236790
cpu2 C6 3245532823491 96101290
cpu3 POLL 825780 25834
cpu3 C1 3982727654 272703
cpu3 C1E 704609742 4705237
cpu3 C6 3149403004194 25898389
cpu4 POLL 629386 17826
cpu4 C1 891028932 252791
cpu4 C1E 557373575 4159000
cpu4 C6 3088155580217 18222030
cpu5 POLL 725291 22364
cpu5 C1 874070879 226287
cpu5 C1E 459420956 3233905
cpu5 C6 3141451054456 21297164
cpu6 POLL 447723 14213
cpu6 C1 1724706548 153285
cpu6 C1E 652480879 3293170
cpu6 C6 3165907065933 25045381
cpu7 POLL 623972 28759
cpu7 C1 1409009073 206514
cpu7 C1E 474444680 3475761
cpu7 C6 3120510077971 12584241
cpu16 POLL 1823265 38037
cpu16 C1 969632621 247559
cpu16 C1E 4741828848 33458200
cpu16 C6 3151209824253 87629150
cpu17 POLL 687952 19176
cpu17 C1 1341827196 176241
cpu17 C1E 1792515740 10420376
cpu17 C6 3251385506463 10987640
cpu18 POLL 793902 27342
cpu18 C1 83502375 182525
cpu18 C1E 1722669873 9862170
cpu18 C6 3245805736893 23653071
cpu19 POLL 722056 20189
cpu19 C1 2285461278 183810
cpu19 C1E 1469820097 8543949
cpu19 C6 3226763850577 9363251
cpu20 POLL 516031 16308
cpu20 C1 1544063326 153220
cpu20 C1E 701307402 4835749
cpu20 C6 3297601905145 9712378
cpu21 POLL 490691 13981
cpu21 C1 1238386647 133290
cpu21 C1E 724255441 4457045
cpu21 C6 3161158915150 16374468
cpu22 POLL 512740 16544
cpu22 C1 947096428 148691
cpu22 C1E 719858125 4421743
cpu22 C6 3198412334228 12587636
cpu23 POLL 545784 15189
cpu23 C1 1429273561 126659
cpu23 C1E 747453076 4378075
cpu23 C6 3228961714961 13568108
## daemon hilo utime stime cpu
cpu_loop_main 8 1 7
cpu_loop_main 0 0 6
