## stat
cpu  1731823767 127832 73379027 34437176765 22047848 6640638 1776072 0 0 0
cpu0 17753535 2358 823638 328830292 214777 173505 699263 0 0 0
cpu1 33507444 221 1411038 313284044 307164 141431 96874 0 0 0
cpu2 19010187 4456 885172 328188389 364524 94776 205109 0 0 0
cpu3 31873411 226 1295055 315147643 281276 123426 47231 0 0 0
cpu4 38073945 213 1547667 308692570 283466 139254 25743 0 0 0
cpu5 32902947 223 1414233 313885847 409852 125026 25754 0 0 0
cpu6 30507228 3022 1254657 316589123 259350 113265 42674 0 0 0
cpu7 34961301 62 1378283 311867129 382867 123936 7996 0 0 0
cpu8 32116225 576 1291705 315006479 223638 117079 15680 0 0 0
cpu9 38918489 0 1513845 307961388 224131 138865 6858 0 0 0
cpu10 35461303 14 1476974 311352652 342848 127400 6778 0 0 0
cpu11 21964315 199 1013976 325403153 272805 88582 30338 0 0 0
cpu12 35750289 76 1594157 310934843 351307 131157 7025 0 0 0
cpu13 35044794 1714 1427141 311908436 229415 126215 6155 0 0 0
cpu14 36182097 30 1474123 310663260 311313 133106 6056 0 0 0
cpu15 19360036 1174 851536 328255540 237502 75240 5826 0 0 0
cpu16 31491431 13 1301285 315620911 111558 129402 105908 0 0 0
cpu17 22351583 282 883287 325237004 225359 78898 7196 0 0 0
cpu18 22945338 105 940876 324578417 201728 85135 23893 0 0 0
cpu19 24548874 69 1074888 322766872 294083 89848 5498 0 0 0
cpu20 17881269 849 837584 329707569 287085 68809 5216 0 0 0
cpu21 31096805 26 1210167 315982633 344213 117283 5825 0 0 0
cpu22 27428042 34 1214759 319712077 307722 103410 6335 0 0 0
cpu23 24722631 58 836124 322863378 262965 85885 6089 0 0 0
cpu24 26465267 73 1013210 320781178 405269 96773 6376 0 0 0
cpu25 23935090 762 1039555 323424570 275754 92437 6212 0 0 0
cpu26 14419198 9534 663636 333315039 314494 54146 6080 0 0 0
cpu27 30468576 5770 1271986 316633731 290995 104618 2897 0 0 0
cpu28 22808723 5017 1007519 324680154 197081 82627 2639 0 0 0
cpu29 26767221 753 1152445 320469244 298708 92902 2223 0 0 0
cpu30 21621005 213 1002716 325870610 214634 75546 2350 0 0 0
cpu31 31449446 59 1395545 315577066 234776 116259 2648 0 0 0
cpu32 29892817 45 1386595 317189540 198579 108714 2736 0 0 0
cpu33 34347930 1381 1335922 312713524 252248 120661 3077 0 0 0
cpu34 22610144 350 984326 324791197 312111 84799 2262 0 0 0
cpu35 23030710 1942 1056872 324315627 298524 81700 2107 0 0 0
cpu36 37157508 0 1718168 309456367 299809 135381 3287 0 0 0
cpu37 22350258 87 997638 325094364 260493 79907 2811 0 0 0
cpu38 27192735 293 1267651 320063988 152563 101109 2430 0 0 0
cpu39 26302671 148 1239293 320920349 218509 98220 2526 0 0 0
cpu40 18434517 1266 829496 329210831 244795 67693 2183 0 0 0
cpu41 28438644 498 1274591 318717916 239730 105106 2857 0 0 0
cpu42 26858702 2365 1220559 320478889 113629 102558 2401 0 0 0
cpu43 24775891 44 1102250 322558421 250501 94931 2031 0 0 0
cpu44 34570570 717 1551009 312183655 335906 127229 3170 0 0 0
cpu45 25913053 1863 1263952 321269707 234179 97857 2052 0 0 0
cpu46 20601751 25 927781 327016142 165137 76752 1729 0 0 0
cpu47 14719737 2 708364 333284180 25502 55123 1510 0 0 0
cpu48 21519258 11 928931 326056217 201072 79566 1825 0 0 0
cpu49 24994364 3417 958249 322604702 133159 88987 1880 0 0 0
cpu50 24842158 3220 1058046 322643241 139042 93086 2261 0 0 0
cpu51 26289034 8458 1099814 320997326 284312 98105 2541 0 0 0
cpu52 7936493 660 291653 340419285 92046 35576 10187 0 0 0
cpu53 1164794 151 63530 347464042 73668 15618 4565 0 0 0
cpu54 15498407 767 473626 332587726 144429 63833 10280 0 0 0
cpu55 1064042 665 60409 347503364 152342 10868 5402 0 0 0
cpu56 1882662 1304 95448 346720937 73992 15458 8092 0 0 0
cpu57 1981342 240 79817 346602792 98898 16859 13957 0 0 0
cpu58 2855835 1416 127342 345500289 276506 20343 4617 0 0 0
cpu59 968970 209 68498 347331288 127817 11526 9792 0 0 0
cpu60 3326182 67 114003 345196401 145354 13905 5328 0 0 0
cpu61 2860825 627 130064 345579780 213434 13756 3919 0 0 0
cpu62 5074910 153 112104 343280391 311733 17103 5371 0 0 0
cpu63 4193366 256 140822 344165021 211238 18184 73822 0 0 0
cpu64 4204396 1274 158740 344251486 115835 29128 34947 0 0 0
cpu65 3201698 113 128542 345231779 223838 14274 3994 0 0 0
cpu66 3415757 227 103115 345188182 81936 12883 3415 0 0 0
cpu67 3074259 2405 116104 345408215 179482 15451 4078 0 0 0
cpu68 3447038 93 135403 345122782 59918 20867 3728 0 0 0
cpu69 3706285 216 137178 344773871 163691 16379 5952 0 0 0
cpu70 785178 48 50679 347870935 63678 11532 10704 0 0 0
cpu71 6227658 830 186106 342170061 189326 22639 3982 0 0 0
cpu72 18699256 972 699723 328979009 339411 63997 5861 0 0 0
cpu73 7113984 26 213679 341268070 169319 28695 4921 0 0 0
cpu74 7209298 2561 213077 341105554 231345 26448 5377 0 0 0
cpu75 6031890 43 194868 342391830 150529 22727 5045 0 0 0
cpu76 5681951 43 228380 342747599 111590 24379 4004 0 0 0
cpu77 7335539 193 298021 340792883 330070 31243 6221 0 0 0
cpu78 10544608 4101 275102 337799804 146950 28906 1069 0 0 0
cpu79 6840585 7624 287773 341410586 230537 23982 1255 0 0 0
cpu80 5314197 8727 247992 343044791 164830 19799 1789 0 0 0
cpu81 7824914 4176 362099 340340678 238428 28375 1273 0 0 0
cpu82 6390164 842 313030 341897890 177290 22833 862 0 0 0
cpu83 7899575 980 324026 340322212 225701 27827 1084 0 0 0
cpu84 1865167 1470 87322 346706129 139988 7428 763 0 0 0
cpu85 697511 57 41082 347966667 62527 5082 2471 0 0 0
cpu86 7027977 147 301745 341305352 141402 25335 919 0 0 0
cpu87 7501098 1270 371590 340703268 194074 28160 986 0 0 0
cpu88 1421323 232 59373 346935100 160739 8106 5510 0 0 0
cpu89 8314527 708 325757 339979690 151704 27864 1176 0 0 0
cpu90 10458355 16 428143 337676361 198108 37066 1152 0 0 0
cpu91 8133764 20 396725 340099258 138748 30240 1183 0 0 0
cpu92 7939365 1673 354585 340331339 139477 28150 1976 0 0 0
cpu93 10179551 3293 483059 337749642 343969 37968 1122 0 0 0
cpu94 12101520 2640 446637 335944063 256324 42549 1370 0 0 0
cpu95 9373844 1421 442656 338756173 187293 35169 1420 0 0 0
cpu96 580433 2701 33308 348054400 97987 4619 2486 0 0 0
cpu97 9480062 1418 410682 338696918 175724 33379 1103 0 0 0
cpu98 8876067 2 386406 339393299 108438 32828 1090 0 0 0
cpu99 7655246 177 346290 340753291 19255 27059 932 0 0 0
cpu100 9440340 33 361428 338791252 173744 32882 986 0 0 0
cpu101 8948027 159 403776 339293427 118220 34705 1355 0 0 0
cpu102 9915684 1447 424081 338282182 138265 36330 1368 0 0 0
cpu103 9527297 2575 435090 338531942 264190 36545 1342 0 0 0
## interrupts
            CPU0       CPU1       CPU2       CPU3       CPU4       CPU5       CPU6       CPU7       CPU8       CPU9       CPU10      CPU11      CPU12      CPU13      CPU14      CPU15      CPU16      CPU17      CPU18      CPU19      CPU20      CPU21      CPU22      CPU23      CPU24      CPU25      CPU26      CPU27      CPU28      CPU29      CPU30      CPU31      CPU32      CPU33      CPU34      CPU35      CPU36      CPU37      CPU38      CPU39      CPU40      CPU41      CPU42      CPU43      CPU44      CPU45      CPU46      CPU47      CPU48      CPU49      CPU50      CPU51      CPU52      CPU53      CPU54      CPU55      CPU56      CPU57      CPU58      CPU59      CPU60      CPU61      CPU62      CPU63      CPU64      CPU65      CPU66      CPU67      CPU68      CPU69      CPU70      CPU71      CPU72      CPU73      CPU74      CPU75      CPU76      CPU77      CPU78      CPU79      CPU80      CPU81      CPU82      CPU83      CPU84      CPU85      CPU86      CPU87      CPU88      CPU89      CPU90      CPU91      CPU92      CPU93      CPU94      CPU95      CPU96      CPU97      CPU98      CPU99      CPU100     CPU101     CPU102     CPU103     
 LOC:  443493011  392550588  267030867  350890903  407841609  358435379  338236835  374644833  345086410  412349824  376904489  248614762  379311768  371151978  382106740  208210277  342879271  240880828  252917627  263987929  193959105  335827238  295469640  266725817  288491858  260696981  157619830  321729232  241640127  282785695  230123621  332294045  316550894  360672128  239323853  244175435  392692422  236918299  287857512  278985698  195809567  300463790  285607869  262949242  365007441  275061309  218388065  157504631  227522479  263153308  263759548  278068933   92189069   27195369  172344272   20771889   27726765   31416066   44489395   22156634   39464010   35507270   57722833   51851282   49659707   38398070   39409683   40054756   47930227   43588582   15156132   70604665  199426498   79290474   81888195   68817409   65439909   83653019  111465706   74421230   59151308   85411419   69700420   84964680   22857753   12362886   76088127   81583250   21762405   89252116  111677105   88272148   86695299  109753524  129796790  101745803   11514688  101783712   96081577   82955544  101276410   96901512  106558325  102772572   Local timer interrupts
 RES:       7695      15157      12559      13358       9566      11006      11748      11464       9338      13536       8317      12513      12746      12142      11933      10823      10966       7854      10219      11692      11389      11027      11919       9710      12291       7533        387        422        542        570        624        334        288       2238        471        242        920       1936        217        286        202        167        142        276        207        284        746        193        390        286        173        139       7144      10833      20486      12573       8187       9479      10892      10356       7868      12211       7877      11721      11892      11576      11064      10044      17733       8929       8691      11189      10421      10704      11852       9611      11241       7541        287        277        415        390        389        311       2370        329        439        400        497        409        441        473        351        297        293        447        370        410       1201        493        450        526        431        456   Rescheduling interrupts
 CAL:   93919426   13668965   25032691    7125689    3771050    4540858    6874000    2100886    3197198    1761182    1954686    4963519    1705604    1548399    1601366    1600717    1672541    1640421    3876276    1645241    1743741    1729415    1594330    1755425    1746750    1754168    2268644    2268370    2193861    2118501    1971199    1997341    1969273    1971642    1857749    1850403    1744906    1734195    1642242    1708936    1672772    1862174    1531483    1607327    1512878    1556952    1407731    1530198    1503637    1469915    1478038    1420655    1708321    1417656    1829546    1639082    1719125    1696460    1689404    1330684    1529340    1614544    1535050    1537680    1598905    1533251    1424596    1519476    1620758    1712785    1596010    1595868    1619016    1730606    1689451    1461131    1504575    1882830    1684581    1725430    1574472    1680242    1566691    1563612    1597655    1402428    1629506    1515720    1325943    1592173    1646097    1622260    1640729    1892005    1660272    1652178    1475492    1633245    1701960    1722668    1698937    1678795    1607907    1770387   Function call interrupts
 TLB:    2087917    2175684    1798700    1935606    1816028    1806769    1822052    1842268    1721286    1578289    1414428    1521014    1527781    1471889    1518907    1337844    1383428    1473578    1627542    1482183    1422855    1458474    1437311    1439265    1455900    1598504    1968329    1997415    2026781    1839950    1801453    1817147    1791890    1757715    1528108    1556170    1527257    1479144    1434131    1514322    1462067    1538877    1362618    1436221    1355145    1376175    1282286    1417047    1398878    1340392    1345282    1228120    1510551    1217916    1459001    1326328    1488160    1385297    1467995    1330017    1307844    1357234    1297083    1409883    1310339    1387736    1275824    1321866    1449045    1539601    1317886    1413776    1412087    1360045    1490047    1266736    1220079    1377315    1498550    1448486    1403928    1401382    1389795    1399948    1405120    1257010    1380434    1333911    1265023    1417109    1403087    1404809    1422785    1577464    1431569    1427128    1268278    1371857    1495458    1521008    1498558    1385823    1348025    1504925   TLB shootdowns
## cpuidle cpu estado tiempo_us entradas
cpu0 POLL 2647196 78604
cpu0 C1 1615921291 288564
cpu0 C1E 2143480828 4386841
cpu0 C6 3284957885953 347482318
cpu1 POLL 1205227 29985
cpu1 C1 963132618 306249
cpu1 C1E 1481111306 7061449
cpu1 C6 3133159069372 54747335
cpu2 POLL 1787788 86442
cpu2 C1 38138535791 546360
cpu2 C1E 1332039406 7236823
cpu2 C6 3245590167061 96102640
cpu3 POLL 825843 25835
cpu3 C1 3982727660 272704
cpu3 C1E 704616507 4705270
cpu3 C6 3149463256154 25898756
cpu4 POLL 629386 17826
cpu4 C1 891028932 252791
cpu4 C1E 557383225 4159038
cpu4 C6 3088215817281 18222291
cpu5 POLL 725291 22364
cpu5 C1 874070879 226287
cpu5 C1E 459430712 3233945
cpu5 C6 3141511315381 21297447
cpu6 POLL 447787 14214
cpu6 C1 1724713436 153332
cpu6 C1E 652583242 3293792
cpu6 C6 3165967072171 25056026
cpu7 POLL 623972 28759
cpu7 C1 1409009079 206515
cpu7 C1E 533549559 3917426
cpu7 C6 3120510159541 12584252
cpu16 POLL 1823265 38037
cpu16 C1 969632627 247560
cpu16 C1E 4741829274 33458214
cpu16 C6 3151270080730 87629569
cpu17 POLL 688025 19178
cpu17 C1 1341827242 176247
cpu17 C1E 1792578723 10420527
cpu17 C6 3251445698081 10988075
cpu18 POLL 793965 27343
cpu18 C1 83503289 182529
cpu18 C1E 1722704093 9862260
cpu18 C6 3245865910845 23655785
cpu19 POLL 722056 20189
cpu19 C1 2285461315 183811
cpu19 C1E 1469823500 8543971
cpu19 C6 3226824102187 9363369
cpu20 POLL 516040 16309
cpu20 C1 1544063326 153220
cpu20 C1E 701308333 4835767
cpu20 C6 3297662195099 9712485
cpu21 POLL 490691 13981
cpu21 C1 1238386647 133290
cpu21 C1E 724256471 4457061
cpu21 C6 3161219205925 16374572
cpu22 POLL 512740 16544
cpu22 C1 947096441 148693
cpu22 C1E 719858349 4421755
cpu22 C6 3198472589814 12587925
cpu23 POLL 545784 15189
cpu23 C1 1429273561 126659
cpu23 C1E 747453589 4378090
cpu23 C6 3229021897238 13568182
## daemon hilo utime stime cpu
cpu_loop_main 38 7 7
cpu_loop_main 0 5 6
