## stat
cpu  506720337 220658 62952139 13291457426 1596929 3381965 814104 0 0 0
cpu0 36834445 37455 2630126 392934402 151027 271207 118505 0 0 0
cpu1 38561341 13577 2723015 391673950 148481 195200 36838 0 0 0
cpu2 37328819 5256 2504248 393211832 97576 190933 34313 0 0 0
cpu3 36960589 6201 2354952 393725410 102283 188130 31409 0 0 0
cpu4 34595075 9635 2228380 396225599 90048 182481 34541 0 0 0
cpu5 51727203 25654 2449970 378790721 118304 227851 41543 0 0 0
cpu6 12338000 2065 24830523 396071886 59094 146458 73426 0 0 0
cpu7 13321711 6850 900082 418383188 48469 265263 31824 0 0 0
cpu8 9817323 10098 1331486 421059092 50866 99655 69267 0 0 0
cpu9 9796090 4867 999367 422449806 42538 51337 21872 0 0 0
cpu10 11338708 6591 1077572 420885181 38354 56242 13367 0 0 0
cpu11 13215113 5285 1167382 418915018 44090 55455 27464 0 0 0
cpu12 10267322 669 928453 422133046 30719 51998 8038 0 0 0
cpu13 9832121 2370 949104 422555083 26356 49666 7655 0 0 0
cpu14 10298109 806 984336 421731879 49184 349445 7020 0 0 0
cpu15 11159236 1153 1293583 420857986 27590 62958 7459 0 0 0
cpu16 6074490 1932 610035 426600860 16069 52162 25988 0 0 0
cpu17 6603177 4854 669655 426023377 18223 50063 25717 0 0 0
cpu18 7063024 8264 751391 425480805 16672 50827 32786 0 0 0
cpu19 7008960 6245 809576 425414931 17894 82802 43426 0 0 0
cpu20 5529455 7364 904973 426892354 16200 41483 8517 0 0 0
cpu21 7695577 4845 747277 424864847 20311 49789 21026 0 0 0
cpu22 6637197 2448 739858 425949215 24153 30028 14704 0 0 0
cpu23 5141422 9625 801414 427387549 23751 31323 14888 0 0 0
cpu24 12487956 4116 911811 419899802 31288 65309 14603 0 0 0
cpu25 14433717 6367 891775 417968512 45264 65821 6736 0 0 0
cpu26 13301151 9770 957697 419038564 37339 72965 6530 0 0 0
cpu27 13606700 1251 975137 418732581 40870 63017 6533 0 0 0
cpu28 13257684 3180 910348 419131801 39076 69574 6543 0 0 0
cpu29 13680869 4685 972873 418635747 41308 71651 7430 0 0 0
cpu30 13063228 5866 909695 419316591 41188 70072 6900 0 0 0
cpu31 13744508 1302 1036030 418515798 42328 70783 7221 0 0 0
## interrupts
            CPU0       CPU1       CPU2       CPU3       CPU4       CPU5       CPU6       CPU7       CPU8       CPU9       CPU10      CPU11      CPU12      CPU13      CPU14      CPU15      CPU16      CPU17      CPU18      CPU19      CPU20      CPU21      CPU22      CPU23      CPU24      CPU25      CPU26      CPU27      CPU28      CPU29      CPU30      CPU31      
 LOC:  508854065  470134028  440702715  435687252  417916144  581954171  916090315 3326180589  220118416  157520571  176423876  179290098  150841335  143499214  152761266  170172243  115422968  109843548  112777120  106530037   97627354  120882833  108104923  104129545  183153164  193778963  186189890  186890883  182948119  189364591  180110686  188188886   Local timer interrupts
 RES:     133756      74504      68966      60553      51173      46488       9764      11532      77623      16934      14727      12653      11805      11467      11514      11571       7255      11495      10056       8970       8743       6898       7083       6473       9410       9142       8623       8413       9034       8714       8123       8952   Rescheduling interrupts
 CAL: 1433047614 1106848195 1134615993 1113978658  998893069  943963531   99195909   37199311   37250069   28507869   25914975   23819193   22594638   21173878   21573947   22110347   21716786   17044354   16487219   16429028   16360298   16272401   15518778   15572289   29468949   30054775   31332083   32771705   33925103   35755671   35653936   35039612   Function call interrupts
 TLB:   41892482   45786872   46316342   46643672   46599439   45014679   34076735   34250536   28753184   28581582   27369424   25941101   24884003   23378217   23709294   24183044   22746649   19266319   18730537   18566792   18440003   18135786   15874504   15766635   31415332   31663626   32926122   34130884   35158288   36871259   36586174   35517026   TLB shootdowns
## cpuidle cpu estado tiempo_us entradas
cpu0 POLL 13954628 435192
cpu0 C1 2957975669 30328983
cpu0 C1E 25045393003 116077135
cpu0 C6 3900580547733 516661644
cpu1 POLL 5063936 139686
cpu1 C1 32129002 493423
cpu1 C1E 12594736229 74053163
cpu1 C6 3904790443305 151360248
cpu2 POLL 4526960 142557
cpu2 C1 47694657 533336
cpu2 C1E 11528504664 65169204
cpu2 C6 3920844181839 116500164
cpu3 POLL 4124979 112550
cpu3 C1 43782532 484131
cpu3 C1E 11370739200 58997162
cpu3 C6 3926219009788 110531641
cpu4 POLL 3847650 108665
cpu4 C1 50817615 498452
cpu4 C1E 11155502735 62758956
cpu4 C6 3951232300982 126364230
cpu5 POLL 4075767 118445
cpu5 C1 206355047 353720
cpu5 C1E 9940260915 64832681
cpu5 C6 3778396031083 89979003
cpu6 POLL 1111740233 135847316
cpu6 C1 14459113908 49268898
cpu6 C1E 162912484738 554400963
cpu6 C6 3781560077778 386443135
cpu7 POLL 29337421 742355
cpu7 C1 42803229 1946021
cpu7 C1E 424135137400 3170332022
cpu7 C6 3757872413241 87686084
cpu16 POLL 2076885 56841
cpu16 C1 77464284 196698
cpu16 C1E 7066308758 31246235
cpu16 C6 4258413859823 103221698
cpu17 POLL 1716117 47708
cpu17 C1 23708852 192049
cpu17 C1E 7077410065 28465718
cpu17 C6 4252772135264 88664312
cpu18 POLL 1435655 48024
cpu18 C1 27485125 198308
cpu18 C1E 6730483669 26017250
cpu18 C6 4247688992616 80212190
cpu19 POLL 1269212 43564
cpu19 C1 19412474 136486
cpu19 C1E 5875833641 19055395
cpu19 C6 4247585172183 111040158
cpu20 POLL 2155728 52895
cpu20 C1 14020405 167817
cpu20 C1E 6314698523 24963046
cpu20 C6 4262283775588 66206117
cpu21 POLL 2482042 57178
cpu21 C1 35790473 236946
cpu21 C1E 7324170074 32038890
cpu21 C6 4241021660731 66820979
cpu22 POLL 3787820 324450
cpu22 C1 108249536 249756
cpu22 C1E 7647363160 22945537
cpu22 C6 4251526109451 106390578
cpu23 POLL 3644562 225873
cpu23 C1 28254469 276037
cpu23 C1E 9504236074 34015978
cpu23 C6 4264160442546 80300722
## daemon hilo utime stime cpu
cpu_loop_main 7 19 11
cpu_loop_main 0 22 6
