## stat
cpu  506708381 220658 62951855 13291389456 1596922 3381917 814091 0 0 0
cpu0 36832473 37455 2630112 392933890 151027 271202 118504 0 0 0
cpu1 38559355 13577 2723011 391673443 148481 195195 36838 0 0 0
cpu2 37326839 5256 2504240 393211320 97576 190928 34313 0 0 0
cpu3 36958606 6201 2354942 393724906 102282 188125 31408 0 0 0
cpu4 34593081 9635 2228378 396225097 90048 182476 34541 0 0 0
cpu5 51725169 25654 2449964 378790264 118303 227846 41543 0 0 0
cpu6 12337998 2065 24830327 396069424 59094 146455 73417 0 0 0
cpu7 13321711 6850 900082 418380685 48469 265263 31824 0 0 0
cpu8 9817323 10098 1331485 421056591 50866 99655 69267 0 0 0
cpu9 9796090 4867 999366 422447303 42538 51337 21872 0 0 0
cpu10 11338708 6591 1077572 420882677 38354 56242 13367 0 0 0
cpu11 13215113 5285 1167363 418912537 44089 55449 27463 0 0 0
cpu12 10267322 669 928451 422130545 30719 51998 8038 0 0 0
cpu13 9832120 2370 949100 422552601 26356 49660 7655 0 0 0
cpu14 10298109 806 984336 421729375 49184 349445 7020 0 0 0
cpu15 11159236 1153 1293583 420855482 27590 62958 7459 0 0 0
cpu16 6074490 1932 610033 426598360 16069 52162 25988 0 0 0
cpu17 6603176 4854 669653 426020875 18223 50063 25717 0 0 0
cpu18 7063024 8264 751389 425478304 16672 50827 32786 0 0 0
cpu19 7008960 6245 809576 425412427 17894 82802 43426 0 0 0
cpu20 5529455 7364 904973 426889852 16200 41483 8517 0 0 0
cpu21 7695577 4845 747275 424862345 20311 49789 21026 0 0 0
cpu22 6637197 2448 739858 425946713 24153 30028 14703 0 0 0
cpu23 5141422 9625 801412 427385049 23751 31323 14888 0 0 0
cpu24 12487956 4116 911811 419897298 31288 65309 14603 0 0 0
cpu25 14433717 6367 891775 417966008 45264 65821 6736 0 0 0
cpu26 13301151 9770 957697 419036060 37339 72965 6530 0 0 0
cpu27 13606699 1251 975136 418730078 40870 63017 6533 0 0 0
cpu28 13257684 3180 910347 419129297 39076 69574 6543 0 0 0
cpu29 13680869 4685 972873 418633243 41308 71651 7430 0 0 0
cpu30 13063227 5866 909694 419314090 41188 70071 6900 0 0 0
cpu31 13744507 1302 1036027 418513299 42327 70783 7221 0 0 0
## interrupts
            CPU0       CPU1       CPU2       CPU3       CPU4       CPU5       CPU6       CPU7       CPU8       CPU9       CPU10      CPU11      CPU12      CPU13      CPU14      CPU15      CPU16      CPU17      CPU18      CPU19      CPU20      CPU21      CPU22      CPU23      CPU24      CPU25      CPU26      CPU27      CPU28      CPU29      CPU30      CPU31      
 LOC:  508833904  470113964  440682747  435667010  417896047  581933619  916079882 3326180575  220118074  157520460  176423797  179195520  150840275  143409305  152761183  170172236  115422588  109843236  112776841  106530003   97627085  120882497  108104547  104128610  183153153  193778926  186189883  186890215  182948036  189364537  180109823  188188647   Local timer interrupts
 RES:     133753      74501      68962      60549      51169      46486       9764      11532      77623      16934      14727      12645      11805      11466      11514      11571       7255      11485      10056       8970       8743       6898       7083       6473       9410       9142       8623       8413       9034       8714       8123       8951   Rescheduling interrupts
 CAL: 1433028797 1106829412 1134597170 1113959809  998874569  943944567   99192482   37199305   37250069   28507865   25914971   23819184   22594634   21173874   21573943   22110343   21716778   17044342   16487215   16429024   16360293   16272397   15518773   15572277   29468945   30054771   31332079   32771701   33925099   35755659   35653932   35039608   Function call interrupts
 TLB:   41891603   45786069   46315450   46642780   46598959   45014165   34076735   34250536   28753184   28581582   27369424   25941101   24884003   23378217   23709294   24183044   22746649   19266319   18730537   18566792   18440003   18135786   15874504   15766635   31415332   31663626   32926122   34130884   35158288   36871259   36586174   35517026   TLB shootdowns
## cpuidle cpu estado tiempo_us entradas
cpu0 POLL 13954628 435192
cpu0 C1 2957975669 30328983
cpu0 C1E 25045304478 116077016
cpu0 C6 3900575509109 516661030
cpu1 POLL 5063807 139684
cpu1 C1 32129002 493423
cpu1 C1E 12594698946 74053109
cpu1 C6 3904783983459 151359978
cpu2 POLL 4526960 142557
cpu2 C1 47694657 533336
cpu2 C1E 11528487847 65169176
cpu2 C6 3920839155189 116499977
cpu3 POLL 4124979 112550
cpu3 C1 43782464 484129
cpu3 C1E 11370630675 58996993
cpu3 C6 3926214052247 110531237
cpu4 POLL 3847650 108665
cpu4 C1 50817615 498452
cpu4 C1E 11155470995 62758913
cpu4 C6 3951227418803 126364050
cpu5 POLL 4075767 118445
cpu5 C1 206355047 353720
cpu5 C1E 9940217368 64832547
cpu5 C6 3778391509269 89978829
cpu6 POLL 1111740233 135847316
cpu6 C1 14459113908 49268898
cpu6 C1E 162911308494 554399605
cpu6 C6 3781536710815 386418682
cpu7 POLL 29337421 742355
cpu7 C1 42803229 1946021
cpu7 C1E 424135137370 3170332021
cpu7 C6 3757847390410 87683765
cpu16 POLL 2076885 56841
cpu16 C1 77464284 196698
cpu16 C1E 7066179035 31246048
cpu16 C6 4258388988422 103221213
cpu17 POLL 1716117 47708
cpu17 C1 23708774 192048
cpu17 C1E 7077309867 28465478
cpu17 C6 4252747213244 88663904
cpu18 POLL 1435655 48024
cpu18 C1 27485125 198308
cpu18 C1E 6730441123 26017205
cpu18 C6 4247664237474 80212053
cpu19 POLL 1269212 43564
cpu19 C1 19412474 136486
cpu19 C1E 5875833641 19055395
cpu19 C6 4247560314265 111040066
cpu20 POLL 2155728 52895
cpu20 C1 14020405 167817
cpu20 C1E 6314655462 24962998
cpu20 C6 4262258937007 66205935
cpu21 POLL 2482042 57178
cpu21 C1 35790473 236946
cpu21 C1E 7324130144 32038813
cpu21 C6 4240996944308 66820755
cpu22 POLL 3787755 324449
cpu22 C1 108249536 249756
cpu22 C1E 7647174062 22945248
cpu22 C6 4251501312929 106383179
cpu23 POLL 3644562 225873
cpu23 C1 28254469 276037
cpu23 C1E 9504198795 34015913
cpu23 C6 4264135478140 80299303
## daemon hilo utime stime cpu
cpu_loop_main 7 1 11
cpu_loop_main 0 0 6
