## stat
cpu  506817321 220658 62955458 13292244542 1597099 3382665 814243 0 0 0
cpu0 36850479 37455 2630201 392945939 151030 271283 118508 0 0 0
cpu1 38577448 13577 2723075 391685432 148483 195275 36840 0 0 0
cpu2 37344879 5256 2504323 393223341 97584 191009 34315 0 0 0
cpu3 36976619 6201 2355040 393736930 102289 188209 31418 0 0 0
cpu4 34611174 9635 2228444 396237083 90052 182559 34542 0 0 0
cpu5 51743205 25654 2450033 378802302 118307 227928 41544 0 0 0
cpu6 12338055 2065 24832932 396098487 59098 146522 73455 0 0 0
cpu7 13321715 6850 900086 418410657 48489 265306 31868 0 0 0
cpu8 9817361 10098 1331508 421086660 50870 99669 69278 0 0 0
cpu9 9796153 4867 999394 422477428 42547 51344 21875 0 0 0
cpu10 11338712 6591 1077588 420912886 38357 56243 13368 0 0 0
cpu11 13215119 5285 1167399 418942718 44092 55456 27467 0 0 0
cpu12 10267332 669 928474 422160732 30724 52003 8039 0 0 0
cpu13 9832135 2370 949130 422582759 26363 49669 7657 0 0 0
cpu14 10298123 806 984355 421759543 49193 349451 7021 0 0 0
cpu15 11159243 1153 1293602 420885680 27597 62959 7460 0 0 0
cpu16 6074493 1932 610045 426628566 16072 52165 25990 0 0 0
cpu17 6603197 4854 669667 426051067 18226 50067 25719 0 0 0
cpu18 7063025 8264 751397 425508525 16674 50828 32786 0 0 0
cpu19 7009032 6245 809607 425442499 17905 82815 43426 0 0 0
cpu20 5529478 7364 904982 426920046 16203 41486 8517 0 0 0
cpu21 7695579 4845 747287 424892561 20313 49790 21027 0 0 0
cpu22 6637199 2448 739864 425976929 24154 30030 14706 0 0 0
cpu23 5141426 9625 801427 427415254 23753 31326 14890 0 0 0
cpu24 12487957 4116 911814 419927527 31289 65309 14604 0 0 0
cpu25 14433777 6367 891804 417996134 45273 65828 6738 0 0 0
cpu26 13301155 9770 957710 419066277 37341 72966 6531 0 0 0
cpu27 13606718 1251 975158 418760257 40875 63023 6534 0 0 0
cpu28 13257698 3180 910375 419159436 39088 69582 6545 0 0 0
cpu29 13680876 4685 972888 418663450 41312 71652 7431 0 0 0
cpu30 13063310 5866 909741 419344156 41195 70085 6902 0 0 0
cpu31 13744636 1302 1036091 418543264 42338 70813 7225 0 0 0
## interrupts
            CPU0       CPU1       CPU2       CPU3       CPU4       CPU5       CPU6       CPU7       CPU8       CPU9       CPU10      CPU11      CPU12      CPU13      CPU14      CPU15      CPU16      CPU17      CPU18      CPU19      CPU20      CPU21      CPU22      CPU23      CPU24      CPU25      CPU26      CPU27      CPU28      CPU29      CPU30      CPU31      
 LOC:  509019976  470299187  440871333  435853752  418080449  582138579  916460774 3326603172  220142342  157535353  176426382  179292871  150899736  143513498  152841491  170174455  115437626  109855112  112778194  106578446   97638015  120886817  108109931  104136987  183153981  193795109  186191647  186900361  183064004  189368341  180150750  188385612   Local timer interrupts
 RES:     133798      74612      69017      60579      51200      46521       9764      11532      77627      16934      14727      12688      11817      11468      11514      11580       7263      11526      10058       8971       8744       6898       7085       6473       9430       9163       8671       8471       9059       8719       8138       8961   Rescheduling interrupts
 CAL: 1434164580 1107972224 1135731149 1115096841 1000016098  945077581   99203820   37224033   37251968   28507958   25915061   23819304   22594733   21173968   21574064   22110444   21716917   17044485   16487312   16429175   16360381   16272501   15518896   15572406   29469036   30054899   31332196   32771802   33925212   35755803   35654035   35039701   Function call interrupts
 TLB:   41899141   45793047   46322541   46649169   46605146   45020141   34076735   34250536   28753184   28581582   27369424   25941101   24884003   23378224   23709294   24183044   22746649   19266319   18730537   18566792   18440003   18135786   15874525   15766652   31415332   31663626   32926122   34130884   35158307   36871298   36586174   35517026   TLB shootdowns
## cpuidle cpu estado tiempo_us entradas
cpu0 POLL 13954628 435192
cpu0 C1 2957986667 30328999
cpu0 C1E 25046223738 116078436
cpu0 C6 3900695042050 516674962
cpu1 POLL 5063949 139687
cpu1 C1 32130108 493429
cpu1 C1E 12596138391 74056440
cpu1 C6 3904903881686 151364622
cpu2 POLL 4527122 142560
cpu2 C1 47694789 533343
cpu2 C1E 11530313728 65174763
cpu2 C6 3920957603093 116504029
cpu3 POLL 4125491 112558
cpu3 C1 43783509 484164
cpu3 C1E 11372114869 59001478
cpu3 C6 3926332831637 110544389
cpu4 POLL 3847714 108666
cpu4 C1 50817750 498457
cpu4 C1E 11156427014 62760260
cpu4 C6 3951346344364 126368644
cpu5 POLL 4076420 118458
cpu5 C1 206356679 353745
cpu5 C1E 9943743126 64855404
cpu5 C6 3778508373285 89981799
cpu6 POLL 1111896874 135849790
cpu6 C1 14459538939 49277408
cpu6 C1E 163058304325 554695490
cpu6 C6 3781679160706 386538721
cpu7 POLL 29338792 742377
cpu7 C1 42804665 1946201
cpu7 C1E 424186716269 3170711755
cpu7 C6 3758095131786 87805974
cpu16 POLL 2077402 56849
cpu16 C1 77469489 196722
cpu16 C1E 7069482096 31258471
cpu16 C6 4258687728970 103230739
cpu17 POLL 1716309 47711
cpu17 C1 23709407 192063
cpu17 C1E 7080581745 28474545
cpu17 C6 4253045838895 88677732
cpu18 POLL 1435655 48024
cpu18 C1 27485169 198309
cpu18 C1E 6730904477 26017758
cpu18 C6 4247966013529 80214944
cpu19 POLL 1270524 43584
cpu19 C1 19429665 136545
cpu19 C1E 5884950369 19081206
cpu19 C6 4247851818799 111065784
cpu20 POLL 2155931 52898
cpu20 C1 14024738 167826
cpu20 C1E 6317234528 24969377
cpu20 C6 4262558267108 66213807
cpu21 POLL 2482172 57180
cpu21 C1 35790529 236953
cpu21 C1E 7325904605 32041498
cpu21 C6 4241297302670 66825859
cpu22 POLL 3787820 324450
cpu22 C1 108249593 249758
cpu22 C1E 7648058650 22946998
cpu22 C6 4251802403886 106432082
cpu23 POLL 3644693 225875
cpu23 C1 28254544 276043
cpu23 C1E 9506536685 34019360
cpu23 C6 4264435069748 80352667
## daemon hilo utime stime cpu
cpu_loop_main 172 53 31
cpu_loop_main 155 0 6
