## stat
cpu  506805087 220658 62955340 13292176417 1597087 3382559 814222 0 0 0
cpu0 36848476 37455 2630191 392945439 151030 271272 118508 0 0 0
cpu1 38575413 13577 2723065 391684964 148483 195264 36840 0 0 0
cpu2 37342872 5256 2504319 393222839 97584 190998 34315 0 0 0
cpu3 36974618 6201 2355030 393736428 102288 188197 31417 0 0 0
cpu4 34609173 9635 2228438 396236577 90052 182547 34542 0 0 0
cpu5 51741192 25654 2450030 378801804 118307 227917 41544 0 0 0
cpu6 12338055 2065 24832931 396096126 59098 146515 73454 0 0 0
cpu7 13321715 6850 900086 418408149 48489 265302 31857 0 0 0
cpu8 9817361 10098 1331507 421084143 50870 99669 69278 0 0 0
cpu9 9796153 4867 999394 422474904 42547 51344 21875 0 0 0
cpu10 11338711 6591 1077587 420910364 38356 56243 13368 0 0 0
cpu11 13215119 5285 1167399 418940194 44092 55456 27467 0 0 0
cpu12 10267332 669 928474 422158208 30723 52003 8039 0 0 0
cpu13 9832134 2370 949128 422580238 26363 49668 7657 0 0 0
cpu14 10298123 806 984355 421757018 49193 349451 7021 0 0 0
cpu15 11159243 1153 1293602 420883156 27597 62959 7460 0 0 0
cpu16 6074493 1932 610044 426626043 16072 52165 25989 0 0 0
cpu17 6603197 4854 669665 426048545 18225 50067 25719 0 0 0
cpu18 7063025 8264 751396 425506003 16674 50828 32786 0 0 0
cpu19 7009031 6245 809606 425439976 17904 82815 43426 0 0 0
cpu20 5529478 7364 904982 426917523 16202 41486 8517 0 0 0
cpu21 7695579 4845 747285 424890038 20313 49790 21027 0 0 0
cpu22 6637199 2448 739864 425974406 24154 30030 14706 0 0 0
cpu23 5141425 9625 801425 427412732 23753 31326 14890 0 0 0
cpu24 12487957 4116 911814 419925003 31289 65309 14604 0 0 0
cpu25 14433776 6367 891801 417993614 45272 65828 6738 0 0 0
cpu26 13301155 9770 957710 419063752 37341 72966 6531 0 0 0
cpu27 13606715 1251 975155 418757740 40874 63022 6534 0 0 0
cpu28 13257697 3180 910373 419156915 39088 69582 6545 0 0 0
cpu29 13680876 4685 972888 418660926 41312 71652 7431 0 0 0
cpu30 13063256 5866 909722 419341721 41195 70077 6901 0 0 0
cpu31 13744524 1302 1036059 418540914 42332 70797 7223 0 0 0
## interrupts
            CPU0       CPU1       CPU2       CPU3       CPU4       CPU5       CPU6       CPU7       CPU8       CPU9       CPU10      CPU11      CPU12      CPU13      CPU14      CPU15      CPU16      CPU17      CPU18      CPU19      CPU20      CPU21      CPU22      CPU23      CPU24      CPU25      CPU26      CPU27      CPU28      CPU29      CPU30      CPU31      
 LOC:  508999347  470278416  440851007  435833409  418060214  582118248  916410278 3326590287  220142049  157535291  176426070  179292807  150899675  143513238  152841483  170174417  115437135  109854863  112778029  106578295   97637875  120886609  108109619  104135469  183153945  193794831  186191638  186899059  183063785  189368279  180134883  188356699   Local timer interrupts
 RES:     133795      74609      69014      60576      51196      46517       9764      11532      77627      16934      14727      12688      11817      11468      11514      11580       7263      11526      10058       8971       8744       6898       7084       6473       9430       9163       8671       8471       9059       8719       8129       8961   Rescheduling interrupts
 CAL: 1433981572 1107786346 1135548508 1114913951  999833491  944894748   99203812   37217245   37251968   28507954   25915057   23819300   22594729   21173964   21574060   22110440   21716908   17044480   16487308   16429171   16360377   16272496   15518886   15572402   29469032   30054886   31332192   32771797   33925208   35755799   35654028   35039697   Function call interrupts
 TLB:   41898323   45792237   46321892   46648297   46604254   45019722   34076735   34250536   28753184   28581582   27369424   25941101   24884003   23378224   23709294   24183044   22746649   19266319   18730537   18566792   18440003   18135786   15874525   15766652   31415332   31663626   32926122   34130884   35158307   36871298   36586174   35517026   TLB shootdowns
## cpuidle cpu estado tiempo_us entradas
cpu0 POLL 13954628 435192
cpu0 C1 2957986667 30328999
cpu0 C1E 25046129380 116078304
cpu0 C6 3900690137111 516673824
cpu1 POLL 5063949 139687
cpu1 C1 32130108 493429
cpu1 C1E 12596062957 74056347
cpu1 C6 3904899302478 151364236
cpu2 POLL 4527122 142560
cpu2 C1 47694789 533343
cpu2 C1E 11530266233 65174701
cpu2 C6 3920952471885 116503805
cpu3 POLL 4125491 112558
cpu3 C1 43783509 484164
cpu3 C1E 11372060095 59001407
cpu3 C6 3926327869038 110544019
cpu4 POLL 3847650 108665
cpu4 C1 50817750 498457
cpu4 C1E 11156394564 62760221
cpu4 C6 3951341319947 126368508
cpu5 POLL 4076420 118458
cpu5 C1 206356679 353745
cpu5 C1E 9943699077 64855348
cpu5 C6 3778503441324 89981652
cpu6 POLL 1111896874 135849790
cpu6 C1 14459538934 49277407
cpu6 C1E 163034745162 554644810
cpu6 C6 3781679160706 386538721
cpu7 POLL 29338792 742377
cpu7 C1 42804665 1946201
cpu7 C1E 424186713295 3170711752
cpu7 C6 3758070136845 87773500
cpu16 POLL 2077402 56849
cpu16 C1 77469434 196720
cpu16 C1E 7069276562 31258147
cpu16 C6 4258662697456 103229951
cpu17 POLL 1716309 47711
cpu17 C1 23709286 192062
cpu17 C1E 7080541420 28474475
cpu17 C6 4253020635110 88677025
cpu18 POLL 1435655 48024
cpu18 C1 27485169 198309
cpu18 C1E 6730888931 26017743
cpu18 C6 4247940778846 80214781
cpu19 POLL 1270524 43584
cpu19 C1 19429665 136545
cpu19 C1E 5884911166 19081165
cpu19 C6 4247826652819 111065604
cpu20 POLL 2155931 52898
cpu20 C1 14024738 167826
cpu20 C1E 6317234528 24969377
cpu20 C6 4262533018578 66213676
cpu21 POLL 2482172 57180
cpu21 C1 35790529 236953
cpu21 C1E 7325904605 32041498
cpu21 C6 4241272043928 66825730
cpu22 POLL 3787820 324450
cpu22 C1 108249593 249758
cpu22 C1E 7647939503 22946621
cpu22 C6 4251777287518 106431865
cpu23 POLL 3644693 225875
cpu23 C1 28254536 276042
cpu23 C1E 9506262943 34018985
cpu23 C6 4264410073625 80337888
## daemon hilo utime stime cpu
cpu_loop_main 10 5 31
cpu_loop_main 4 0 6
