## stat
cpu  506817339 220658 62955493 13292275068 1597112 3382671 814247 0 0 0
cpu0 36850479 37455 2630201 392946895 151030 271283 118508 0 0 0
cpu1 38577450 13577 2723078 391686383 148484 195275 36840 0 0 0
cpu2 37344879 5256 2504325 393224295 97584 191009 34315 0 0 0
cpu3 36976619 6201 2355040 393737885 102289 188209 31419 0 0 0
cpu4 34611174 9635 2228445 396238038 90052 182559 34542 0 0 0
cpu5 51743205 25654 2450034 378803256 118307 227928 41544 0 0 0
cpu6 12338055 2065 24832932 396099438 59099 146523 73456 0 0 0
cpu7 13321716 6850 900087 418411606 48489 265307 31869 0 0 0
cpu8 9817366 10098 1331511 421087602 50875 99670 69279 0 0 0
cpu9 9796154 4867 999398 422478375 42550 51344 21875 0 0 0
cpu10 11338713 6591 1077591 420913838 38357 56243 13368 0 0 0
cpu11 13215119 5285 1167399 418943675 44092 55456 27467 0 0 0
cpu12 10267332 669 928474 422161689 30724 52003 8039 0 0 0
cpu13 9832136 2370 949131 422583713 26364 49669 7657 0 0 0
cpu14 10298123 806 984355 421760500 49193 349451 7021 0 0 0
cpu15 11159243 1153 1293602 420886636 27597 62959 7460 0 0 0
cpu16 6074493 1932 610045 426629522 16072 52165 25990 0 0 0
cpu17 6603197 4854 669667 426052023 18226 50067 25719 0 0 0
cpu18 7063025 8264 751397 425509482 16674 50828 32786 0 0 0
cpu19 7009032 6245 809607 425443456 17905 82815 43426 0 0 0
cpu20 5529478 7364 904982 426921003 16203 41486 8517 0 0 0
cpu21 7695579 4845 747287 424893518 20313 49790 21027 0 0 0
cpu22 6637199 2448 739865 425977884 24154 30030 14706 0 0 0
cpu23 5141426 9625 801427 427416209 23753 31326 14890 0 0 0
cpu24 12487957 4116 911814 419928484 31289 65309 14604 0 0 0
cpu25 14433777 6367 891804 417997090 45273 65828 6738 0 0 0
cpu26 13301155 9770 957710 419067234 37341 72966 6531 0 0 0
cpu27 13606720 1251 975161 418761209 40875 63023 6534 0 0 0
cpu28 13257698 3180 910377 419160389 39089 69582 6545 0 0 0
cpu29 13680876 4685 972890 418664405 41312 71652 7431 0 0 0
cpu30 13063311 5866 909745 419345106 41195 70086 6903 0 0 0
cpu31 13744637 1302 1036094 418544216 42339 70813 7226 0 0 0
## interrupts
            CPU0       CPU1       CPU2       CPU3       CPU4       CPU5       CPU6       CPU7       CPU8       CPU9       CPU10      CPU11      CPU12      CPU13      CPU14      CPU15      CPU16      CPU17      CPU18      CPU19      CPU20      CPU21      CPU22      CPU23      CPU24      CPU25      CPU26      CPU27      CPU28      CPU29      CPU30      CPU31      
 LOC:  509020105  470299443  440871549  435853857  418080631  582138730  916469337 3326624745  220143219  157535727  176426639  179292902  150899739  143513891  152841493  170174488  115438103  109855114  112778196  106578545   97638017  120886819  108110142  104137635  183153985  193795168  186191651  186900927  183064214  189368509  180152483  188386404   Local timer interrupts
 RES:     133798      74612      69017      60579      51200      46521       9764      11532      77627      16934      14727      12688      11817      11468      11514      11581       7263      11526      10058       8971       8744       6898       7087       6473       9430       9163       8671       8471       9059       8719       8175       8962   Rescheduling interrupts
 CAL: 1434164609 1107972232 1135731158 1115096850 1000016106  945077589   99203830   37224038   37251998   28507966   25915069   23819312   22594741   21173976   21574072   22110454   21716930   17044493   16487320   16429183   16360389   16272509   15518908   15572419   29469044   30054907   31332204   32771810   33925220   35755811   35654051   35039710   Function call interrupts
 TLB:   41899141   45793047   46322541   46649169   46605146   45020141   34076735   34250536   28753184   28581582   27369424   25941101   24884003   23378224   23709294   24183044   22746649   19266319   18730537   18566792   18440003   18135786   15874525   15766652   31415332   31663626   32926122   34130884   35158307   36871298   36586174   35517026   TLB shootdowns
## cpuidle cpu estado tiempo_us entradas
cpu0 POLL 13954628 435192
cpu0 C1 2957986667 30328999
cpu0 C1E 25046255235 116078475
cpu0 C6 3900704563703 516675548
cpu1 POLL 5063949 139687
cpu1 C1 32130139 493430
cpu1 C1E 12596243814 74056589
cpu1 C6 3904912866275 151364844
cpu2 POLL 4527185 142561
cpu2 C1 47694789 533343
cpu2 C1E 11530410576 65174883
cpu2 C6 3920966573416 116504222
cpu3 POLL 4125491 112558
cpu3 C1 43783509 484164
cpu3 C1E 11372137790 59001511
cpu3 C6 3926342366238 110545443
cpu4 POLL 3847714 108666
cpu4 C1 50817750 498457
cpu4 C1E 11156497768 62760345
cpu4 C6 3951355312772 126368783
cpu5 POLL 4076420 118458
cpu5 C1 206356714 353746
cpu5 C1E 9943791872 64855466
cpu5 C6 3778517881012 89981918
cpu6 POLL 1111896874 135849790
cpu6 C1 14459538939 49277408
cpu6 C1E 163062478544 554703962
cpu6 C6 3781684491397 386538922
cpu7 POLL 29339048 742381
cpu7 C1 42804928 1946250
cpu7 C1E 424189701849 3170734295
cpu7 C6 3758101621420 87806187
cpu16 POLL 2077402 56849
cpu16 C1 77469489 196722
cpu16 C1E 7069704062 31258798
cpu16 C6 4258697062967 103231280
cpu17 POLL 1716309 47711
cpu17 C1 23709516 192065
cpu17 C1E 7080607278 28474592
cpu17 C6 4253055374952 88678271
cpu18 POLL 1435655 48024
cpu18 C1 27485218 198310
cpu18 C1E 6730923777 26017779
cpu18 C6 4247975540324 80215038
cpu19 POLL 1270524 43584
cpu19 C1 19429665 136545
cpu19 C1E 5884977733 19081236
cpu19 C6 4247861311476 111065869
cpu20 POLL 2155931 52898
cpu20 C1 14024738 167826
cpu20 C1E 6317253727 24969397
cpu20 C6 4262567737151 66213885
cpu21 POLL 2482172 57180
cpu21 C1 35790529 236953
cpu21 C1E 7325913480 32041507
cpu21 C6 4241306885386 66825897
cpu22 POLL 3787820 324450
cpu22 C1 108249593 249758
cpu22 C1E 7648069914 22947034
cpu22 C6 4251811975006 106432289
cpu23 POLL 3644693 225875
cpu23 C1 28254555 276045
cpu23 C1E 9506602662 34019466
cpu23 C6 4264444550701 80353243
## daemon hilo utime stime cpu
cpu_loop_main 5 3 7
cpu_loop_main 1 0 6
