## stat
cpu  506829464 220658 62956639 13292343265 1597122 3382767 814258 0 0 0
cpu0 36852482 37455 2630210 392947393 151030 271295 118509 0 0 0
cpu1 38579493 13577 2723083 391686844 148484 195287 36840 0 0 0
cpu2 37346876 5256 2504335 393224799 97584 191020 34315 0 0 0
cpu3 36978613 6201 2355049 393738392 102289 188220 31419 0 0 0
cpu4 34613178 9635 2228448 396238542 90052 182570 34542 0 0 0
cpu5 51745211 25654 2450042 378803753 118307 227939 41544 0 0 0
cpu6 12338123 2065 24834009 396101789 59099 146532 73458 0 0 0
cpu7 13321717 6850 900088 418414045 48493 265320 31870 0 0 0
cpu8 9817367 10098 1331513 421090093 50876 99675 69283 0 0 0
cpu9 9796156 4867 999401 422480890 42551 51344 21875 0 0 0
cpu10 11338713 6591 1077593 420916357 38358 56244 13368 0 0 0
cpu11 13215119 5285 1167399 418946195 44092 55456 27467 0 0 0
cpu12 10267332 669 928474 422164210 30724 52003 8039 0 0 0
cpu13 9832136 2370 949132 422586230 26365 49669 7657 0 0 0
cpu14 10298123 806 984355 421763021 49193 349451 7021 0 0 0
cpu15 11159243 1153 1293603 420889155 27597 62959 7460 0 0 0
cpu16 6074493 1932 610046 426632042 16072 52165 25990 0 0 0
cpu17 6603198 4854 669667 426054543 18226 50067 25720 0 0 0
cpu18 7063026 8264 751398 425512003 16674 50828 32786 0 0 0
cpu19 7009032 6245 809608 425445976 17905 82815 43426 0 0 0
cpu20 5529478 7364 904983 426923524 16203 41486 8517 0 0 0
cpu21 7695579 4845 747287 424896039 20313 49790 21027 0 0 0
cpu22 6637199 2448 739865 425980405 24154 30030 14706 0 0 0
cpu23 5141426 9625 801427 427418730 23753 31326 14891 0 0 0
cpu24 12487957 4116 911814 419931005 31289 65309 14604 0 0 0
cpu25 14433777 6367 891804 417999611 45273 65829 6738 0 0 0
cpu26 13301155 9770 957712 419069753 37341 72966 6531 0 0 0
cpu27 13606722 1251 975165 418763722 40875 63024 6534 0 0 0
cpu28 13257699 3180 910380 419162906 39090 69582 6545 0 0 0
cpu29 13680876 4685 972890 418666926 41312 71652 7431 0 0 0
cpu30 13063314 5866 909748 419347621 41195 70086 6903 0 0 0
cpu31 13744638 1302 1036095 418546735 42339 70813 7226 0 0 0
## interrupts
            CPU0       CPU1       CPU2       CPU3       CPU4       CPU5       CPU6       CPU7       CPU8       CPU9       CPU10      CPU11      CPU12      CPU13      CPU14      CPU15      CPU16      CPU17      CPU18      CPU19      CPU20      CPU21      CPU22      CPU23      CPU24      CPU25      CPU26      CPU27      CPU28      CPU29      CPU30      CPU31      
 LOC:  509040663  470320231  440891799  435874043  418100875  582159003  916519763 3326802711  220150572  157536140  176426885  179292980  150899746  143514213  152841501  170174690  115438639  109855323  112778302  106578605   97638159  120886896  108110222  104138253  183153998  193795221  186191709  186902018  183064577  189368567  180153506  188386651   Local timer interrupts
 RES:     133802      74614      69019      60583      51204      46525       9764      11532      77633      16934      14727      12688      11817      11468      11514      11581       7263      11526      10059       8971       8744       6898       7087       6473       9430       9163       8671       8471       9059       8719       8180       8977   Rescheduling interrupts
 CAL: 1434347491 1108158261 1135913570 1115279041 1000198450  945260267   99203838   37225045   37253077   28507969   25915072   23819315   22594744   21173979   21574075   22110475   21716934   17044497   16487323   16429186   16360392   16272512   15518914   15572424   29469047   30054912   31332207   32771813   33925224   35755814   35654056   35039718   Function call interrupts
 TLB:   41899853   45793686   46323403   46650064   46605972   45020682   34076738   34250540   28753184   28581582   27369424   25941101   24884003   23378224   23709294   24183044   22746649   19266319   18730537   18566792   18440003   18135786   15874525   15766652   31415332   31663626   32926122   34130884   35158307   36871298   36586174   35517026   TLB shootdowns
## cpuidle cpu estado tiempo_us entradas
cpu0 POLL 13954628 435192
cpu0 C1 2957986667 30328999
cpu0 C1E 25046310144 116078550
cpu0 C6 3900709487065 516676786
cpu1 POLL 5063949 139687
cpu1 C1 32130139 493430
cpu1 C1E 12596298177 74056686
cpu1 C6 3904917882962 151365256
cpu2 POLL 4527185 142561
cpu2 C1 47694789 533343
cpu2 C1E 11530445333 65174926
cpu2 C6 3920971869559 116504400
cpu3 POLL 4125491 112558
cpu3 C1 43783509 484164
cpu3 C1E 11372152394 59001527
cpu3 C6 3926347409719 110546101
cpu4 POLL 3847714 108666
cpu4 C1 50817750 498457
cpu4 C1E 11156531412 62760382
cpu4 C6 3951360714391 126368931
cpu5 POLL 4076420 118458
cpu5 C1 206356714 353746
cpu5 C1E 9943806383 64855482
cpu5 C6 3778522720638 89981993
cpu6 POLL 1112024860 135851792
cpu6 C1 14459685977 49279445
cpu6 C1E 163079552123 554728866
cpu6 C6 3781690609064 386552480
cpu7 POLL 29340022 742397
cpu7 C1 42805316 1946325
cpu7 C1E 424213962029 3170912148
cpu7 C6 3758101658605 87806212
cpu16 POLL 2077402 56849
cpu16 C1 77469489 196722
cpu16 C1E 7069821206 31258975
cpu16 C6 4258722143786 103232055
cpu17 POLL 1716309 47711
cpu17 C1 23709540 192068
cpu17 C1E 7080786936 28474964
cpu17 C6 4253080389331 88679014
cpu18 POLL 1435655 48024
cpu18 C1 27485218 198310
cpu18 C1E 6730963563 26017821
cpu18 C6 4248000653755 80215196
cpu19 POLL 1270524 43584
cpu19 C1 19429665 136545
cpu19 C1E 5884983829 19081243
cpu19 C6 4247886261191 111065933
cpu20 POLL 2155931 52898
cpu20 C1 14024738 167826
cpu20 C1E 6317285701 24969436
cpu20 C6 4262592771816 66214075
cpu21 POLL 2482172 57180
cpu21 C1 35790529 236953
cpu21 C1E 7325938666 32041534
cpu21 C6 4241331782420 66826017
cpu22 POLL 3787820 324450
cpu22 C1 108249593 249758
cpu22 C1E 7648069914 22947034
cpu22 C6 4251837071290 106439128
cpu23 POLL 3644693 225875
cpu23 C1 28254555 276045
cpu23 C1E 9506619879 34019505
cpu23 C6 4264469726120 80354071
## daemon hilo utime stime cpu
cpu_loop_main 34 22 7
cpu_loop_main 9 146 6
