## stat
cpu  506793043 220658 62953370 13292078217 1597061 3382457 814203 0 0 0
cpu0 36846490 37455 2630178 392943991 151030 271261 118508 0 0 0
cpu1 38573382 13577 2723061 391683552 148483 195253 36839 0 0 0
cpu2 37340877 5256 2504314 393221392 97584 190986 34314 0 0 0
cpu3 36972635 6201 2355017 393734977 102288 188186 31416 0 0 0
cpu4 34607181 9635 2228435 396235123 90052 182536 34542 0 0 0
cpu5 51739195 25654 2450027 378800357 118307 227906 41544 0 0 0
cpu6 12338027 2065 24831062 396092859 59098 146501 73452 0 0 0
cpu7 13321715 6850 900086 418404706 48489 265299 31846 0 0 0
cpu8 9817358 10098 1331502 421080698 50868 99669 69278 0 0 0
cpu9 9796151 4867 999388 422471455 42545 51344 21874 0 0 0
cpu10 11338711 6591 1077586 420906906 38356 56243 13368 0 0 0
cpu11 13215119 5285 1167398 418936736 44092 55456 27467 0 0 0
cpu12 10267331 669 928472 422154751 30723 52003 8039 0 0 0
cpu13 9832133 2370 949125 422576783 26362 49668 7656 0 0 0
cpu14 10298120 806 984352 421753592 49189 349447 7021 0 0 0
cpu15 11159241 1153 1293593 420879711 27593 62959 7460 0 0 0
cpu16 6074493 1932 610043 426622586 16072 52164 25989 0 0 0
cpu17 6603197 4854 669664 426045088 18225 50066 25719 0 0 0
cpu18 7063025 8264 751395 425502544 16674 50827 32786 0 0 0
cpu19 7009031 6245 809606 425436517 17904 82815 43426 0 0 0
cpu20 5529477 7364 904982 426914064 16202 41486 8517 0 0 0
cpu21 7695578 4845 747284 424886582 20312 49790 21026 0 0 0
cpu22 6637199 2448 739864 425970947 24154 30029 14706 0 0 0
cpu23 5141425 9625 801424 427409276 23753 31325 14890 0 0 0
cpu24 12487957 4116 911814 419921543 31289 65309 14604 0 0 0
cpu25 14433775 6367 891800 417990155 45272 65828 6738 0 0 0
cpu26 13301155 9770 957710 419060293 37341 72966 6531 0 0 0
cpu27 13606713 1251 975149 418754293 40872 63021 6534 0 0 0
cpu28 13257695 3180 910368 419153504 39082 69576 6544 0 0 0
cpu29 13680874 4685 972886 418657470 41311 71652 7431 0 0 0
cpu30 13063254 5866 909718 419338276 41193 70075 6901 0 0 0
cpu31 13744515 1302 1036053 418537476 42332 70794 7222 0 0 0
## interrupts
            CPU0       CPU1       CPU2       CPU3       CPU4       CPU5       CPU6       CPU7       CPU8       CPU9       CPU10      CPU11      CPU12      CPU13      CPU14      CPU15      CPU16      CPU17      CPU18      CPU19      CPU20      CPU21      CPU22      CPU23      CPU24      CPU25      CPU26      CPU27      CPU28      CPU29      CPU30      CPU31      
 LOC:  508978872  470257841  440830377  435813295  418040090  582098055  916351697 3326578669  220141219  157534602  176425881  179292695  150899566  143512235  152764647  170173740  115436430  109854129  112777879  106578180   97637731  120885926  108109309  104134101  183153892  193794769  186191600  186897493  182972021  189366359  180117055  188351017   Local timer interrupts
 RES:     133779      74605      69011      60572      51193      46514       9764      11532      77627      16934      14727      12688      11817      11468      11514      11580       7263      11525      10058       8971       8744       6898       7084       6473       9430       9162       8671       8471       9035       8717       8127       8953   Rescheduling interrupts
 CAL: 1433799737 1107601506 1135366698 1114732665  999652148  944713206   99203800   37211239   37251962   28507943   25915046   23819289   22594718   21173953   21574018   22110429   21716894   17044463   16487297   16429160   16360366   16272482   15518875   15572390   29469021   30054873   31332181   32771786   33925190   35755778   35654007   35039684   Function call interrupts
 TLB:   41897442   45791507   46321018   46647646   46603373   45019269   34076735   34250536   28753184   28581582   27369424   25941101   24884003   23378224   23709294   24183044   22746649   19266319   18730537   18566792   18440003   18135786   15874525   15766652   31415332   31663626   32926122   34130884   35158307   36871298   36586174   35517026   TLB shootdowns
## cpuidle cpu estado tiempo_us entradas
cpu0 POLL 13954628 435192
cpu0 C1 2957986649 30328997
cpu0 C1E 25045997568 116078014
cpu0 C6 3900675794267 516672295
cpu1 POLL 5063949 139687
cpu1 C1 32130108 493429
cpu1 C1E 12596008566 74056277
cpu1 C6 3904885235695 151363754
cpu2 POLL 4527122 142560
cpu2 C1 47694789 533343
cpu2 C1E 11530202308 65174615
cpu2 C6 3920938224001 116502808
cpu3 POLL 4125491 112558
cpu3 C1 43783509 484164
cpu3 C1E 11372043732 59001375
cpu3 C6 3926313382130 110542075
cpu4 POLL 3847650 108665
cpu4 C1 50817750 498457
cpu4 C1E 11156360499 62760146
cpu4 C6 3951326799022 126368374
cpu5 POLL 4076420 118458
cpu5 C1 206356679 353745
cpu5 C1E 9943664096 64855303
cpu5 C6 3778488980112 89981288
cpu6 POLL 1111893311 135849734
cpu6 C1 14459437699 49276492
cpu6 C1E 163014683070 554614084
cpu6 C6 3781666730867 386523206
cpu7 POLL 29338792 742377
cpu7 C1 42804665 1946201
cpu7 C1E 424186706995 3170711733
cpu7 C6 3758035793891 87742591
cpu16 POLL 2077402 56849
cpu16 C1 77469434 196720
cpu16 C1E 7069149415 31257947
cpu16 C6 4258628276865 103228743
cpu17 POLL 1716245 47710
cpu17 C1 23709162 192058
cpu17 C1E 7080131499 28473503
cpu17 C6 4252986509998 88675642
cpu18 POLL 1435655 48024
cpu18 C1 27485169 198309
cpu18 C1E 6730797826 26017625
cpu18 C6 4247906318432 80214133
cpu19 POLL 1270524 43584
cpu19 C1 19429628 136544
cpu19 C1E 5884829702 19081070
cpu19 C6 4247792162746 111065376
cpu20 POLL 2155931 52898
cpu20 C1 14024738 167826
cpu20 C1E 6317157104 24969294
cpu20 C6 4262498551106 66213400
cpu21 POLL 2482172 57180
cpu21 C1 35790529 236953
cpu21 C1E 7325553081 32040960
cpu21 C6 4241237897185 66824896
cpu22 POLL 3787820 324450
cpu22 C1 108249593 249758
cpu22 C1E 7647822521 22946245
cpu22 C6 4251742898368 106423771
cpu23 POLL 3644628 225874
cpu23 C1 28254536 276042
cpu23 C1E 9506152857 34018844
cpu23 C6 4264375746344 80324792
## daemon hilo utime stime cpu
cpu_loop_main 7 2 30
cpu_loop_main 4 0 6
