## stat
cpu  506805063 220658 62955303 13292146043 1597075 3382552 814219 0 0 0
cpu0 36848476 37455 2630191 392944487 151030 271272 118508 0 0 0
cpu1 38575413 13577 2723065 391684012 148483 195264 36840 0 0 0
cpu2 37342872 5256 2504319 393221886 97584 190998 34315 0 0 0
cpu3 36974618 6201 2355030 393735477 102288 188197 31417 0 0 0
cpu4 34609173 9635 2228438 396235625 90052 182547 34542 0 0 0
cpu5 51741192 25654 2450030 378800852 118307 227917 41544 0 0 0
cpu6 12338055 2065 24832931 396095184 59098 146513 73454 0 0 0
cpu7 13321715 6850 900086 418407197 48489 265302 31857 0 0 0
cpu8 9817359 10098 1331504 421083200 50869 99669 69278 0 0 0
cpu9 9796151 4867 999391 422473959 42546 51344 21874 0 0 0
cpu10 11338711 6591 1077586 420909413 38356 56243 13368 0 0 0
cpu11 13215119 5285 1167398 418939243 44092 55456 27467 0 0 0
cpu12 10267331 669 928472 422157258 30723 52003 8039 0 0 0
cpu13 9832134 2370 949125 422579289 26362 49668 7656 0 0 0
cpu14 10298120 806 984352 421756074 49189 349451 7021 0 0 0
cpu15 11159242 1153 1293598 420882210 27595 62959 7460 0 0 0
cpu16 6074493 1932 610044 426625092 16072 52164 25989 0 0 0
cpu17 6603197 4854 669664 426047594 18225 50066 25719 0 0 0
cpu18 7063025 8264 751396 425505051 16674 50828 32786 0 0 0
cpu19 7009031 6245 809606 425439024 17904 82815 43426 0 0 0
cpu20 5529478 7364 904982 426916570 16202 41486 8517 0 0 0
cpu21 7695579 4845 747285 424889087 20313 49790 21027 0 0 0
cpu22 6637199 2448 739864 425973454 24154 30030 14706 0 0 0
cpu23 5141425 9625 801425 427411780 23753 31325 14890 0 0 0
cpu24 12487957 4116 911814 419924051 31289 65309 14604 0 0 0
cpu25 14433775 6367 891800 417992663 45272 65828 6738 0 0 0
cpu26 13301155 9770 957710 419062800 37341 72966 6531 0 0 0
cpu27 13606714 1251 975150 418756796 40874 63022 6534 0 0 0
cpu28 13257695 3180 910370 419155969 39086 69582 6544 0 0 0
cpu29 13680875 4685 972888 418659974 41312 71652 7431 0 0 0
cpu30 13063254 5866 909719 419340773 41195 70076 6901 0 0 0
cpu31 13744515 1302 1036053 418539984 42332 70794 7222 0 0 0
## interrupts
            CPU0       CPU1       CPU2       CPU3       CPU4       CPU5       CPU6       CPU7       CPU8       CPU9       CPU10      CPU11      CPU12      CPU13      CPU14      CPU15      CPU16      CPU17      CPU18      CPU19      CPU20      CPU21      CPU22      CPU23      CPU24      CPU25      CPU26      CPU27      CPU28      CPU29      CPU30      CPU31      
 LOC:  508999312  470278413  440851004  435833403  418060211  582118245  916401845 3326590284  220141618  157534898  176425992  179292752  150899572  143512899  152831846  170174124  115436908  109854471  112778026  106578292   97637872  120886172  108109450  104135390  183153903  193794775  186191608  186898409  183063471  189368151  180134278  188351023   Local timer interrupts
 RES:     133795      74609      69014      60576      51196      46517       9764      11532      77627      16934      14727      12688      11817      11468      11514      11580       7263      11526      10058       8971       8744       6898       7084       6473       9430       9162       8671       8471       9059       8719       8127       8953   Rescheduling interrupts
 CAL: 1433981558 1107786338 1135548501 1114913944  999833484  944894741   99203805   37217237   37251962   28507947   25915050   23819293   22594722   21173957   21574022   22110433   21716900   17044472   16487301   16429164   16360370   16272488   15518879   15572395   29469025   30054877   31332185   32771790   33925201   35755792   35654011   35039688   Function call interrupts
 TLB:   41898323   45792237   46321892   46648297   46604254   45019722   34076735   34250536   28753184   28581582   27369424   25941101   24884003   23378224   23709294   24183044   22746649   19266319   18730537   18566792   18440003   18135786   15874525   15766652   31415332   31663626   32926122   34130884   35158307   36871298   36586174   35517026   TLB shootdowns
## cpuidle cpu estado tiempo_us entradas
cpu0 POLL 13954628 435192
cpu0 C1 2957986667 30328999
cpu0 C1E 25046129380 116078304
cpu0 C6 3900680617502 516673286
cpu1 POLL 5063949 139687
cpu1 C1 32130108 493429
cpu1 C1E 12596062957 74056347
cpu1 C6 3904889781614 151364111
cpu2 POLL 4527122 142560
cpu2 C1 47694789 533343
cpu2 C1E 11530266233 65174701
cpu2 C6 3920943042305 116503786
cpu3 POLL 4125491 112558
cpu3 C1 43783509 484164
cpu3 C1E 11372060095 59001407
cpu3 C6 3926318352142 110542963
cpu4 POLL 3847650 108665
cpu4 C1 50817750 498457
cpu4 C1E 11156394564 62760221
cpu4 C6 3951331702493 126368480
cpu5 POLL 4076420 118458
cpu5 C1 206356679 353745
cpu5 C1E 9943699077 64855348
cpu5 C6 3778493916832 89981466
cpu6 POLL 1111896874 135849790
cpu6 C1 14459538934 49277407
cpu6 C1E 163030652956 554636387
cpu6 C6 3781673841083 386538642
cpu7 POLL 29338792 742377
cpu7 C1 42804665 1946201
cpu7 C1E 424186713295 3170711752
cpu7 C6 3758060594565 87773411
cpu16 POLL 2077402 56849
cpu16 C1 77469434 196720
cpu16 C1E 7069210994 31258049
cpu16 C6 4258653250209 103229485
cpu17 POLL 1716309 47711
cpu17 C1 23709162 192058
cpu17 C1E 7080306756 28473895
cpu17 C6 4253011366082 88676410
cpu18 POLL 1435655 48024
cpu18 C1 27485169 198309
cpu18 C1E 6730832939 26017663
cpu18 C6 4247931104796 80214658
cpu19 POLL 1270524 43584
cpu19 C1 19429628 136544
cpu19 C1E 5884845817 19081089
cpu19 C6 4247816981413 111065451
cpu20 POLL 2155931 52898
cpu20 C1 14024738 167826
cpu20 C1E 6317175822 24969312
cpu20 C6 4262522946553 66213528
cpu21 POLL 2482172 57180
cpu21 C1 35790529 236953
cpu21 C1E 7325705778 32041195
cpu21 C6 4241262776297 66825310
cpu22 POLL 3787820 324450
cpu22 C1 108249593 249758
cpu22 C1E 7647822521 22946245
cpu22 C6 4251767794200 106431632
cpu23 POLL 3644628 225874
cpu23 C1 28254536 276042
cpu23 C1E 9506195266 34018902
cpu23 C6 4264400650282 80337672
## daemon hilo utime stime cpu
cpu_loop_main 33 18 28
cpu_loop_main 4 160 6
