## stat
cpu  1731823398 127832 73378465 34428793982 22047668 6640134 1775969 0 0 0
cpu0 17753534 2358 823634 328749679 214775 173503 699257 0 0 0
cpu1 33507443 221 1411030 313203434 307163 141427 96873 0 0 0
cpu2 19010186 4456 885166 328107771 364523 94775 205108 0 0 0
cpu3 31873409 226 1295051 315067020 281275 123425 47231 0 0 0
cpu4 38073943 213 1547664 308611944 283465 139254 25742 0 0 0
cpu5 32902946 223 1414229 313805220 409851 125025 25754 0 0 0
cpu6 30507125 3022 1254546 316509389 259349 113029 42645 0 0 0
cpu7 34961299 62 1378277 311786733 382854 123884 7995 0 0 0
cpu8 32116224 576 1291701 314925904 223637 117066 15679 0 0 0
cpu9 38918487 0 1513842 307880763 224129 138865 6858 0 0 0
cpu10 35461302 14 1476971 311272024 342847 127400 6778 0 0 0
cpu11 21964309 199 1013974 325322562 272800 88576 30338 0 0 0
cpu12 35750289 76 1594155 310854217 351305 131156 7025 0 0 0
cpu13 35044793 1714 1427140 311827807 229414 126214 6155 0 0 0
cpu14 36182097 30 1474121 310582632 311312 133106 6055 0 0 0
cpu15 19360035 1174 851528 328174932 237500 75239 5822 0 0 0
cpu16 31491431 13 1301282 315540295 111558 129400 105899 0 0 0
cpu17 22351581 282 883274 325156440 225359 78882 7195 0 0 0
cpu18 22945304 105 940854 324497876 201726 85121 23892 0 0 0
cpu19 24548873 69 1074885 322686244 294083 89848 5498 0 0 0
cpu20 17881269 849 837583 329626940 287085 68808 5216 0 0 0
cpu21 31096805 26 1210167 315902002 344213 117283 5825 0 0 0
cpu22 27428042 34 1214758 319631451 307721 103409 6334 0 0 0
cpu23 24722631 58 836123 322782749 262964 85885 6089 0 0 0
cpu24 26465267 73 1013210 320700547 405269 96773 6376 0 0 0
cpu25 23935090 762 1039555 323343940 275753 92436 6212 0 0 0
cpu26 14419198 9534 663636 333234411 314494 54146 6079 0 0 0
cpu27 30468576 5770 1271985 316553105 290995 104617 2897 0 0 0
cpu28 22808723 5017 1007519 324599524 197081 82627 2639 0 0 0
cpu29 26767221 753 1152445 320388613 298708 92902 2223 0 0 0
cpu30 21621003 213 1002707 325789992 214631 75545 2349 0 0 0
cpu31 31449438 59 1395538 315496507 234766 116247 2647 0 0 0
cpu32 29892816 45 1386593 317108913 198578 108714 2736 0 0 0
cpu33 34347930 1381 1335919 312632897 252247 120660 3077 0 0 0
cpu34 22610141 350 984321 324710576 312109 84799 2261 0 0 0
cpu35 23030709 1942 1056869 324235000 298523 81700 2107 0 0 0
cpu36 37157508 0 1718167 309375738 299809 135381 3286 0 0 0
cpu37 22350258 87 997636 325013735 260492 79906 2811 0 0 0
cpu38 27192734 293 1267646 319983363 152562 101109 2429 0 0 0
cpu39 26302671 148 1239291 320839719 218509 98220 2526 0 0 0
cpu40 18434515 1266 829493 329130205 244795 67692 2183 0 0 0
cpu41 28438644 498 1274590 318637286 239730 105106 2856 0 0 0
cpu42 26858702 2365 1220558 320398259 113629 102557 2401 0 0 0
cpu43 24775891 44 1102250 322477791 250500 94930 2031 0 0 0
cpu44 34570570 717 1551009 312103024 335906 127229 3170 0 0 0
cpu45 25913053 1863 1263951 321189077 234179 97857 2052 0 0 0
cpu46 20601746 25 927767 326935530 165137 76751 1729 0 0 0
cpu47 14719737 2 708364 333203550 25502 55123 1509 0 0 0
cpu48 21519258 11 928931 325975586 201072 79566 1825 0 0 0
cpu49 24994364 3417 958249 322524070 133159 88987 1880 0 0 0
cpu50 24842158 3220 1058046 322562610 139042 93086 2261 0 0 0
cpu51 26289034 8458 1099814 320916694 284312 98105 2541 0 0 0
cpu52 7936493 660 291652 340338657 92046 35575 10186 0 0 0
cpu53 1164794 151 63530 347383410 73668 15618 4565 0 0 0
cpu54 15498376 767 473605 332507188 144428 63818 10279 0 0 0
cpu55 1064042 665 60407 347422736 152342 10867 5402 0 0 0
cpu56 1882661 1304 95445 346640309 73991 15458 8092 0 0 0
cpu57 1981341 240 79816 346522164 98897 16858 13957 0 0 0
cpu58 2855834 1416 127340 345419664 276505 20342 4616 0 0 0
cpu59 968970 209 68496 347250660 127816 11525 9792 0 0 0
cpu60 3326182 67 113999 345115777 145353 13905 5328 0 0 0
cpu61 2860822 627 130058 345499160 213431 13756 3919 0 0 0
cpu62 5074903 153 112092 343199788 311729 17101 5370 0 0 0
cpu63 4193363 256 140815 344084413 211234 18183 73811 0 0 0
cpu64 4204395 1274 158734 344170865 115833 29127 34946 0 0 0
cpu65 3201696 113 128536 345151158 223836 14274 3994 0 0 0
cpu66 3415755 227 103111 345107558 81935 12882 3415 0 0 0
cpu67 3074259 2405 116104 345327584 179482 15451 4078 0 0 0
cpu68 3447037 93 135401 345042156 59918 20866 3727 0 0 0
cpu69 3706284 216 137177 344693243 163690 16379 5952 0 0 0
cpu70 785177 48 50676 347790312 63677 11531 10703 0 0 0
cpu71 6227656 830 186100 342089439 189325 22639 3982 0 0 0
cpu72 18699251 972 699718 328898438 339410 63984 5861 0 0 0
cpu73 7113982 26 213677 341187449 169317 28693 4919 0 0 0
cpu74 7209297 2561 213074 341024929 231344 26448 5377 0 0 0
cpu75 6031889 43 194862 342311209 150526 22727 5045 0 0 0
cpu76 5681949 43 228375 342666975 111588 24379 4003 0 0 0
cpu77 7335538 193 298017 340712259 330068 31243 6221 0 0 0
cpu78 10544608 4101 275101 337719174 146950 28905 1069 0 0 0
cpu79 6840585 7624 287773 341329955 230537 23982 1255 0 0 0
cpu80 5314197 8727 247990 342964244 164818 19783 1788 0 0 0
cpu81 7824907 4176 362080 340260212 238415 28343 1272 0 0 0
cpu82 6390160 842 313016 341817282 177286 22832 862 0 0 0
cpu83 7899571 980 324014 340241603 225698 27826 1083 0 0 0
cpu84 1865139 1470 87304 346625632 139978 7408 761 0 0 0
cpu85 697505 57 41069 347886071 62522 5081 2470 0 0 0
cpu86 7027971 147 301731 341224747 141397 25334 918 0 0 0
cpu87 7501077 1270 371579 340622674 194070 28159 985 0 0 0
cpu88 1421321 232 59362 346854653 160735 8103 5505 0 0 0
cpu89 8314524 708 325743 339899080 151700 27863 1175 0 0 0
cpu90 10458351 16 428131 337595750 198103 37066 1151 0 0 0
cpu91 8133760 20 396715 340018646 138743 30239 1182 0 0 0
cpu92 7939363 1673 354577 340250722 139473 28149 1975 0 0 0
cpu93 10179550 3293 483055 337669021 343968 37967 1120 0 0 0
cpu94 12101519 2640 446634 335863438 256323 42548 1370 0 0 0
cpu95 9373844 1421 442654 338675545 187292 35168 1420 0 0 0
cpu96 580415 2701 33306 347973797 97987 4619 2485 0 0 0
cpu97 9480062 1418 410681 338616289 175724 33379 1103 0 0 0
cpu98 8876067 2 386405 339312669 108438 32828 1090 0 0 0
cpu99 7655246 177 346290 340672660 19255 27058 932 0 0 0
cpu100 9440339 33 361427 338710623 173744 32882 986 0 0 0
cpu101 8948027 159 403775 339212796 118220 34705 1355 0 0 0
cpu102 9915684 1447 424081 338201550 138265 36330 1368 0 0 0
cpu103 9527297 2575 435090 338451311 264190 36544 1342 0 0 0
## interrupts
            CPU0       CPU1       CPU2       CPU3       CPU4       CPU5       CPU6       CPU7       CPU8       CPU9       CPU10      CPU11      CPU12      CPU13      CPU14      CPU15      CPU16      CPU17      CPU18      CPU19      CPU20      CPU21      CPU22      CPU23      CPU24      CPU25      CPU26      CPU27      CPU28      CPU29      CPU30      CPU31      CPU32      CPU33      CPU34      CPU35      CPU36      CPU37      CPU38      CPU39      CPU40      CPU41      CPU42      CPU43      CPU44      CPU45      CPU46      CPU47      CPU48      CPU49      CPU50      CPU51      CPU52      CPU53      CPU54      CPU55      CPU56      CPU57      CPU58      CPU59      CPU60      CPU61      CPU62      CPU63      CPU64      CPU65      CPU66      CPU67      CPU68      CPU69      CPU70      CPU71      CPU72      CPU73      CPU74      CPU75      CPU76      CPU77      CPU78      CPU79      CPU80      CPU81      CPU82      CPU83      CPU84      CPU85      CPU86      CPU87      CPU88      CPU89      CPU90      CPU91      CPU92      CPU93      CPU94      CPU95      CPU96      CPU97      CPU98      CPU99      CPU100     CPU101     CPU102     CPU103     
 LOC:  443490198  392490842  267027541  350889636  407840540  358434390  337462205  373590361  344833833  412348011  376903666  248496583  379310554  371151283  382106000  208206476  342875343  240614417  252896822  263986761  193958198  335826769  295467872  266725198  288491384  260696449  157618345  321727347  241639458  282785277  230121037  332083700  316550156  360671161  239322803  244174614  392691834  236917539  287856595  278985120  195808762  300463079  285607214  262948423  365006929  275060798  218386314  157503714  227522035  263152903  263759127  278068530   92187488   27194963  172321940   20771156   27725954   31415391   44488472   22155857   39462645   35505916   57694177   51848842   49658400   38396721   39407843   40053839   47927534   43587505   15154180   70603337  199183708   79288314   81887178   68816197   65438833   83652047  111465087   74420825   58853166   84819181   69697642   84961917   22492272   12359524   76085332   81580538   21756362   89249612  111674876   88269753   86693362  109751216  129795420  101744932   11513189  101783126   96080967   82955097  101275934   96901067  106557921  102772136   Local timer interrupts
 RES:       7694      15157      12559      13358       9566      11006      11748      11464       9338      13535       8317      12513      12746      12142      11933      10823      10966       7854      10219      11692      11389      11027      11916       9710      12291       7533        387        422        542        570        624        334        288       2237        471        242        920       1936        217        286        202        167        142        276        207        284        746        193        390        286        173        139       7144      10833      20486      12573       8187       9479      10892      10356       7868      12211       7877      11720      11892      11576      11064      10044      17731       8929       8691      11186      10420      10700      11852       9610      11241       7541        287        277        415        390        388        311       2370        329        437        398        494        407        440        472        350        296        293        447        368        410       1201        493        450        526        431        456   Rescheduling interrupts
 CAL:   93918821   13668792   25032543    7125547    3770913    4540723    6873866    2100749    3197064    1761048    1954552    4963350    1705470    1548265    1601232    1600572    1672379    1640264    3876136    1645103    1743607    1729281    1594191    1755291    1746616    1754034    2268510    2268231    2193727    2118366    1971037    1997188    1969139    1971508    1857614    1850269    1744772    1734061    1642087    1708799    1672638    1862031    1531349    1607193    1512744    1556818    1407597    1530063    1503503    1469781    1477875    1420521    1708187    1417522    1829412    1638948    1718991    1696324    1689270    1330550    1529205    1614410    1534915    1537546    1598771    1533117    1424457    1519341    1620592    1712650    1595857    1595732    1618871    1730465    1689315    1460997    1504441    1882695    1684447    1725296    1574336    1680062    1566551    1563476    1597506    1402267    1629372    1515585    1325911    1592035    1645963    1622125    1640593    1891867    1660130    1652044    1475358    1633111    1701826    1722534    1698803    1678661    1607773    1770252   Function call interrupts
 TLB:    2087917    2175684    1798700    1935606    1816028    1806769    1822052    1842268    1721286    1578289    1414428    1521004    1527781    1471889    1518907    1337842    1383428    1473578    1627542    1482183    1422855    1458474    1437311    1439265    1455900    1598504    1968329    1997409    2026781    1839950    1801427    1817147    1791890    1757715    1528108    1556170    1527257    1479144    1434111    1514321    1462067    1538868    1362618    1436221    1355145    1376175    1282286    1417047    1398878    1340392    1345253    1228120    1510551    1217916    1459001    1326328    1488160    1385297    1467995    1330017    1307844    1357234    1297083    1409883    1310339    1387736    1275824    1321866    1449045    1539601    1317866    1413774    1412067    1360045    1490047    1266736    1220079    1377315    1498550    1448486    1403928    1401382    1389795    1399948    1405100    1256984    1380434    1333911    1265023    1417106    1403087    1404809    1422785    1577464    1431561    1427128    1268278    1371857    1495458    1521008    1498558    1385823    1348025    1504925   TLB shootdowns
## cpuidle cpu estado tiempo_us entradas
cpu0 POLL 2645942 78572
cpu0 C1 1615161531 288450
cpu0 C1E 2143426213 4386597
cpu0 C6 3284152606184 347474796
cpu1 POLL 1205161 29984
cpu1 C1 963115557 306221
cpu1 C1E 1472860964 7001626
cpu1 C6 3132360440428 54745664
cpu2 POLL 1786783 86385
cpu2 C1 38122221840 546232
cpu2 C1E 1331803190 7236106
cpu2 C6 3244800383054 96091689
cpu3 POLL 825749 25829
cpu3 C1 3982719373 272675
cpu3 C1E 704584197 4704997
cpu3 C6 3148656324265 25896917
cpu4 POLL 629386 17826
cpu4 C1 891020880 252780
cpu4 C1E 557347293 4158763
cpu4 C6 3087409172133 18220689
cpu5 POLL 725291 22364
cpu5 C1 874062803 226277
cpu5 C1E 459406998 3233695
cpu5 C6 3140704322707 21295926
cpu6 POLL 442339 14123
cpu6 C1 1724411499 152876
cpu6 C1E 387650142 2682938
cpu6 C6 3165436969401 24859880
cpu7 POLL 622415 28734
cpu7 C1 1409008653 206491
cpu7 C1E 392485984 2861785
cpu7 C6 3119846922864 12582296
cpu16 POLL 1823178 38034
cpu16 C1 969632193 247516
cpu16 C1E 4740680238 33452959
cpu16 C6 3150465144294 87617363
cpu17 POLL 687428 19165
cpu17 C1 1341786801 176141
cpu17 C1E 1756556902 10156357
cpu17 C6 3250676280592 10982338
cpu18 POLL 793828 27341
cpu18 C1 83489973 182490
cpu18 C1E 1722269415 9861020
cpu18 C6 3245061060018 23632145
cpu19 POLL 721992 20188
cpu19 C1 2285461264 183808
cpu19 C1E 1469736911 8543557
cpu19 C6 3226016416736 9362125
cpu20 POLL 516031 16308
cpu20 C1 1544055224 153208
cpu20 C1E 701295341 4835533
cpu20 C6 3296855131018 9711012
cpu21 POLL 490691 13981
cpu21 C1 1238386647 133290
cpu21 C1E 724248481 4456853
cpu21 C6 3160412772365 16373458
cpu22 POLL 512740 16544
cpu22 C1 947096331 148679
cpu22 C1E 719845595 4421575
cpu22 C6 3197665472125 12585060
cpu23 POLL 545784 15189
cpu23 C1 1429273561 126659
cpu23 C1E 747441490 4377868
cpu23 C6 3228214902407 13567144
## daemon hilo utime stime cpu
cpu_loop_main 9 3 84
cpu_loop_main 11 0 6
