## stat
cpu  1731823410 127832 73378490 34429420855 22047691 6640195 1775978 0 0 0
cpu0 17753534 2358 823634 328755709 214775 173503 699257 0 0 0
cpu1 33507443 221 1411030 313209464 307163 141427 96873 0 0 0
cpu2 19010186 4456 885166 328113801 364523 94775 205108 0 0 0
cpu3 31873409 226 1295051 315073051 281275 123425 47231 0 0 0
cpu4 38073943 213 1547664 308617975 283465 139254 25742 0 0 0
cpu5 32902946 223 1414229 313811251 409851 125025 25754 0 0 0
cpu6 30507125 3022 1254546 316515280 259349 113061 42648 0 0 0
cpu7 34961299 62 1378277 311792764 382854 123884 7995 0 0 0
cpu8 32116224 576 1291701 314931935 223637 117066 15679 0 0 0
cpu9 38918487 0 1513842 307886793 224129 138865 6858 0 0 0
cpu10 35461302 14 1476971 311278055 342847 127400 6778 0 0 0
cpu11 21964309 199 1013974 325328593 272800 88576 30338 0 0 0
cpu12 35750289 76 1594155 310860247 351305 131156 7025 0 0 0
cpu13 35044793 1714 1427140 311833837 229414 126214 6155 0 0 0
cpu14 36182097 30 1474121 310588662 311312 133106 6055 0 0 0
cpu15 19360035 1174 851529 328180960 237500 75239 5823 0 0 0
cpu16 31491431 13 1301283 315546324 111558 129400 105900 0 0 0
cpu17 22351582 282 883275 325162468 225359 78882 7195 0 0 0
cpu18 22945307 105 940857 324503897 201726 85123 23892 0 0 0
cpu19 24548873 69 1074885 322692275 294083 89848 5498 0 0 0
cpu20 17881269 849 837583 329632970 287085 68808 5216 0 0 0
cpu21 31096805 26 1210167 315908033 344213 117283 5825 0 0 0
cpu22 27428042 34 1214758 319637481 307721 103409 6334 0 0 0
cpu23 24722631 58 836123 322788780 262964 85885 6089 0 0 0
cpu24 26465267 73 1013210 320706578 405269 96773 6376 0 0 0
cpu25 23935090 762 1039555 323349971 275753 92436 6212 0 0 0
cpu26 14419198 9534 663636 333240441 314494 54146 6079 0 0 0
cpu27 30468576 5770 1271985 316559135 290995 104617 2897 0 0 0
cpu28 22808723 5017 1007519 324605555 197081 82627 2639 0 0 0
cpu29 26767221 753 1152445 320394644 298708 92902 2223 0 0 0
cpu30 21621003 213 1002708 325796023 214631 75545 2349 0 0 0
cpu31 31449438 59 1395538 315502538 234766 116247 2647 0 0 0
cpu32 29892816 45 1386593 317114943 198578 108714 2736 0 0 0
cpu33 34347930 1381 1335919 312638928 252247 120660 3077 0 0 0
cpu34 22610141 350 984321 324716607 312109 84799 2261 0 0 0
cpu35 23030709 1942 1056869 324241031 298523 81700 2107 0 0 0
cpu36 37157508 0 1718167 309381768 299809 135381 3286 0 0 0
cpu37 22350258 87 997636 325019766 260492 79906 2811 0 0 0
cpu38 27192734 293 1267646 319989393 152562 101109 2429 0 0 0
cpu39 26302671 148 1239291 320845750 218509 98220 2526 0 0 0
cpu40 18434515 1266 829493 329136236 244795 67692 2183 0 0 0
cpu41 28438644 498 1274590 318643317 239730 105106 2856 0 0 0
cpu42 26858702 2365 1220558 320404290 113629 102557 2401 0 0 0
cpu43 24775891 44 1102250 322483822 250500 94930 2031 0 0 0
cpu44 34570570 717 1551009 312109055 335906 127229 3170 0 0 0
cpu45 25913053 1863 1263951 321195108 234179 97857 2052 0 0 0
cpu46 20601746 25 927768 326941559 165137 76751 1729 0 0 0
cpu47 14719737 2 708364 333209581 25502 55123 1509 0 0 0
cpu48 21519258 11 928931 325981617 201072 79566 1825 0 0 0
cpu49 24994364 3417 958249 322530101 133159 88987 1880 0 0 0
cpu50 24842158 3220 1058046 322568641 139042 93086 2261 0 0 0
cpu51 26289034 8458 1099814 320922725 284312 98105 2541 0 0 0
cpu52 7936493 660 291652 340344687 92046 35575 10186 0 0 0
cpu53 1164794 151 63530 347389441 73668 15618 4565 0 0 0
cpu54 15498380 767 473606 332513211 144428 63820 10279 0 0 0
cpu55 1064042 665 60407 347428767 152342 10868 5402 0 0 0
cpu56 1882661 1304 95445 346646340 73991 15458 8092 0 0 0
cpu57 1981341 240 79816 346528195 98897 16858 13957 0 0 0
cpu58 2855834 1416 127340 345425695 276505 20342 4616 0 0 0
cpu59 968970 209 68496 347256690 127816 11525 9792 0 0 0
cpu60 3326182 67 114000 345121805 145354 13905 5328 0 0 0
cpu61 2860823 627 130060 345505188 213432 13756 3919 0 0 0
cpu62 5074903 153 112095 343205815 311731 17101 5370 0 0 0
cpu63 4193364 256 140816 344090440 211235 18184 73812 0 0 0
cpu64 4204395 1274 158735 344176893 115834 29127 34946 0 0 0
cpu65 3201696 113 128538 345157186 223836 14274 3994 0 0 0
cpu66 3415756 227 103112 345113587 81935 12883 3415 0 0 0
cpu67 3074259 2405 116104 345333615 179482 15451 4078 0 0 0
cpu68 3447037 93 135401 345048186 59918 20866 3727 0 0 0
cpu69 3706284 216 137177 344699274 163690 16379 5952 0 0 0
cpu70 785177 48 50677 347796342 63677 11531 10703 0 0 0
cpu71 6227656 830 186101 342095469 189325 22639 3982 0 0 0
cpu72 18699251 972 699718 328904468 339410 63984 5861 0 0 0
cpu73 7113982 26 213677 341193479 169317 28693 4919 0 0 0
cpu74 7209297 2561 213075 341030959 231344 26448 5377 0 0 0
cpu75 6031889 43 194864 342317236 150527 22727 5045 0 0 0
cpu76 5681949 43 228375 342673006 111589 24379 4004 0 0 0
cpu77 7335538 193 298017 340718290 330068 31243 6221 0 0 0
cpu78 10544608 4101 275101 337725204 146950 28905 1069 0 0 0
cpu79 6840585 7624 287773 341335985 230537 23982 1255 0 0 0
cpu80 5314197 8727 247990 342970192 164830 19799 1788 0 0 0
cpu81 7824907 4176 362080 340266242 238415 28343 1272 0 0 0
cpu82 6390160 842 313016 341823312 177286 22832 862 0 0 0
cpu83 7899571 980 324014 340247633 225698 27826 1083 0 0 0
cpu84 1865139 1470 87304 346631623 139983 7415 762 0 0 0
cpu85 697505 57 41069 347892101 62522 5081 2470 0 0 0
cpu86 7027971 147 301731 341230777 141397 25334 918 0 0 0
cpu87 7501077 1270 371579 340628705 194070 28159 985 0 0 0
cpu88 1421321 232 59362 346860680 160735 8103 5505 0 0 0
cpu89 8314524 708 325743 339905110 151700 27863 1175 0 0 0
cpu90 10458351 16 428131 337601781 198103 37066 1151 0 0 0
cpu91 8133760 20 396715 340024677 138743 30239 1182 0 0 0
cpu92 7939363 1673 354577 340256753 139473 28149 1975 0 0 0
cpu93 10179550 3293 483055 337675052 343968 37967 1120 0 0 0
cpu94 12101519 2640 446634 335869469 256323 42548 1370 0 0 0
cpu95 9373844 1421 442654 338681576 187292 35168 1420 0 0 0
cpu96 580415 2701 33306 347979827 97987 4619 2485 0 0 0
cpu97 9480062 1418 410681 338622319 175724 33379 1103 0 0 0
cpu98 8876067 2 386405 339318700 108438 32828 1090 0 0 0
cpu99 7655246 177 346290 340678690 19255 27058 932 0 0 0
cpu100 9440339 33 361427 338716654 173744 32882 986 0 0 0
cpu101 8948027 159 403775 339218826 118220 34705 1355 0 0 0
cpu102 9915684 1447 424081 338207581 138265 36330 1368 0 0 0
cpu103 9527297 2575 435090 338457341 264190 36544 1342 0 0 0
## interrupts
            CPU0       CPU1       CPU2       CPU3       CPU4       CPU5       CPU6       CPU7       CPU8       CPU9       CPU10      CPU11      CPU12      CPU13      CPU14      CPU15      CPU16      CPU17      CPU18      CPU19      CPU20      CPU21      CPU22      CPU23      CPU24      CPU25      CPU26      CPU27      CPU28      CPU29      CPU30      CPU31      CPU32      CPU33      CPU34      CPU35      CPU36      CPU37      CPU38      CPU39      CPU40      CPU41      CPU42      CPU43      CPU44      CPU45      CPU46      CPU47      CPU48      CPU49      CPU50      CPU51      CPU52      CPU53      CPU54      CPU55      CPU56      CPU57      CPU58      CPU59      CPU60      CPU61      CPU62      CPU63      CPU64      CPU65      CPU66      CPU67      CPU68      CPU69      CPU70      CPU71      CPU72      CPU73      CPU74      CPU75      CPU76      CPU77      CPU78      CPU79      CPU80      CPU81      CPU82      CPU83      CPU84      CPU85      CPU86      CPU87      CPU88      CPU89      CPU90      CPU91      CPU92      CPU93      CPU94      CPU95      CPU96      CPU97      CPU98      CPU99      CPU100     CPU101     CPU102     CPU103     
 LOC:  443490284  392490872  267027711  350889676  407840594  358434420  337582823  373590391  344833863  412348043  376903696  248496649  379310622  371151316  382106030  208206996  342875646  240614760  252898621  263986791  193958231  335826799  295467902  266725228  288491414  260696479  157618494  321727485  241639506  282785307  230121106  332083730  316550186  360671191  239322833  244174644  392691864  236917572  287856625  278985150  195808809  300463109  285607244  262948484  365006959  275060829  218386402  157503744  227522065  263152933  263759157  278068560   92187600   27194993  172323582   20771186   27725984   31415421   44488505   22155935   39462993   35506180   57694435   51849139   49658623   38396917   39408115   40053869   47927564   43587572   15154297   70603512  199183893   79288484   81887314   68816360   65438927   83652077  111465127   74420855   59150666   84819252   69697720   84962250   22641031   12359642   76085391   81580568   21756686   89249642  111674924   88269783   86693391  109751261  129795449  101744962   11513264  101783156   96080997   82955126  101275964   96901097  106557951  102772166   Local timer interrupts
 RES:       7694      15157      12559      13358       9566      11006      11748      11464       9338      13535       8317      12513      12746      12142      11933      10823      10966       7854      10219      11692      11389      11027      11916       9710      12291       7533        387        422        542        570        624        334        288       2237        471        242        920       1936        217        286        202        167        142        276        207        284        746        193        390        286        173        139       7144      10833      20486      12573       8187       9479      10892      10356       7868      12211       7877      11720      11892      11576      11064      10044      17731       8929       8691      11186      10420      10701      11852       9611      11241       7541        287        277        415        390        388        311       2370        329        437        398        494        407        440        472        350        296        293        447        368        410       1201        493        450        526        431        456   Rescheduling interrupts
 CAL:   93918845   13668799   25032550    7125557    3770920    4540730    6873873    2100756    3197071    1761055    1954559    4963357    1705477    1548272    1601239    1600583    1672386    1640271    3876143    1645110    1743614    1729288    1594198    1755298    1746623    1754041    2268517    2268238    2193734    2118373    1971044    1997195    1969146    1971515    1857621    1850276    1744779    1734068    1642094    1708806    1672645    1862038    1531356    1607200    1512751    1556825    1407604    1530070    1503510    1469788    1477882    1420528    1708194    1417529    1829419    1638955    1718998    1696331    1689277    1330557    1529212    1614417    1534922    1537553    1598778    1533124    1424464    1519348    1620599    1712657    1595865    1595739    1618878    1730472    1689322    1461004    1504448    1882702    1684454    1725303    1574344    1680069    1566558    1563483    1597513    1402274    1629379    1515592    1325911    1592042    1645970    1622132    1640600    1891874    1660137    1652051    1475365    1633118    1701833    1722541    1698810    1678668    1607780    1770259   Function call interrupts
 TLB:    2087917    2175684    1798700    1935606    1816028    1806769    1822052    1842268    1721286    1578289    1414428    1521004    1527781    1471889    1518907    1337842    1383428    1473578    1627542    1482183    1422855    1458474    1437311    1439265    1455900    1598504    1968329    1997409    2026781    1839950    1801427    1817147    1791890    1757715    1528108    1556170    1527257    1479144    1434111    1514321    1462067    1538868    1362618    1436221    1355145    1376175    1282286    1417047    1398878    1340392    1345253    1228120    1510551    1217916    1459001    1326328    1488160    1385297    1467995    1330017    1307844    1357234    1297083    1409883    1310339    1387736    1275824    1321866    1449045    1539601    1317866    1413774    1412067    1360045    1490047    1266736    1220079    1377315    1498550    1448486    1403928    1401382    1389795    1399948    1405100    1256984    1380434    1333911    1265023    1417106    1403087    1404809    1422785    1577464    1431561    1427128    1268278    1371857    1495458    1521008    1498558    1385823    1348025    1504925   TLB shootdowns
## cpuidle cpu estado tiempo_us entradas
cpu0 POLL 2645942 78572
cpu0 C1 1615161531 288450
cpu0 C1E 2143426213 4386597
cpu0 C6 3284212905761 347475264
cpu1 POLL 1205161 29984
cpu1 C1 963115557 306221
cpu1 C1E 1472861321 7001641
cpu1 C6 3132420439997 54745695
cpu2 POLL 1786943 86390
cpu2 C1 38122766029 546235
cpu2 C1E 1331806166 7236129
cpu2 C6 3244860131890 96092520
cpu3 POLL 825749 25829
cpu3 C1 3982719395 272676
cpu3 C1E 704584518 4705014
cpu3 C6 3148716355026 25896987
cpu4 POLL 629386 17826
cpu4 C1 891020889 252781
cpu4 C1E 557348065 4158778
cpu4 C6 3087469138155 18220780
cpu5 POLL 725291 22364
cpu5 C1 874062803 226277
cpu5 C1E 459407357 3233710
cpu5 C6 3140764353909 21295988
cpu6 POLL 442339 14123
cpu6 C1 1724411499 152876
cpu6 C1E 446308165 2803577
cpu6 C6 3165436969401 24859880
cpu7 POLL 622415 28734
cpu7 C1 1409008653 206491
cpu7 C1E 392486352 2861800
cpu7 C6 3119907913914 12582361
cpu16 POLL 1823178 38034
cpu16 C1 969632241 247520
cpu16 C1E 4740737826 33453459
cpu16 C6 3150525358539 87619539
cpu17 POLL 687428 19165
cpu17 C1 1341794715 176159
cpu17 C1E 1756564756 10156372
cpu17 C6 3250735359053 10982613
cpu18 POLL 793828 27341
cpu18 C1 83489973 182490
cpu18 C1E 1722304537 9861120
cpu18 C6 3245121230961 23633970
cpu19 POLL 721992 20188
cpu19 C1 2285461264 183808
cpu19 C1E 1469737269 8543572
cpu19 C6 3226075940099 9362150
cpu20 POLL 516031 16308
cpu20 C1 1544055245 153209
cpu20 C1E 701295680 4835548
cpu20 C6 3296916098594 9711097
cpu21 POLL 490691 13981
cpu21 C1 1238386647 133290
cpu21 C1E 724248841 4456868
cpu21 C6 3160473013483 16373529
cpu22 POLL 512740 16544
cpu22 C1 947096331 148679
cpu22 C1E 719845949 4421590
cpu22 C6 3197725503301 12585122
cpu23 POLL 545784 15189
cpu23 C1 1429273561 126659
cpu23 C1E 747441847 4377883
cpu23 C6 3228275893485 13567202
## daemon hilo utime stime cpu
cpu_loop_main 44 18 80
cpu_loop_main 90 0 6
