## stat
cpu  506974753 220658 62960711 13294218590 1597423 3383838 814479 0 0 0
cpu0 36876737 37455 2630348 392986190 151046 271390 118516 0 0 0
cpu1 38603635 13577 2723177 391725817 148491 195380 36844 0 0 0
cpu2 37370955 5256 2504476 393263786 97593 191113 34318 0 0 0
cpu3 37002684 6201 2355160 393777391 102300 188318 31435 0 0 0
cpu4 34637261 9635 2228530 396277590 90057 182663 34544 0 0 0
cpu5 51769171 25654 2450169 378842883 118311 228031 41546 0 0 0
cpu6 12338184 2065 24836559 396163353 59104 146733 73544 0 0 0
cpu7 13321729 6850 900106 418477076 48521 265363 31891 0 0 0
cpu8 9817389 10098 1331557 421153160 50886 99692 69300 0 0 0
cpu9 9796278 4867 999495 422543901 42574 51373 21881 0 0 0
cpu10 11338854 6591 1077687 420979350 38381 56267 13376 0 0 0
cpu11 13215126 5285 1167423 419009468 44094 55457 27474 0 0 0
cpu12 10267338 669 928490 422227495 30726 52004 8040 0 0 0
cpu13 9832164 2370 949177 422649441 26376 49678 7659 0 0 0
cpu14 10298127 806 984366 421826319 49194 349452 7022 0 0 0
cpu15 11159248 1153 1293614 420952450 27599 62959 7461 0 0 0
cpu16 6074496 1932 610052 426695334 16074 52167 25993 0 0 0
cpu17 6603205 4854 669681 426117715 18234 50083 25724 0 0 0
cpu18 7063040 8264 751416 425575269 16678 50833 32789 0 0 0
cpu19 7009047 6245 809624 425509056 17917 82844 43427 0 0 0
cpu20 5529482 7364 904998 426986809 16206 41489 8518 0 0 0
cpu21 7695585 4845 747307 424959318 20316 49793 21028 0 0 0
cpu22 6637223 2448 739877 426043632 24164 30040 14708 0 0 0
cpu23 5141434 9625 801457 427481963 23758 31337 14894 0 0 0
cpu24 12487958 4116 911817 419994316 31289 65309 14604 0 0 0
cpu25 14433783 6367 891812 418062909 45274 65829 6739 0 0 0
cpu26 13301161 9770 957727 419133042 37344 72966 6532 0 0 0
cpu27 13606767 1251 975245 418826760 40900 63064 6538 0 0 0
cpu28 13257721 3180 910438 419226079 39110 69592 6548 0 0 0
cpu29 13680898 4685 972924 418730171 41318 71655 7433 0 0 0
cpu30 13063395 5866 909826 419410717 41209 70106 6907 0 0 0
cpu31 13744661 1302 1036159 418609818 42364 70842 7230 0 0 0
## interrupts
            CPU0       CPU1       CPU2       CPU3       CPU4       CPU5       CPU6       CPU7       CPU8       CPU9       CPU10      CPU11      CPU12      CPU13      CPU14      CPU15      CPU16      CPU17      CPU18      CPU19      CPU20      CPU21      CPU22      CPU23      CPU24      CPU25      CPU26      CPU27      CPU28      CPU29      CPU30      CPU31      
 LOC:  509296025  470583282  441139556  436149115  418345855  582402711  917163874 3327341123  220192536  157745822  176472249  179296829  150902313  143530627  152843140  170175904  115444687  109977222  112790037  106849432   97645262  120894822  108215105  104256049  183154450  193796798  186193427  187452550  183210851  189374166  180216242  188867715   Local timer interrupts
 RES:     133852      74668      69101      60635      51246      46566       9767      11536      77647      17023      14786      12721      11901      11479      11557      11582       7263      11568      10061       8974       8767       6964       7096       6492       9430       9163       8672       8477       9083       8736       8242       9000   Rescheduling interrupts
 CAL: 1435521555 1109320406 1137082356 1116443472 1001358744  946419558   99238786   37234852   37255652   28508222   25915293   23819505   22594956   21174159   21574271   22110652   21717129   17044762   16487504   16429391   16360608   16272739   15519128   15572642   29469224   30055116   31332383   32771994   33925439   35755997   35654255   35039929   Function call interrupts
 TLB:   41909937   45802299   46333076   46658685   46614705   45029388   34076766   34250543   28753184   28581582   27369428   25941101   24884003   23378224   23709294   24183044   22746649   19266319   18730537   18566792   18440003   18135786   15874525   15766652   31415332   31663626   32926122   34130884   35158307   36871298   36586174   35517026   TLB shootdowns
## cpuidle cpu estado tiempo_us entradas
cpu0 POLL 13955015 435198
cpu0 C1 2959459262 30329030
cpu0 C1E 25049394320 116084799
cpu0 C6 3901092966290 516695990
cpu1 POLL 5064535 139697
cpu1 C1 32131246 493444
cpu1 C1E 12600239360 74074458
cpu1 C6 3905303670310 151375342
cpu2 POLL 4527380 142564
cpu2 C1 47695307 533358
cpu2 C1E 11532639428 65178606
cpu2 C6 3921359764674 116512672
cpu3 POLL 4126018 112568
cpu3 C1 43786496 484229
cpu3 C1E 11378109725 59034316
cpu3 C6 3926731454497 110566660
cpu4 POLL 3847778 108667
cpu4 C1 50820662 498466
cpu4 C1E 11157594910 62761936
cpu4 C6 3951750236812 126375147
cpu5 POLL 4076420 118458
cpu5 C1 206358751 353749
cpu5 C1E 9944535017 64856412
cpu5 C6 3778913389530 89987411
cpu6 POLL 1112026881 135851831
cpu6 C1 14459704671 49279646
cpu6 C1E 163289948668 555181688
cpu6 C6 3782093970375 386913156
cpu7 POLL 29345760 742487
cpu7 C1 42809539 1946865
cpu7 C1E 424284348873 3171429486
cpu7 C6 3758661249789 87889270
cpu16 POLL 2077695 56874
cpu16 C1 77469887 196751
cpu16 C1E 7070452372 31259749
cpu16 C6 4259354359886 103244802
cpu17 POLL 1718404 47751
cpu17 C1 23713001 192185
cpu17 C1E 7099112997 28599948
cpu17 C6 4253693638833 88695939
cpu18 POLL 1435873 48029
cpu18 C1 27490338 198325
cpu18 C1E 6733477300 26023285
cpu18 C6 4248630806442 80226945
cpu19 POLL 1275035 43654
cpu19 C1 19435240 136707
cpu19 C1E 5921246035 19350907
cpu19 C6 4248480907358 111070496
cpu20 POLL 2156734 52911
cpu20 C1 14025260 167843
cpu20 C1E 6320261665 24973995
cpu20 C6 4263222823713 66223410
cpu21 POLL 2482474 57188
cpu21 C1 35790671 236965
cpu21 C1E 7329808349 32048140
cpu21 C6 4241960920545 66835345
cpu22 POLL 3789162 324476
cpu22 C1 108253192 249825
cpu22 C1E 7663800237 23046024
cpu22 C6 4252452996334 106604734
cpu23 POLL 3647456 225921
cpu23 C1 28256335 276225
cpu23 C1E 9524289934 34132690
cpu23 C6 4265084212185 80386616
## daemon hilo utime stime cpu
cpu_loop_main 46 19 27
cpu_loop_main 153 0 6
