## stat
cpu  506974744 220658 62960691 13294026121 1597400 3383742 814466 0 0 0
cpu0 36876736 37455 2630346 392980165 151045 271390 118515 0 0 0
cpu1 38603635 13577 2723177 391719789 148491 195380 36843 0 0 0
cpu2 37370955 5256 2504476 393257759 97593 191113 34318 0 0 0
cpu3 37002684 6201 2355159 393771366 102300 188318 31434 0 0 0
cpu4 34637261 9635 2228530 396271561 90057 182663 34544 0 0 0
cpu5 51769171 25654 2450169 378836854 118311 228031 41546 0 0 0
cpu6 12338184 2065 24836559 396157585 59104 146665 73536 0 0 0
cpu7 13321729 6850 900106 418471048 48521 265363 31891 0 0 0
cpu8 9817389 10098 1331556 421147139 50885 99692 69300 0 0 0
cpu9 9796277 4867 999493 422537877 42574 51373 21881 0 0 0
cpu10 11338854 6591 1077687 420973322 38381 56267 13376 0 0 0
cpu11 13215126 5285 1167422 419003440 44094 55457 27474 0 0 0
cpu12 10267338 669 928490 422221467 30726 52004 8040 0 0 0
cpu13 9832163 2370 949176 422643415 26376 49677 7659 0 0 0
cpu14 10298127 806 984366 421820291 49194 349452 7022 0 0 0
cpu15 11159248 1153 1293614 420946422 27599 62959 7461 0 0 0
cpu16 6074496 1932 610052 426689306 16074 52167 25993 0 0 0
cpu17 6603205 4854 669681 426111688 18234 50083 25723 0 0 0
cpu18 7063040 8264 751415 425569242 16678 50833 32789 0 0 0
cpu19 7009047 6245 809624 425503028 17917 82844 43427 0 0 0
cpu20 5529482 7364 904998 426980781 16205 41489 8518 0 0 0
cpu21 7695585 4845 747306 424953290 20316 49793 21028 0 0 0
cpu22 6637223 2448 739877 426037605 24164 30040 14708 0 0 0
cpu23 5141434 9625 801456 427475936 23758 31337 14894 0 0 0
cpu24 12487958 4116 911817 419988288 31289 65309 14604 0 0 0
cpu25 14433783 6367 891812 418056880 45274 65829 6739 0 0 0
cpu26 13301161 9770 957724 419127017 37343 72966 6531 0 0 0
cpu27 13606767 1251 975244 418820836 40888 63044 6538 0 0 0
cpu28 13257721 3180 910438 419220078 39104 69588 6548 0 0 0
cpu29 13680897 4685 972923 418724145 41318 71655 7433 0 0 0
cpu30 13063393 5866 909824 419404694 41209 70106 6907 0 0 0
cpu31 13744661 1302 1036156 418603794 42363 70842 7230 0 0 0
## interrupts
            CPU0       CPU1       CPU2       CPU3       CPU4       CPU5       CPU6       CPU7       CPU8       CPU9       CPU10      CPU11      CPU12      CPU13      CPU14      CPU15      CPU16      CPU17      CPU18      CPU19      CPU20      CPU21      CPU22      CPU23      CPU24      CPU25      CPU26      CPU27      CPU28      CPU29      CPU30      CPU31      
 LOC:  509295820  470583140  441139484  436148942  418345815  582402696  917043306 3327341108  220192006  157745506  176472208  179296615  150902286  143528976  152843122  170175889  115444575  109977020  112789732  106849179   97645199  120894756  108214955  104255747  183154423  193796781  186193215  187088251  183129492  189373806  180214381  188867460   Local timer interrupts
 RES:     133852      74668      69101      60635      51246      46566       9767      11536      77647      17023      14786      12721      11901      11479      11557      11582       7263      11568      10061       8974       8767       6964       7096       6492       9430       9163       8672       8477       9082       8736       8242       9000   Rescheduling interrupts
 CAL: 1435521545 1109320395 1137082347 1116443463 1001358735  946419549   99238776   37234843   37255652   28508213   25915284   23819495   22594947   21174150   21574262   22110643   21717120   17044752   16487495   16429382   16360599   16272730   15519119   15572633   29469215   30055107   31332374   32771985   33925430   35755985   35654246   35039920   Function call interrupts
 TLB:   41909937   45802299   46333076   46658685   46614705   45029388   34076766   34250543   28753184   28581582   27369428   25941101   24884003   23378224   23709294   24183044   22746649   19266319   18730537   18566792   18440003   18135786   15874525   15766652   31415332   31663626   32926122   34130884   35158307   36871298   36586174   35517026   TLB shootdowns
## cpuidle cpu estado tiempo_us entradas
cpu0 POLL 13955015 435198
cpu0 C1 2959459262 30329030
cpu0 C1E 25049343968 116084726
cpu0 C6 3901032766128 516695422
cpu1 POLL 5064535 139697
cpu1 C1 32131240 493443
cpu1 C1E 12600154057 74074229
cpu1 C6 3905243482894 151375067
cpu2 POLL 4527380 142564
cpu2 C1 47695307 533358
cpu2 C1E 11532608904 65178558
cpu2 C6 3921299513020 116512381
cpu3 POLL 4126018 112568
cpu3 C1 43786496 484229
cpu3 C1E 11378050804 59034216
cpu3 C6 3926671261643 110563199
cpu4 POLL 3847778 108667
cpu4 C1 50820662 498466
cpu4 C1E 11157560649 62761891
cpu4 C6 3951689956164 126374948
cpu5 POLL 4076420 118458
cpu5 C1 206358751 353749
cpu5 C1E 9944535017 64856412
cpu5 C6 3778853041516 89987265
cpu6 POLL 1112026881 135851831
cpu6 C1 14459704615 49279643
cpu6 C1E 163260535137 555097793
cpu6 C6 3782066285852 386849087
cpu7 POLL 29345760 742487
cpu7 C1 42809539 1946865
cpu7 C1E 424284348873 3171429486
cpu7 C6 3758600959392 87888991
cpu16 POLL 2077695 56874
cpu16 C1 77469887 196751
cpu16 C1E 7070413587 31259704
cpu16 C6 4259294110086 103244378
cpu17 POLL 1718404 47751
cpu17 C1 23713001 192185
cpu17 C1E 7099049749 28599629
cpu17 C6 4253633422397 88694889
cpu18 POLL 1435873 48029
cpu18 C1 27490329 198324
cpu18 C1E 6733386131 26023134
cpu18 C6 4248570622491 80226577
cpu19 POLL 1275035 43654
cpu19 C1 19435240 136707
cpu19 C1E 5921121082 19350684
cpu19 C6 4248420743536 111069860
cpu20 POLL 2156734 52911
cpu20 C1 14025260 167843
cpu20 C1E 6320261665 24973995
cpu20 C6 4263162544480 66223225
cpu21 POLL 2482474 57188
cpu21 C1 35790671 236965
cpu21 C1E 7329739197 32048061
cpu21 C6 4241900651416 66835106
cpu22 POLL 3789162 324476
cpu22 C1 108253192 249825
cpu22 C1E 7663794834 23046018
cpu22 C6 4252393024222 106565124
cpu23 POLL 3647456 225921
cpu23 C1 28256335 276225
cpu23 C1E 9524158415 34132489
cpu23 C6 4265024079331 80386157
## daemon hilo utime stime cpu
cpu_loop_main 10 3 28
cpu_loop_main 18 0 6
