## stat
cpu  1731823563 127832 73378719 34432523853 22047740 6640359 1776016 0 0 0
cpu0 17753535 2358 823638 328785543 214777 173504 699260 0 0 0
cpu1 33507443 221 1411033 313239305 307164 141427 96874 0 0 0
cpu2 19010187 4456 885169 328143640 364524 94776 205109 0 0 0
cpu3 31873410 226 1295054 315102891 281276 123425 47231 0 0 0
cpu4 38073944 213 1547665 308647817 283466 139254 25743 0 0 0
cpu5 32902947 223 1414231 313841094 409852 125025 25754 0 0 0
cpu6 30507177 3022 1254603 316544852 259349 113137 42658 0 0 0
cpu7 34961299 62 1378277 311822609 382854 123884 7995 0 0 0
cpu8 32116224 576 1291701 314961780 223637 117066 15679 0 0 0
cpu9 38918487 0 1513842 307916639 224129 138865 6858 0 0 0
cpu10 35461302 14 1476971 311307901 342847 127400 6778 0 0 0
cpu11 21964309 199 1013974 325358438 272800 88576 30338 0 0 0
cpu12 35750289 76 1594155 310890093 351305 131156 7025 0 0 0
cpu13 35044793 1714 1427140 311863683 229414 126214 6155 0 0 0
cpu14 36182097 30 1474121 310618508 311312 133106 6055 0 0 0
cpu15 19360035 1174 851530 328210800 237500 75240 5824 0 0 0
cpu16 31491431 13 1301283 315576165 111558 129401 105903 0 0 0
cpu17 22351583 282 883283 325192255 225359 78896 7196 0 0 0
cpu18 22945320 105 940864 324533711 201727 85128 23892 0 0 0
cpu19 24548873 69 1074885 322722120 294083 89848 5498 0 0 0
cpu20 17881269 849 837583 329662816 287085 68809 5216 0 0 0
cpu21 31096805 26 1210167 315937878 344213 117283 5825 0 0 0
cpu22 27428042 34 1214758 319667325 307721 103409 6334 0 0 0
cpu23 24722631 58 836123 322818625 262965 85885 6089 0 0 0
cpu24 26465267 73 1013210 320736423 405269 96773 6376 0 0 0
cpu25 23935090 762 1039555 323379815 275754 92436 6212 0 0 0
cpu26 14419198 9534 663636 333270286 314494 54146 6079 0 0 0
cpu27 30468576 5770 1271985 316588979 290995 104618 2897 0 0 0
cpu28 22808723 5017 1007519 324635400 197081 82627 2639 0 0 0
cpu29 26767221 753 1152445 320424489 298708 92902 2223 0 0 0
cpu30 21621004 213 1002713 325825861 214633 75546 2350 0 0 0
cpu31 31449438 59 1395539 315532382 234767 116247 2647 0 0 0
cpu32 29892816 45 1386593 317144788 198579 108714 2736 0 0 0
cpu33 34347930 1381 1335921 312668770 252248 120661 3077 0 0 0
cpu34 22610143 350 984322 324746448 312110 84799 2261 0 0 0
cpu35 23030709 1942 1056870 324270875 298523 81700 2107 0 0 0
cpu36 37157508 0 1718167 309411614 299809 135381 3286 0 0 0
cpu37 22350258 87 997637 325049610 260493 79907 2811 0 0 0
cpu38 27192735 293 1267648 320019237 152562 101109 2429 0 0 0
cpu39 26302671 148 1239293 320875594 218509 98220 2526 0 0 0
cpu40 18434517 1266 829496 329166077 244795 67692 2183 0 0 0
cpu41 28438644 498 1274591 318673161 239730 105106 2857 0 0 0
cpu42 26858702 2365 1220559 320434133 113629 102557 2401 0 0 0
cpu43 24775891 44 1102250 322513666 250501 94930 2031 0 0 0
cpu44 34570570 717 1551009 312138899 335906 127229 3170 0 0 0
cpu45 25913053 1863 1263952 321224952 234179 97857 2052 0 0 0
cpu46 20601748 25 927773 326971398 165137 76751 1729 0 0 0
cpu47 14719737 2 708364 333239426 25502 55123 1509 0 0 0
cpu48 21519258 11 928931 326011462 201072 79566 1825 0 0 0
cpu49 24994364 3417 958249 322559946 133159 88987 1880 0 0 0
cpu50 24842158 3220 1058046 322598486 139042 93086 2261 0 0 0
cpu51 26289034 8458 1099814 320952571 284312 98105 2541 0 0 0
cpu52 7936493 660 291653 340374531 92046 35576 10186 0 0 0
cpu53 1164794 151 63530 347419286 73668 15618 4565 0 0 0
cpu54 15498393 767 473615 332543017 144428 63826 10279 0 0 0
cpu55 1064042 665 60407 347458613 152342 10868 5402 0 0 0
cpu56 1882661 1304 95446 346676185 73991 15458 8092 0 0 0
cpu57 1981341 240 79816 346558041 98897 16858 13957 0 0 0
cpu58 2855834 1416 127340 345455539 276505 20342 4616 0 0 0
cpu59 968970 209 68496 347286535 127816 11525 9792 0 0 0
cpu60 3326182 67 114001 345151649 145354 13905 5328 0 0 0
cpu61 2860823 627 130062 345535031 213432 13756 3919 0 0 0
cpu62 5074903 153 112096 343235658 311731 17101 5370 0 0 0
cpu63 4193365 256 140819 344120277 211236 18184 73816 0 0 0
cpu64 4204395 1274 158736 344206738 115834 29127 34946 0 0 0
cpu65 3201697 113 128539 345187030 223836 14274 3994 0 0 0
cpu66 3415756 227 103112 345143431 81935 12883 3415 0 0 0
cpu67 3074259 2405 116104 345363459 179482 15451 4078 0 0 0
cpu68 3447038 93 135402 345078030 59918 20866 3727 0 0 0
cpu69 3706285 216 137177 344729117 163691 16379 5952 0 0 0
cpu70 785178 48 50679 347826182 63678 11532 10704 0 0 0
cpu71 6227657 830 186104 342125309 189326 22639 3982 0 0 0
cpu72 18699256 972 699723 328934255 339411 63997 5861 0 0 0
cpu73 7113983 26 213678 341223318 169318 28694 4920 0 0 0
cpu74 7209298 2561 213077 341060800 231345 26448 5377 0 0 0
cpu75 6031889 43 194867 342347076 150528 22727 5045 0 0 0
cpu76 5681951 43 228380 342702844 111590 24379 4004 0 0 0
cpu77 7335539 193 298021 340748129 330070 31243 6221 0 0 0
cpu78 10544608 4101 275101 337755049 146950 28905 1069 0 0 0
cpu79 6840585 7624 287773 341365831 230537 23982 1255 0 0 0
cpu80 5314197 8727 247992 343000036 164830 19799 1789 0 0 0
cpu81 7824910 4176 362086 340296019 238417 28359 1272 0 0 0
cpu82 6390161 842 313022 341853149 177287 22833 862 0 0 0
cpu83 7899573 980 324020 340277469 225700 27827 1083 0 0 0
cpu84 1865147 1470 87310 346661411 139984 7427 762 0 0 0
cpu85 697508 57 41074 347921932 62524 5082 2470 0 0 0
cpu86 7027975 147 301736 341260610 141399 25334 918 0 0 0
cpu87 7501096 1270 371583 340658524 194072 28160 986 0 0 0
cpu88 1421322 232 59367 346890454 160737 8104 5507 0 0 0
cpu89 8314526 708 325749 339934947 151701 27864 1175 0 0 0
cpu90 10458353 16 428135 337631618 198106 37066 1151 0 0 0
cpu91 8133761 20 396718 340054516 138744 30240 1182 0 0 0
cpu92 7939363 1673 354580 340286592 139475 28149 1976 0 0 0
cpu93 10179550 3293 483057 337704893 343968 37967 1121 0 0 0
cpu94 12101519 2640 446636 335899313 256323 42548 1370 0 0 0
cpu95 9373844 1421 442655 338711421 187292 35169 1420 0 0 0
cpu96 580416 2701 33306 348009669 97987 4619 2486 0 0 0
cpu97 9480062 1418 410681 338652165 175724 33379 1103 0 0 0
cpu98 8876067 2 386406 339348544 108438 32828 1090 0 0 0
cpu99 7655246 177 346290 340708536 19255 27059 932 0 0 0
cpu100 9440339 33 361427 338746499 173744 32882 986 0 0 0
cpu101 8948027 159 403775 339248672 118220 34705 1355 0 0 0
cpu102 9915684 1447 424081 338237426 138265 36330 1368 0 0 0
cpu103 9527297 2575 435090 338487187 264190 36544 1342 0 0 0
## interrupts
            CPU0       CPU1       CPU2       CPU3       CPU4       CPU5       CPU6       CPU7       CPU8       CPU9       CPU10      CPU11      CPU12      CPU13      CPU14      CPU15      CPU16      CPU17      CPU18      CPU19      CPU20      CPU21      CPU22      CPU23      CPU24      CPU25      CPU26      CPU27      CPU28      CPU29      CPU30      CPU31      CPU32      CPU33      CPU34      CPU35      CPU36      CPU37      CPU38      CPU39      CPU40      CPU41      CPU42      CPU43      CPU44      CPU45      CPU46      CPU47      CPU48      CPU49      CPU50      CPU51      CPU52      CPU53      CPU54      CPU55      CPU56      CPU57      CPU58      CPU59      CPU60      CPU61      CPU62      CPU63      CPU64      CPU65      CPU66      CPU67      CPU68      CPU69      CPU70      CPU71      CPU72      CPU73      CPU74      CPU75      CPU76      CPU77      CPU78      CPU79      CPU80      CPU81      CPU82      CPU83      CPU84      CPU85      CPU86      CPU87      CPU88      CPU89      CPU90      CPU91      CPU92      CPU93      CPU94      CPU95      CPU96      CPU97      CPU98      CPU99      CPU100     CPU101     CPU102     CPU103     
 LOC:  443491779  392491560  267029366  350890273  407841119  358434830  337704596  373590543  344834016  412348195  376903845  248496914  379310914  371151484  382106181  208208043  342877199  240877425  252904691  263987384  193958421  335826950  295468444  266725410  288491565  260696721  157618983  321728157  241639725  282785456  230122395  332084134  316550427  360671832  239323258  244174962  392692012  236917919  287857055  278985474  195809205  300463446  285607608  262948827  365007216  275061059  218387006  157504088  227522254  263153081  263759306  278068708   92188192   27195143  172331904   20771361   27726175   31415577   44488721   22156144   39463378   35506510   57694775   51849845   49658902   38397205   39408775   40054532   47928164   43588043   15155380   70604082  199426112   79289551   81887838   68817083   65439647   83652761  111465352   74421005   59151055   85112732   69698770   84963466   22855641   12360798   76086539   81581665   21759056   89250593  111675752   88270772   86694046  109752160  129795952  101745241   11513679  101783305   96081317   82955319  101276113   96901246  106558100  102772316   Local timer interrupts
 RES:       7695      15157      12559      13358       9566      11006      11748      11464       9338      13535       8317      12513      12746      12142      11933      10823      10966       7854      10219      11692      11389      11027      11916       9710      12291       7533        387        422        542        570        624        334        288       2238        471        242        920       1936        217        286        202        167        142        276        207        284        746        193        390        286        173        139       7144      10833      20486      12573       8187       9479      10892      10356       7868      12211       7877      11721      11892      11576      11064      10044      17732       8929       8691      11189      10421      10702      11852       9611      11241       7541        287        277        415        390        388        311       2370        329        438        400        495        408        440        473        351        296        293        447        368        410       1201        493        450        526        431        456   Rescheduling interrupts
 CAL:   93919131   13668881   25032614    7125616    3770977    4540784    6873929    2100810    3197125    1761109    1954613    4963411    1705531    1548326    1601293    1600640    1672456    1640335    3876201    1645168    1743668    1729342    1594254    1755352    1746677    1754095    2268571    2268292    2193788    2118427    1971099    1997249    1969200    1971569    1857675    1850330    1744833    1734122    1642168    1708861    1672699    1862101    1531410    1607254    1512805    1556879    1407658    1530124    1503564    1469842    1477943    1420582    1708248    1417583    1829473    1639009    1719052    1696385    1689331    1330611    1529267    1614471    1534976    1537607    1598832    1533178    1424523    1519403    1620663    1712712    1595928    1595793    1618927    1730532    1689377    1461058    1504502    1882757    1684508    1725357    1574399    1680156    1566616    1563537    1597562    1402354    1629433    1515646    1325926    1592097    1646024    1622186    1640654    1891929    1660191    1652105    1475419    1633172    1701887    1722595    1698864    1678722    1607834    1770313   Function call interrupts
 TLB:    2087917    2175684    1798700    1935606    1816028    1806769    1822052    1842268    1721286    1578289    1414428    1521004    1527781    1471889    1518907    1337842    1383428    1473578    1627542    1482183    1422855    1458474    1437311    1439265    1455900    1598504    1968329    1997409    2026781    1839950    1801427    1817147    1791890    1757715    1528108    1556170    1527257    1479144    1434131    1514321    1462067    1538877    1362618    1436221    1355145    1376175    1282286    1417047    1398878    1340392    1345260    1228120    1510551    1217916    1459001    1326328    1488160    1385297    1467995    1330017    1307844    1357234    1297083    1409883    1310339    1387736    1275824    1321866    1449045    1539601    1317877    1413774    1412067    1360045    1490047    1266736    1220079    1377315    1498550    1448486    1403928    1401382    1389795    1399948    1405100    1257010    1380434    1333911    1265023    1417106    1403087    1404809    1422785    1577464    1431561    1427128    1268278    1371857    1495458    1521008    1498558    1385823    1348025    1504925   TLB shootdowns
## cpuidle cpu estado tiempo_us entradas
cpu0 POLL 2646162 78577
cpu0 C1 1615542519 288473
cpu0 C1E 2143475286 4386754
cpu0 C6 3284510814067 347478163
cpu1 POLL 1205161 29984
cpu1 C1 963123602 306231
cpu1 C1E 1472888905 7001769
cpu1 C6 3132719126167 54746547
cpu2 POLL 1787100 86407
cpu2 C1 38128280365 546278
cpu2 C1E 1331982347 7236538
cpu2 C6 3245153087080 96096156
cpu3 POLL 825759 25831
cpu3 C1 3982727554 272694
cpu3 C1E 704604402 4705138
cpu3 C6 3149014921258 25897712
cpu4 POLL 629386 17826
cpu4 C1 891028932 252791
cpu4 C1E 557365063 4158887
cpu4 C6 3087768092457 18221495
cpu5 POLL 725291 22364
cpu5 C1 874070879 226287
cpu5 C1E 459413339 3233795
cpu5 C6 3141062982183 21296557
cpu6 POLL 444868 14161
cpu6 C1 1724564546 153043
cpu6 C1E 464567489 2860178
cpu6 C6 3165713642495 24926382
cpu7 POLL 622415 28734
cpu7 C1 1409008653 206491
cpu7 C1E 392487975 2861875
cpu7 C6 3120205957361 12582679
cpu16 POLL 1823257 38036
cpu16 C1 969632435 247539
cpu16 C1E 4741221622 33454948
cpu16 C6 3150823273693 87622119
cpu17 POLL 687556 19168
cpu17 C1 1341811044 176202
cpu17 C1E 1792189776 10419470
cpu17 C6 3250998649195 10984198
cpu18 POLL 793828 27341
cpu18 C1 83492057 182495
cpu18 C1E 1722425250 9861490
cpu18 C6 3245419200811 23639911
cpu19 POLL 722056 20189
cpu19 C1 2285461278 183810
cpu19 C1E 1469804433 8543823
cpu19 C6 3226375860276 9362787
cpu20 POLL 516031 16308
cpu20 C1 1544055254 153210
cpu20 C1E 701297252 4835626
cpu20 C6 3297213941146 9711420
cpu21 POLL 490691 13981
cpu21 C1 1238386647 133290
cpu21 C1E 724250463 4456943
cpu21 C6 3160770926871 16373876
cpu22 POLL 512740 16544
cpu22 C1 947096386 148685
cpu22 C1E 719852568 4421661
cpu22 C6 3198025121894 12586058
cpu23 POLL 545784 15189
cpu23 C1 1429273561 126659
cpu23 C1E 747443536 4377959
cpu23 C6 3228573934073 13567550
## daemon hilo utime stime cpu
