## stat
cpu  1731823508 127832 73378647 34431897112 22047734 6640288 1776002 0 0 0
cpu0 17753535 2358 823638 328779515 214777 173504 699260 0 0 0
cpu1 33507443 221 1411033 313233276 307164 141427 96874 0 0 0
cpu2 19010187 4456 885169 328137612 364524 94776 205108 0 0 0
cpu3 31873410 226 1295054 315096862 281276 123425 47231 0 0 0
cpu4 38073944 213 1547665 308641788 283466 139254 25743 0 0 0
cpu5 32902947 223 1414231 313835065 409852 125025 25754 0 0 0
cpu6 30507133 3022 1254554 316539030 259349 113075 42649 0 0 0
cpu7 34961299 62 1378277 311816580 382854 123884 7995 0 0 0
cpu8 32116224 576 1291701 314955751 223637 117066 15679 0 0 0
cpu9 38918487 0 1513842 307910610 224129 138865 6858 0 0 0
cpu10 35461302 14 1476971 311301872 342847 127400 6778 0 0 0
cpu11 21964309 199 1013974 325352409 272800 88576 30338 0 0 0
cpu12 35750289 76 1594155 310884064 351305 131156 7025 0 0 0
cpu13 35044793 1714 1427140 311857654 229414 126214 6155 0 0 0
cpu14 36182097 30 1474121 310612479 311312 133106 6055 0 0 0
cpu15 19360035 1174 851530 328204772 237500 75240 5824 0 0 0
cpu16 31491431 13 1301283 315570136 111558 129401 105902 0 0 0
cpu17 22351583 282 883283 325186227 225359 78896 7196 0 0 0
cpu18 22945316 105 940862 324527690 201727 85126 23892 0 0 0
cpu19 24548873 69 1074885 322716091 294083 89848 5498 0 0 0
cpu20 17881269 849 837583 329656787 287085 68808 5216 0 0 0
cpu21 31096805 26 1210167 315931849 344213 117283 5825 0 0 0
cpu22 27428042 34 1214758 319661297 307721 103409 6334 0 0 0
cpu23 24722631 58 836123 322812596 262965 85885 6089 0 0 0
cpu24 26465267 73 1013210 320730394 405269 96773 6376 0 0 0
cpu25 23935090 762 1039555 323373786 275754 92436 6212 0 0 0
cpu26 14419198 9534 663636 333264257 314494 54146 6079 0 0 0
cpu27 30468576 5770 1271985 316582950 290995 104618 2897 0 0 0
cpu28 22808723 5017 1007519 324629371 197081 82627 2639 0 0 0
cpu29 26767221 753 1152445 320418460 298708 92902 2223 0 0 0
cpu30 21621003 213 1002710 325819835 214632 75546 2350 0 0 0
cpu31 31449438 59 1395539 315526353 234767 116247 2647 0 0 0
cpu32 29892816 45 1386593 317138760 198578 108714 2736 0 0 0
cpu33 34347930 1381 1335921 312662741 252248 120661 3077 0 0 0
cpu34 22610143 350 984322 324740419 312110 84799 2261 0 0 0
cpu35 23030709 1942 1056870 324264846 298523 81700 2107 0 0 0
cpu36 37157508 0 1718167 309405585 299809 135381 3286 0 0 0
cpu37 22350258 87 997637 325043581 260493 79907 2811 0 0 0
cpu38 27192735 293 1267648 320013208 152562 101109 2429 0 0 0
cpu39 26302671 148 1239293 320869565 218509 98220 2526 0 0 0
cpu40 18434517 1266 829496 329160048 244795 67692 2183 0 0 0
cpu41 28438644 498 1274591 318667132 239730 105106 2857 0 0 0
cpu42 26858702 2365 1220559 320428104 113629 102557 2401 0 0 0
cpu43 24775891 44 1102250 322507637 250501 94930 2031 0 0 0
cpu44 34570570 717 1551009 312132870 335906 127229 3170 0 0 0
cpu45 25913053 1863 1263951 321218924 234179 97857 2052 0 0 0
cpu46 20601748 25 927772 326965370 165137 76751 1729 0 0 0
cpu47 14719737 2 708364 333233397 25502 55123 1509 0 0 0
cpu48 21519258 11 928931 326005433 201072 79566 1825 0 0 0
cpu49 24994364 3417 958249 322553917 133159 88987 1880 0 0 0
cpu50 24842158 3220 1058046 322592457 139042 93086 2261 0 0 0
cpu51 26289034 8458 1099814 320946541 284312 98105 2541 0 0 0
cpu52 7936493 660 291653 340368502 92046 35575 10186 0 0 0
cpu53 1164794 151 63530 347413257 73668 15618 4565 0 0 0
cpu54 15498390 767 473613 332536996 144428 63824 10279 0 0 0
cpu55 1064042 665 60407 347452583 152342 10868 5402 0 0 0
cpu56 1882661 1304 95446 346670156 73991 15458 8092 0 0 0
cpu57 1981341 240 79816 346552012 98897 16858 13957 0 0 0
cpu58 2855834 1416 127340 345449510 276505 20342 4616 0 0 0
cpu59 968970 209 68496 347280506 127816 11525 9792 0 0 0
cpu60 3326182 67 114001 345145620 145354 13905 5328 0 0 0
cpu61 2860823 627 130062 345529002 213432 13756 3919 0 0 0
cpu62 5074903 153 112096 343229629 311731 17101 5370 0 0 0
cpu63 4193365 256 140819 344114249 211236 18184 73815 0 0 0
cpu64 4204395 1274 158736 344200709 115834 29127 34946 0 0 0
cpu65 3201697 113 128539 345181001 223836 14274 3994 0 0 0
cpu66 3415756 227 103112 345137402 81935 12883 3415 0 0 0
cpu67 3074259 2405 116104 345357430 179482 15451 4078 0 0 0
cpu68 3447038 93 135402 345072001 59918 20866 3727 0 0 0
cpu69 3706285 216 137177 344723088 163691 16379 5952 0 0 0
cpu70 785178 48 50679 347820153 63678 11532 10704 0 0 0
cpu71 6227657 830 186104 342119280 189326 22639 3982 0 0 0
cpu72 18699256 972 699723 328928226 339411 63997 5861 0 0 0
cpu73 7113983 26 213678 341217289 169318 28694 4920 0 0 0
cpu74 7209298 2561 213077 341054771 231345 26448 5377 0 0 0
cpu75 6031889 43 194867 342341047 150528 22727 5045 0 0 0
cpu76 5681951 43 228380 342696815 111590 24379 4004 0 0 0
cpu77 7335539 193 298021 340742100 330070 31243 6221 0 0 0
cpu78 10544608 4101 275101 337749021 146950 28905 1069 0 0 0
cpu79 6840585 7624 287773 341359802 230537 23982 1255 0 0 0
cpu80 5314197 8727 247992 342994007 164830 19799 1789 0 0 0
cpu81 7824909 4176 362085 340289992 238417 28359 1272 0 0 0
cpu82 6390161 842 313021 341847122 177287 22833 862 0 0 0
cpu83 7899572 980 324018 340271443 225699 27827 1083 0 0 0
cpu84 1865147 1470 87309 346655383 139984 7427 762 0 0 0
cpu85 697508 57 41073 347915906 62523 5082 2470 0 0 0
cpu86 7027975 147 301735 341254583 141399 25334 918 0 0 0
cpu87 7501096 1270 371582 340652498 194071 28160 986 0 0 0
cpu88 1421321 232 59366 346884441 160736 8104 5507 0 0 0
cpu89 8314525 708 325747 339928921 151701 27864 1175 0 0 0
cpu90 10458353 16 428134 337625591 198105 37066 1151 0 0 0
cpu91 8133760 20 396717 340048489 138744 30239 1182 0 0 0
cpu92 7939363 1673 354580 340280565 139475 28149 1975 0 0 0
cpu93 10179550 3293 483057 337698865 343968 37967 1121 0 0 0
cpu94 12101519 2640 446635 335893284 256323 42548 1370 0 0 0
cpu95 9373844 1421 442655 338705392 187292 35169 1420 0 0 0
cpu96 580416 2701 33306 348003641 97987 4619 2486 0 0 0
cpu97 9480062 1418 410681 338646136 175724 33379 1103 0 0 0
cpu98 8876067 2 386406 339342515 108438 32828 1090 0 0 0
cpu99 7655246 177 346290 340702507 19255 27059 932 0 0 0
cpu100 9440339 33 361427 338740470 173744 32882 986 0 0 0
cpu101 8948027 159 403775 339242643 118220 34705 1355 0 0 0
cpu102 9915684 1447 424081 338231397 138265 36330 1368 0 0 0
cpu103 9527297 2575 435090 338481158 264190 36544 1342 0 0 0
## interrupts
            CPU0       CPU1       CPU2       CPU3       CPU4       CPU5       CPU6       CPU7       CPU8       CPU9       CPU10      CPU11      CPU12      CPU13      CPU14      CPU15      CPU16      CPU17      CPU18      CPU19      CPU20      CPU21      CPU22      CPU23      CPU24      CPU25      CPU26      CPU27      CPU28      CPU29      CPU30      CPU31      CPU32      CPU33      CPU34      CPU35      CPU36      CPU37      CPU38      CPU39      CPU40      CPU41      CPU42      CPU43      CPU44      CPU45      CPU46      CPU47      CPU48      CPU49      CPU50      CPU51      CPU52      CPU53      CPU54      CPU55      CPU56      CPU57      CPU58      CPU59      CPU60      CPU61      CPU62      CPU63      CPU64      CPU65      CPU66      CPU67      CPU68      CPU69      CPU70      CPU71      CPU72      CPU73      CPU74      CPU75      CPU76      CPU77      CPU78      CPU79      CPU80      CPU81      CPU82      CPU83      CPU84      CPU85      CPU86      CPU87      CPU88      CPU89      CPU90      CPU91      CPU92      CPU93      CPU94      CPU95      CPU96      CPU97      CPU98      CPU99      CPU100     CPU101     CPU102     CPU103     
 LOC:  443491691  392491530  267028926  350890234  407841089  358434800  337606954  373590513  344833986  412348165  376903816  248496882  379310836  371151451  382106151  208207926  342877146  240877081  252903014  263987354  193958388  335826920  295468300  266725380  288491535  260696691  157618891  321728021  241639680  282785425  230122093  332084087  316550335  360671750  239323187  244174930  392691982  236917886  287857025  278985445  195809133  300463391  285607547  262948782  365007186  275061010  218386906  157504058  227522224  263153052  263759276  278068679   92188090   27195113  172330265   20771331   27726145   31415547   44488674   22156111   39463348   35506480   57694745   51849741   49658872   38397175   39408745   40054503   47928086   43587970   15155271   70604036  199426058   79289521   81887809   68817053   65439617   83652731  111465305   74420975   59151025   85112406   69698621   84963195   22855510   12360609   76086313   81581478   21758624   89250372  111675566   88270553   86693877  109751903  129795852  101745212   11513607  101783275   96081287   82955289  101276083   96901216  106558070  102772286   Local timer interrupts
 RES:       7695      15157      12559      13358       9566      11006      11748      11464       9338      13535       8317      12513      12746      12142      11933      10823      10966       7854      10219      11692      11389      11027      11916       9710      12291       7533        387        422        542        570        624        334        288       2238        471        242        920       1936        217        286        202        167        142        276        207        284        746        193        390        286        173        139       7144      10833      20486      12573       8187       9479      10892      10356       7868      12211       7877      11721      11892      11576      11064      10044      17732       8929       8691      11189      10421      10702      11852       9611      11241       7541        287        277        415        390        388        311       2370        329        438        400        495        407        440        473        350        296        293        447        368        410       1201        493        450        526        431        456   Rescheduling interrupts
 CAL:   93919112   13668873   25032603    7125608    3770969    4540776    6873921    2100802    3197117    1761101    1954605    4963403    1705523    1548318    1601285    1600632    1672448    1640326    3876193    1645160    1743660    1729334    1594245    1755344    1746669    1754087    2268563    2268284    2193780    2118419    1971091    1997241    1969192    1971561    1857667    1850322    1744825    1734114    1642160    1708852    1672691    1862093    1531402    1607246    1512797    1556871    1407650    1530116    1503556    1469834    1477935    1420574    1708240    1417575    1829465    1639001    1719044    1696377    1689323    1330603    1529259    1614463    1534968    1537599    1598824    1533170    1424515    1519395    1620655    1712704    1595920    1595785    1618918    1730524    1689369    1461050    1504494    1882749    1684500    1725349    1574391    1680145    1566607    1563529    1597554    1402346    1629425    1515638    1325926    1592089    1646016    1622178    1640646    1891921    1660183    1652097    1475411    1633164    1701879    1722587    1698856    1678714    1607826    1770305   Function call interrupts
 TLB:    2087917    2175684    1798700    1935606    1816028    1806769    1822052    1842268    1721286    1578289    1414428    1521004    1527781    1471889    1518907    1337842    1383428    1473578    1627542    1482183    1422855    1458474    1437311    1439265    1455900    1598504    1968329    1997409    2026781    1839950    1801427    1817147    1791890    1757715    1528108    1556170    1527257    1479144    1434131    1514321    1462067    1538877    1362618    1436221    1355145    1376175    1282286    1417047    1398878    1340392    1345260    1228120    1510551    1217916    1459001    1326328    1488160    1385297    1467995    1330017    1307844    1357234    1297083    1409883    1310339    1387736    1275824    1321866    1449045    1539601    1317877    1413774    1412067    1360045    1490047    1266736    1220079    1377315    1498550    1448486    1403928    1401382    1389795    1399948    1405100    1257010    1380434    1333911    1265023    1417106    1403087    1404809    1422785    1577464    1431561    1427128    1268278    1371857    1495458    1521008    1498558    1385823    1348025    1504925   TLB shootdowns
## cpuidle cpu estado tiempo_us entradas
cpu0 POLL 2646130 78576
cpu0 C1 1615542480 288472
cpu0 C1E 2143475286 4386754
cpu0 C6 3284450533459 347477806
cpu1 POLL 1205161 29984
cpu1 C1 963123602 306231
cpu1 C1E 1472888602 7001754
cpu1 C6 3132659126624 54746520
cpu2 POLL 1787089 86406
cpu2 C1 38128279407 546270
cpu2 C1E 1331944868 7236445
cpu2 C6 3245092848572 96095467
cpu3 POLL 825759 25831
cpu3 C1 3982727534 272692
cpu3 C1E 704604167 4705123
cpu3 C6 3148955062869 25897647
cpu4 POLL 629386 17826
cpu4 C1 891028932 252791
cpu4 C1E 557364776 4158872
cpu4 C6 3087707484416 18221432
cpu5 POLL 725291 22364
cpu5 C1 874070879 226287
cpu5 C1E 459413041 3233780
cpu5 C6 3141002983101 21296501
cpu6 POLL 442545 14127
cpu6 C1 1724426248 152894
cpu6 C1E 449004059 2811505
cpu6 C6 3165671626548 24878994
cpu7 POLL 622415 28734
cpu7 C1 1409008653 206491
cpu7 C1E 392487690 2861860
cpu7 C6 3120145926309 12582620
cpu16 POLL 1823257 38036
cpu16 C1 969632426 247538
cpu16 C1E 4741221365 33454934
cpu16 C6 3150762982855 87621916
cpu17 POLL 687556 19168
cpu17 C1 1341803053 176192
cpu17 C1E 1792159506 10419388
cpu17 C6 3250938399547 10983809
cpu18 POLL 793828 27341
cpu18 C1 83491995 182494
cpu18 C1E 1722401927 9861419
cpu18 C6 3245359006152 23638287
cpu19 POLL 722056 20189
cpu19 C1 2285461278 183810
cpu19 C1E 1469804130 8543808
cpu19 C6 3226315860716 9362761
cpu20 POLL 516031 16308
cpu20 C1 1544055254 153210
cpu20 C1E 701296988 4835610
cpu20 C6 3297153942222 9711360
cpu21 POLL 490691 13981
cpu21 C1 1238386647 133290
cpu21 C1E 724250177 4456928
cpu21 C6 3160710927798 16373821
cpu22 POLL 512740 16544
cpu22 C1 947096353 148682
cpu22 C1E 719852421 4421651
cpu22 C6 3197964834270 12585853
cpu23 POLL 545784 15189
cpu23 C1 1429273561 126659
cpu23 C1E 747443251 4377944
cpu23 C6 3228513903138 13567496
## daemon hilo utime stime cpu
