## stat
cpu  506962448 220658 62960406 13293426056 1597322 3383534 814429 0 0 0
cpu0 36874696 37455 2630328 392963072 151041 271378 118514 0 0 0
cpu1 38601629 13577 2723166 391702648 148490 195368 36843 0 0 0
cpu2 37368957 5256 2504464 393240610 97592 191102 34317 0 0 0
cpu3 37000681 6201 2355143 393754233 102297 188306 31430 0 0 0
cpu4 34635255 9635 2228522 396254416 90056 182652 34544 0 0 0
cpu5 51767174 25654 2450159 378819703 118310 228020 41546 0 0 0
cpu6 12338183 2065 24836555 396138815 59103 146604 73528 0 0 0
cpu7 13321728 6850 900104 418451885 48520 265362 31890 0 0 0
cpu8 9817384 10098 1331543 421128025 50881 99691 69298 0 0 0
cpu9 9796274 4867 999482 422518737 42562 51372 21880 0 0 0
cpu10 11338727 6591 1077645 420954380 38369 56246 13372 0 0 0
cpu11 13215123 5285 1167414 418984283 44093 55457 27472 0 0 0
cpu12 10267335 669 928481 422202310 30725 52003 8040 0 0 0
cpu13 9832155 2370 949165 422624273 26373 49674 7659 0 0 0
cpu14 10298127 806 984364 421801123 49193 349452 7022 0 0 0
cpu15 11159246 1153 1293610 420927257 27598 62959 7461 0 0 0
cpu16 6074495 1932 610051 426670138 16073 52167 25992 0 0 0
cpu17 6603204 4854 669679 426092524 18232 50082 25722 0 0 0
cpu18 7063039 8264 751409 425550086 16676 50831 32787 0 0 0
cpu19 7009046 6245 809622 425483861 17916 82843 43427 0 0 0
cpu20 5529481 7364 904995 426961615 16205 41488 8518 0 0 0
cpu21 7695583 4845 747303 424934126 20315 49792 21028 0 0 0
cpu22 6637223 2448 739876 426018438 24163 30039 14708 0 0 0
cpu23 5141431 9625 801447 427456779 23757 31336 14894 0 0 0
cpu24 12487957 4116 911816 419969117 31289 65309 14604 0 0 0
cpu25 14433782 6367 891812 418037710 45274 65829 6739 0 0 0
cpu26 13301159 9770 957721 419107852 37342 72966 6531 0 0 0
cpu27 13606757 1251 975236 418801689 40886 63042 6537 0 0 0
cpu28 13257714 3180 910430 419200937 39102 69584 6547 0 0 0
cpu29 13680892 4685 972914 418704991 41316 71654 7432 0 0 0
cpu30 13063338 5866 909792 419385642 41204 70094 6905 0 0 0
cpu31 13744655 1302 1036144 418584766 42352 70815 7228 0 0 0
## interrupts
            CPU0       CPU1       CPU2       CPU3       CPU4       CPU5       CPU6       CPU7       CPU8       CPU9       CPU10      CPU11      CPU12      CPU13      CPU14      CPU15      CPU16      CPU17      CPU18      CPU19      CPU20      CPU21      CPU22      CPU23      CPU24      CPU25      CPU26      CPU27      CPU28      CPU29      CPU30      CPU31      
 LOC:  509273340  470561665  441118636  436127293  418324922  582382137  916860090 3327332818  220186129  157743523  176434252  179295279  150900942  143523711  152842843  170175465  115443666  109975613  112786506  106848553   97644029  120893637  108212061  104253821  183154310  193796531  186192678  187083668  183069991  189372304  180166559  188391932   Local timer interrupts
 RES:     133843      74659      69090      60622      51243      46563       9766      11536      77647      17011      14768      12696      11864      11479      11557      11582       7263      11568      10061       8974       8767       6964       7096       6492       9430       9163       8672       8476       9080       8736       8242       9000   Rescheduling interrupts
 CAL: 1435335522 1109137865 1136900190 1116261110 1001176832  946237177   99234426   37234593   37255631   28508131   25915215   23819444   22594887   21174101   21574214   22110595   21717071   17044697   16487442   16429333   16360548   16272678   15519069   15572575   29469168   30055055   31332327   32771935   33925366   35755937   35654203   35039866   Function call interrupts
 TLB:   41909059   45801661   46332254   46658248   46613896   45028517   34076765   34250543   28753184   28581582   27369424   25941101   24884003   23378224   23709294   24183044   22746649   19266319   18730537   18566792   18440003   18135786   15874525   15766652   31415332   31663626   32926122   34130884   35158307   36871298   36586174   35517026   TLB shootdowns
## cpuidle cpu estado tiempo_us entradas
cpu0 POLL 13955015 435198
cpu0 C1 2959459101 30329026
cpu0 C1E 25048642154 116083702
cpu0 C6 3900862519894 516691684
cpu1 POLL 5064013 139688
cpu1 C1 32131228 493440
cpu1 C1E 12599681453 74073392
cpu1 C6 3905072544229 151372694
cpu2 POLL 4527380 142564
cpu2 C1 47695273 533357
cpu2 C1E 11532370790 65178154
cpu2 C6 3921128286069 116510112
cpu3 POLL 4125954 112567
cpu3 C1 43786336 484223
cpu3 C1E 11377374565 59032129
cpu3 C6 3926500616447 110558022
cpu4 POLL 3847778 108667
cpu4 C1 50820485 498463
cpu4 C1E 11157287361 62761532
cpu4 C6 3951518833287 126373642
cpu5 POLL 4076420 118458
cpu5 C1 206357702 353747
cpu5 C1E 9944396493 64856240
cpu5 C6 3778681693985 89986283
cpu6 POLL 1112026816 135851830
cpu6 C1 14459704603 49279642
cpu6 C1E 163178433503 554936753
cpu6 C6 3781961182056 386812154
cpu7 POLL 29345760 742487
cpu7 C1 42809534 1946864
cpu7 C1E 424283230669 3171421851
cpu7 C6 3758410520447 87878634
cpu16 POLL 2077695 56874
cpu16 C1 77469827 196750
cpu16 C1E 7070287435 31259552
cpu16 C6 4259102618785 103242079
cpu17 POLL 1718339 47750
cpu17 C1 23712954 192180
cpu17 C1E 7098371105 28597913
cpu17 C6 4253442501292 88690511
cpu18 POLL 1435809 48028
cpu18 C1 27490312 198321
cpu18 C1E 6732614331 26021910
cpu18 C6 4248379835893 80222739
cpu19 POLL 1275035 43654
cpu19 C1 19435224 136706
cpu19 C1E 5920922208 19350369
cpu19 C6 4248229167755 111068425
cpu20 POLL 2156669 52910
cpu20 C1 14025260 167843
cpu20 C1E 6319849747 24973472
cpu20 C6 4262971340897 66221749
cpu21 POLL 2482431 57185
cpu21 C1 35790660 236964
cpu21 C1E 7329226084 32047346
cpu21 C6 4241709453440 66833475
cpu22 POLL 3789162 324476
cpu22 C1 108253184 249824
cpu22 C1E 7663467295 23045001
cpu22 C6 4252201804582 106547748
cpu23 POLL 3647323 225919
cpu23 C1 28255746 276219
cpu23 C1E 9523161232 34130384
cpu23 C6 4264833560813 80383384
## daemon hilo utime stime cpu
cpu_loop_main 13 14 7
cpu_loop_main 0 20 6
