## stat
cpu  506950420 220658 62960138 13293358196 1597317 3383488 814417 0 0 0
cpu0 36872661 37455 2630317 392962621 151041 271373 118514 0 0 0
cpu1 38599627 13577 2723160 391702158 148490 195364 36843 0 0 0
cpu2 37366963 5256 2504454 393240116 97592 191097 34317 0 0 0
cpu3 36998688 6201 2355135 393753736 102297 188301 31429 0 0 0
cpu4 34633255 9635 2228520 396253921 90056 182647 34544 0 0 0
cpu5 51765180 25654 2450151 378819207 118310 228015 41545 0 0 0
cpu6 12338182 2065 24836361 396136350 59102 146601 73520 0 0 0
cpu7 13321727 6850 900100 418449405 48520 265356 31890 0 0 0
cpu8 9817384 10098 1331542 421125531 50881 99691 69298 0 0 0
cpu9 9796273 4867 999480 422516237 42562 51372 21880 0 0 0
cpu10 11338726 6591 1077642 420951882 38369 56246 13372 0 0 0
cpu11 13215123 5285 1167413 418981782 44093 55457 27471 0 0 0
cpu12 10267335 669 928481 422199807 30725 52003 8040 0 0 0
cpu13 9832155 2370 949165 422621770 26373 49674 7659 0 0 0
cpu14 10298127 806 984364 421798620 49193 349452 7022 0 0 0
cpu15 11159246 1153 1293610 420924755 27598 62959 7461 0 0 0
cpu16 6074495 1932 610051 426667636 16073 52167 25992 0 0 0
cpu17 6603204 4854 669678 426090022 18232 50082 25722 0 0 0
cpu18 7063038 8264 751408 425547586 16676 50831 32787 0 0 0
cpu19 7009046 6245 809622 425481358 17916 82843 43427 0 0 0
cpu20 5529481 7364 904995 426959113 16205 41488 8518 0 0 0
cpu21 7695583 4845 747303 424931624 20315 49792 21028 0 0 0
cpu22 6637223 2448 739876 426015938 24163 30038 14707 0 0 0
cpu23 5141431 9625 801444 427454300 23757 31330 14893 0 0 0
cpu24 12487957 4116 911815 419966616 31289 65309 14604 0 0 0
cpu25 14433782 6367 891812 418035208 45274 65829 6739 0 0 0
cpu26 13301159 9770 957721 419105349 37342 72966 6531 0 0 0
cpu27 13606755 1251 975233 418799193 40885 63041 6537 0 0 0
cpu28 13257714 3180 910428 419198438 39102 69584 6547 0 0 0
cpu29 13680892 4685 972912 418702491 41316 71654 7432 0 0 0
cpu30 13063336 5866 909790 419383145 41204 70093 6905 0 0 0
cpu31 13744654 1302 1036142 418582267 42351 70815 7228 0 0 0
## interrupts
            CPU0       CPU1       CPU2       CPU3       CPU4       CPU5       CPU6       CPU7       CPU8       CPU9       CPU10      CPU11      CPU12      CPU13      CPU14      CPU15      CPU16      CPU17      CPU18      CPU19      CPU20      CPU21      CPU22      CPU23      CPU24      CPU25      CPU26      CPU27      CPU28      CPU29      CPU30      CPU31      
 LOC:  509250587  470541080  441098429  436107108  418304767  582361998  916849872 3327247745  220185775  157743144  176433904  179295210  150900929  143523705  152842836  170175459  115443557  109975180  112785854  106848475   97643752  120893314  108199717  104168062  183154226  193796525  186192670  187082706  183069691  189372022  180165654  188391709   Local timer interrupts
 RES:     133840      74656      69088      60618      51239      46559       9766      11536      77647      16997      14768      12696      11864      11479      11557      11582       7263      11568      10061       8974       8767       6964       7096       6484       9430       9163       8672       8476       9080       8735       8242       9000   Rescheduling interrupts
 CAL: 1435316190 1109119035 1136881261 1116242176 1001158189  946218471   99231683   37234583   37255630   28508121   25915211   23819440   22594883   21174097   21574210   22110591   21717067   17044687   16487438   16429329   16360543   16272673   15519065   15572567   29469163   30055051   31332323   32771929   33925361   35755932   35654199   35039862   Function call interrupts
 TLB:   41908184   45801067   46331399   46657360   46613317   45027868   34076765   34250543   28753184   28581582   27369424   25941101   24884003   23378224   23709294   24183044   22746649   19266319   18730537   18566792   18440003   18135786   15874525   15766652   31415332   31663626   32926122   34130884   35158307   36871298   36586174   35517026   TLB shootdowns
## cpuidle cpu estado tiempo_us entradas
cpu0 POLL 13955015 435198
cpu0 C1 2959458975 30329009
cpu0 C1E 25048288390 116081488
cpu0 C6 3900858362570 516691362
cpu1 POLL 5064013 139688
cpu1 C1 32131228 493440
cpu1 C1E 12599601795 74073269
cpu1 C6 3905067733166 151371538
cpu2 POLL 4527380 142564
cpu2 C1 47695253 533356
cpu2 C1E 11532288416 65178036
cpu2 C6 3921123410394 116509768
cpu3 POLL 4125954 112567
cpu3 C1 43786336 484223
cpu3 C1E 11377283540 59031983
cpu3 C6 3926495741853 110557681
cpu4 POLL 3847778 108667
cpu4 C1 50820485 498463
cpu4 C1E 11157247557 62761487
cpu4 C6 3951513858679 126373407
cpu5 POLL 4076420 118458
cpu5 C1 206357702 353747
cpu5 C1E 9944339484 64856173
cpu5 C6 3778676841133 89986070
cpu6 POLL 1112026615 135851825
cpu6 C1 14459704549 49279637
cpu6 C1E 163177261574 554935377
cpu6 C6 3781937752272 386788212
cpu7 POLL 29343141 742446
cpu7 C1 42808058 1946634
cpu7 C1E 424272018487 3171337263
cpu7 C6 3758396981104 87877451
cpu16 POLL 2077695 56874
cpu16 C1 77469827 196750
cpu16 C1E 7070281380 31259545
cpu16 C6 4259077479599 103241830
cpu17 POLL 1718275 47749
cpu17 C1 23712954 192180
cpu17 C1E 7098248448 28597666
cpu17 C6 4253417597849 88689714
cpu18 POLL 1435809 48028
cpu18 C1 27490304 198320
cpu18 C1E 6732565930 26021856
cpu18 C6 4248354901176 80221945
cpu19 POLL 1275035 43654
cpu19 C1 19435224 136706
cpu19 C1E 5920919222 19350367
cpu19 C6 4248204296655 111068289
cpu20 POLL 2156669 52910
cpu20 C1 14025260 167843
cpu20 C1E 6319677810 24973226
cpu20 C6 4262946485210 66221203
cpu21 POLL 2482431 57185
cpu21 C1 35790660 236964
cpu21 C1E 7329185845 32047288
cpu21 C6 4241684657896 66833249
cpu22 POLL 3789098 324475
cpu22 C1 108253138 249815
cpu22 C1E 7661572790 23030752
cpu22 C6 4252178729218 106541238
cpu23 POLL 3645060 225884
cpu23 C1 28254796 276062
cpu23 C1E 9511798898 34044944
cpu23 C6 4264820173063 80383207
## daemon hilo utime stime cpu
cpu_loop_main 6 1 0
cpu_loop_main 0 0 6
