## stat
cpu  506829477 220658 62956672 13292373740 1597133 3382770 814261 0 0 0
cpu0 36852482 37455 2630210 392948346 151031 271295 118509 0 0 0
cpu1 38579493 13577 2723083 391687799 148484 195287 36840 0 0 0
cpu2 37346876 5256 2504335 393225753 97584 191020 34315 0 0 0
cpu3 36978613 6201 2355049 393739345 102289 188220 31420 0 0 0
cpu4 34613178 9635 2228448 396239496 90052 182570 34542 0 0 0
cpu5 51745211 25654 2450042 378804708 118307 227939 41544 0 0 0
cpu6 12338123 2065 24834009 396102742 59099 146532 73458 0 0 0
cpu7 13321718 6850 900089 418414991 48499 265320 31870 0 0 0
cpu8 9817367 10098 1331516 421091043 50876 99675 69284 0 0 0
cpu9 9796156 4867 999402 422481843 42551 51344 21875 0 0 0
cpu10 11338714 6591 1077596 420917306 38358 56244 13368 0 0 0
cpu11 13215120 5285 1167401 418947147 44092 55456 27468 0 0 0
cpu12 10267332 669 928475 422165163 30724 52003 8039 0 0 0
cpu13 9832138 2370 949135 422587179 26365 49669 7657 0 0 0
cpu14 10298123 806 984355 421763975 49193 349451 7021 0 0 0
cpu15 11159244 1153 1293604 420890107 27597 62959 7460 0 0 0
cpu16 6074493 1932 610046 426632996 16072 52165 25990 0 0 0
cpu17 6603198 4854 669668 426055497 18226 50067 25720 0 0 0
cpu18 7063026 8264 751398 425512957 16674 50828 32786 0 0 0
cpu19 7009032 6245 809608 425446931 17905 82815 43426 0 0 0
cpu20 5529478 7364 904983 426924478 16203 41487 8517 0 0 0
cpu21 7695579 4845 747287 424896994 20313 49790 21027 0 0 0
cpu22 6637199 2448 739865 425981360 24154 30030 14706 0 0 0
cpu23 5141426 9625 801428 427419683 23753 31326 14891 0 0 0
cpu24 12487957 4116 911814 419931960 31289 65309 14604 0 0 0
cpu25 14433778 6367 891807 418000561 45273 65829 6739 0 0 0
cpu26 13301156 9770 957715 419070703 37341 72966 6531 0 0 0
cpu27 13606722 1251 975168 418764673 40876 63024 6534 0 0 0
cpu28 13257701 3180 910384 419163853 39091 69582 6545 0 0 0
cpu29 13680876 4685 972890 418667880 41312 71652 7431 0 0 0
cpu30 13063315 5866 909750 419348571 41196 70087 6903 0 0 0
cpu31 13744638 1302 1036098 418547685 42339 70813 7226 0 0 0
## interrupts
            CPU0       CPU1       CPU2       CPU3       CPU4       CPU5       CPU6       CPU7       CPU8       CPU9       CPU10      CPU11      CPU12      CPU13      CPU14      CPU15      CPU16      CPU17      CPU18      CPU19      CPU20      CPU21      CPU22      CPU23      CPU24      CPU25      CPU26      CPU27      CPU28      CPU29      CPU30      CPU31      
 LOC:  509040794  470320235  440891801  435874046  418100877  582159005  916522389 3326812378  220150996  157536378  176427197  179293136  150899810  143514820  152841504  170174778  115438833  109855823  112778346  106578627   97638170  120886900  108110231  104138542  183154002  193795513  186191982  186902323  183064983  189368696  180154071  188386898   Local timer interrupts
 RES:     133802      74614      69019      60583      51204      46525       9765      11532      77638      16935      14727      12688      11817      11468      11514      11581       7263      11527      10060       8971       8744       6898       7087       6473       9430       9163       8672       8471       9060       8719       8180       8977   Rescheduling interrupts
 CAL: 1434347511 1108158268 1135913575 1115279046 1000198455  945260272   99203843   37225094   37253083   28507975   25915077   23819319   22594749   21173985   21574080   22110479   21716940   17044503   16487329   16429191   16360397   16272517   15518919   15572432   29469052   30054918   31332212   32771818   33925231   35755819   35654061   35039723   Function call interrupts
 TLB:   41899853   45793686   46323403   46650064   46605972   45020682   34076738   34250540   28753184   28581582   27369424   25941101   24884003   23378224   23709294   24183044   22746649   19266319   18730537   18566792   18440003   18135786   15874525   15766652   31415332   31663626   32926122   34130884   35158307   36871298   36586174   35517026   TLB shootdowns
## cpuidle cpu estado tiempo_us entradas
cpu0 POLL 13954628 435192
cpu0 C1 2957986667 30328999
cpu0 C1E 25046330227 116078578
cpu0 C6 3900718998935 516677386
cpu1 POLL 5063949 139687
cpu1 C1 32130139 493430
cpu1 C1E 12596298177 74056686
cpu1 C6 3904927425959 151365429
cpu2 POLL 4527185 142561
cpu2 C1 47694789 533343
cpu2 C1E 11530445333 65174926
cpu2 C6 3920981597139 116504445
cpu3 POLL 4125491 112558
cpu3 C1 43783509 484164
cpu3 C1E 11372152394 59001527
cpu3 C6 3926356943347 110547381
cpu4 POLL 3847714 108666
cpu4 C1 50817750 498457
cpu4 C1E 11156531412 62760382
cpu4 C6 3951370371932 126368976
cpu5 POLL 4076420 118458
cpu5 C1 206356714 353746
cpu5 C1E 9943806383 64855482
cpu5 C6 3778532382023 89982046
cpu6 POLL 1112024860 135851792
cpu6 C1 14459687019 49279447
cpu6 C1E 163080767176 554731297
cpu6 C6 3781698903603 386552652
cpu7 POLL 29340678 742407
cpu7 C1 42805386 1946339
cpu7 C1E 424215123554 3170920732
cpu7 C6 3758110014813 87806355
cpu16 POLL 2077402 56849
cpu16 C1 77469489 196722
cpu16 C1E 7069877386 31259038
cpu16 C6 4258731622467 103232496
cpu17 POLL 1716374 47712
cpu17 C1 23709546 192069
cpu17 C1E 7081159034 28476209
cpu17 C6 4253089540028 88679359
cpu18 POLL 1435655 48024
cpu18 C1 27485218 198310
cpu18 C1E 6731048526 26017923
cpu18 C6 4248010170724 80215386
cpu19 POLL 1270524 43584
cpu19 C1 19429665 136545
cpu19 C1E 5885086757 19081365
cpu19 C6 4247896027683 111066140
cpu20 POLL 2155931 52898
cpu20 C1 14024738 167826
cpu20 C1E 6317395253 24969576
cpu20 C6 4262602415164 66214292
cpu21 POLL 2482172 57180
cpu21 C1 35790529 236953
cpu21 C1E 7326056784 32041703
cpu21 C6 4241341485498 66826262
cpu22 POLL 3787820 324450
cpu22 C1 108249593 249758
cpu22 C1E 7648069914 22947034
cpu22 C6 4251846720109 106439253
cpu23 POLL 3644693 225875
cpu23 C1 28254578 276046
cpu23 C1E 9506816713 34019825
cpu23 C6 4264479051825 80354619
## daemon hilo utime stime cpu
