## stat
cpu  506841479 220658 62956741 13292441598 1597139 3382798 814275 0 0 0
cpu0 36854473 37455 2630221 392948838 151031 271299 118509 0 0 0
cpu1 38581485 13577 2723091 391688296 148484 195290 36840 0 0 0
cpu2 37348870 5256 2504339 393226251 97585 191023 34315 0 0 0
cpu3 36980608 6201 2355053 393739843 102289 188224 31420 0 0 0
cpu4 34615215 9635 2228455 396239946 90053 182574 34543 0 0 0
cpu5 51747196 25654 2450056 378805204 118307 227943 41544 0 0 0
cpu6 12338124 2065 24834013 396105218 59100 146535 73469 0 0 0
cpu7 13321718 6850 900089 418417491 48499 265320 31870 0 0 0
cpu8 9817367 10098 1331516 421093536 50876 99675 69284 0 0 0
cpu9 9796156 4867 999403 422484342 42551 51344 21875 0 0 0
cpu10 11338714 6591 1077599 420919802 38358 56244 13368 0 0 0
cpu11 13215120 5285 1167401 418949646 44092 55456 27468 0 0 0
cpu12 10267332 669 928475 422167663 30724 52003 8039 0 0 0
cpu13 9832139 2370 949136 422589676 26365 49670 7657 0 0 0
cpu14 10298123 806 984355 421766475 49193 349452 7021 0 0 0
cpu15 11159244 1153 1293604 420892607 27597 62959 7460 0 0 0
cpu16 6074494 1932 610047 426635493 16072 52165 25990 0 0 0
cpu17 6603198 4854 669669 426057994 18226 50067 25720 0 0 0
cpu18 7063026 8264 751400 425515453 16675 50828 32786 0 0 0
cpu19 7009032 6245 809609 425449428 17905 82815 43427 0 0 0
cpu20 5529479 7364 904985 426926974 16203 41487 8517 0 0 0
cpu21 7695579 4845 747289 424899491 20313 49791 21027 0 0 0
cpu22 6637199 2448 739865 425983859 24154 30030 14706 0 0 0
cpu23 5141426 9625 801430 427422179 23754 31327 14891 0 0 0
cpu24 12487957 4116 911814 419934459 31289 65309 14604 0 0 0
cpu25 14433778 6367 891807 418003060 45273 65829 6739 0 0 0
cpu26 13301156 9770 957715 419073202 37341 72966 6531 0 0 0
cpu27 13606722 1251 975168 418767172 40876 63024 6534 0 0 0
cpu28 13257701 3180 910384 419166353 39091 69582 6545 0 0 0
cpu29 13680876 4685 972890 418670379 41312 71652 7431 0 0 0
cpu30 13063316 5866 909750 419351067 41196 70087 6903 0 0 0
cpu31 13744638 1302 1036098 418550185 42339 70813 7226 0 0 0
## interrupts
            CPU0       CPU1       CPU2       CPU3       CPU4       CPU5       CPU6       CPU7       CPU8       CPU9       CPU10      CPU11      CPU12      CPU13      CPU14      CPU15      CPU16      CPU17      CPU18      CPU19      CPU20      CPU21      CPU22      CPU23      CPU24      CPU25      CPU26      CPU27      CPU28      CPU29      CPU30      CPU31      
 LOC:  509061179  470340404  440911873  435894162  418121489  582179133  916534327 3326812385  220151166  157536746  176427318  179293280  150899816  143515515  152841510  170174809  115439275  109856281  112778633  106578900   97638473  120887294  108110273  104139302  183154014  193795526  186191992  186902331  183065012  189368737  180154820  188386906   Local timer interrupts
 RES:     133804      74618      69023      60587      51206      46529       9765      11532      77638      16940      14727      12688      11817      11468      11514      11581       7263      11527      10060       8971       8744       6898       7087       6474       9430       9163       8672       8471       9060       8719       8180       8977   Rescheduling interrupts
 CAL: 1434348390 1108158820 1135914403 1115279772 1000199319  945260963   99209731   37225099   37253083   28507980   25915081   23819323   22594753   21173989   21574084   22110483   21716946   17044510   16487333   16429195   16360401   16272521   15518923   15572437   29469056   30054922   31332216   32771822   33925235   35755823   35654065   35039727   Function call interrupts
 TLB:   41900711   45794197   46324225   46650785   46606830   45021367   34076738   34250540   28753184   28581582   27369424   25941101   24884003   23378224   23709294   24183044   22746649   19266319   18730537   18566792   18440003   18135786   15874525   15766652   31415332   31663626   32926122   34130884   35158307   36871298   36586174   35517026   TLB shootdowns
## cpuidle cpu estado tiempo_us entradas
cpu0 POLL 13954757 435194
cpu0 C1 2957986726 30329001
cpu0 C1E 25046444207 116078739
cpu0 C6 3900723815512 516677961
cpu1 POLL 5063949 139687
cpu1 C1 32130139 493430
cpu1 C1E 12596316032 74056706
cpu1 C6 3904932374066 151365703
cpu2 POLL 4527251 142562
cpu2 C1 47694789 533343
cpu2 C1E 11530491780 65174984
cpu2 C6 3920986519205 116504654
cpu3 POLL 4125491 112558
cpu3 C1 43783509 484164
cpu3 C1E 11372207145 59001617
cpu3 C6 3926361858695 110547746
cpu4 POLL 3847778 108667
cpu4 C1 50820374 498460
cpu4 C1E 11156605502 62760555
cpu4 C6 3951374751547 126369220
cpu5 POLL 4076420 118458
cpu5 C1 206356714 353746
cpu5 C1E 9943844398 64855537
cpu5 C6 3778537223808 89982271
cpu6 POLL 1112024860 135851792
cpu6 C1 14459687038 49279448
cpu6 C1E 163080837134 554731397
cpu6 C6 3781723486064 386583192
cpu7 POLL 29340678 742407
cpu7 C1 42805386 1946339
cpu7 C1E 424215123554 3170920732
cpu7 C6 3758135009245 87806881
cpu16 POLL 2077402 56849
cpu16 C1 77469489 196722
cpu16 C1E 7069934991 31259102
cpu16 C6 4258756547945 103233056
cpu17 POLL 1716374 47712
cpu17 C1 23709559 192072
cpu17 C1E 7081404608 28477030
cpu17 C6 4253114269643 88679753
cpu18 POLL 1435655 48024
cpu18 C1 27485218 198310
cpu18 C1E 6731098792 26017981
cpu18 C6 4248035105380 80215583
cpu19 POLL 1270524 43584
cpu19 C1 19429665 136545
cpu19 C1E 5885119843 19081405
cpu19 C6 4247920988510 111066290
cpu20 POLL 2155931 52898
cpu20 C1 14024738 167826
cpu20 C1E 6317424975 24969609
cpu20 C6 4262627381138 66214473
cpu21 POLL 2482172 57180
cpu21 C1 35790535 236954
cpu21 C1E 7326103495 32041783
cpu21 C6 4241366415977 66826551
cpu22 POLL 3787820 324450
cpu22 C1 108249593 249758
cpu22 C1E 7648133334 22947108
cpu22 C6 4251871622723 106451077
cpu23 POLL 3644693 225875
cpu23 C1 28254585 276047
cpu23 C1E 9506969636 34020075
cpu23 C6 4264503884948 80355720
## daemon hilo utime stime cpu
