## stat
cpu  1731823347 127832 73378355 34427093858 22047635 6640074 1775950 0 0 0
cpu0 17753534 2358 823632 328733334 214775 173502 699255 0 0 0
cpu1 33507443 221 1411029 313187083 307163 141427 96873 0 0 0
cpu2 19010186 4456 885165 328091421 364522 94775 205108 0 0 0
cpu3 31873409 226 1295051 315050669 281275 123425 47230 0 0 0
cpu4 38073943 213 1547664 308595592 283465 139254 25742 0 0 0
cpu5 32902946 223 1414229 313788869 409851 125025 25753 0 0 0
cpu6 30507125 3022 1254545 316493089 259349 113020 42645 0 0 0
cpu7 34961299 62 1378277 311770381 382854 123884 7995 0 0 0
cpu8 32116224 576 1291701 314909552 223637 117066 15679 0 0 0
cpu9 38918487 0 1513842 307864411 224129 138865 6858 0 0 0
cpu10 35461302 14 1476971 311255673 342847 127400 6778 0 0 0
cpu11 21964309 199 1013974 325306210 272800 88576 30338 0 0 0
cpu12 35750289 76 1594155 310837865 351305 131156 7025 0 0 0
cpu13 35044793 1714 1427140 311811455 229414 126214 6155 0 0 0
cpu14 36182097 30 1474121 310566280 311312 133106 6055 0 0 0
cpu15 19360035 1174 851528 328158584 237500 75239 5821 0 0 0
cpu16 31491431 13 1301282 315523948 111558 129399 105897 0 0 0
cpu17 22351581 282 883272 325140090 225359 78882 7195 0 0 0
cpu18 22945296 105 940848 324481551 201726 85117 23891 0 0 0
cpu19 24548873 69 1074884 322669894 294083 89848 5498 0 0 0
cpu20 17881269 849 837583 329610590 287084 68808 5216 0 0 0
cpu21 31096805 26 1210167 315885651 344213 117283 5825 0 0 0
cpu22 27428042 34 1214757 319615100 307721 103409 6334 0 0 0
cpu23 24722631 58 836121 322766399 262964 85885 6089 0 0 0
cpu24 26465267 73 1013210 320684196 405269 96773 6376 0 0 0
cpu25 23935090 762 1039554 323327590 275753 92436 6212 0 0 0
cpu26 14419198 9534 663636 333218060 314494 54145 6079 0 0 0
cpu27 30468576 5770 1271985 316536754 290995 104617 2897 0 0 0
cpu28 22808723 5017 1007519 324583173 197081 82627 2639 0 0 0
cpu29 26767220 753 1152444 320372264 298706 92902 2223 0 0 0
cpu30 21621002 213 1002705 325773645 214630 75545 2349 0 0 0
cpu31 31449437 59 1395535 315480160 234765 116247 2647 0 0 0
cpu32 29892815 45 1386591 317092564 198577 108713 2736 0 0 0
cpu33 34347928 1381 1335914 312616553 252246 120660 3076 0 0 0
cpu34 22610141 350 984320 324694227 312108 84799 2261 0 0 0
cpu35 23030705 1942 1056866 324218692 298523 81691 2106 0 0 0
cpu36 37157508 0 1718167 309359452 299808 135364 3286 0 0 0
cpu37 22350257 87 997635 324997386 260492 79906 2810 0 0 0
cpu38 27192734 293 1267644 319967014 152561 101109 2429 0 0 0
cpu39 26302671 148 1239290 320823370 218508 98220 2526 0 0 0
cpu40 18434515 1266 829492 329113855 244794 67692 2183 0 0 0
cpu41 28438643 498 1274589 318620936 239729 105106 2856 0 0 0
cpu42 26858702 2365 1220557 320381909 113628 102557 2401 0 0 0
cpu43 24775891 44 1102250 322461440 250500 94930 2031 0 0 0
cpu44 34570570 717 1551009 312086672 335906 127229 3170 0 0 0
cpu45 25913053 1863 1263951 321172726 234179 97857 2052 0 0 0
cpu46 20601745 25 927765 326919182 165137 76751 1729 0 0 0
cpu47 14719737 2 708364 333187199 25502 55123 1509 0 0 0
cpu48 21519258 11 928931 325959234 201072 79566 1825 0 0 0
cpu49 24994364 3417 958249 322507718 133159 88987 1880 0 0 0
cpu50 24842158 3220 1058046 322546258 139042 93086 2261 0 0 0
cpu51 26289034 8458 1099814 320900342 284312 98105 2541 0 0 0
cpu52 7936493 660 291652 340322306 92046 35575 10186 0 0 0
cpu53 1164794 151 63530 347367058 73668 15618 4565 0 0 0
cpu54 15498368 767 473600 332490863 144428 63815 10279 0 0 0
cpu55 1064042 665 60407 347406385 152342 10867 5402 0 0 0
cpu56 1882661 1304 95445 346623958 73991 15458 8092 0 0 0
cpu57 1981341 240 79816 346505813 98897 16858 13957 0 0 0
cpu58 2855834 1416 127340 345403313 276505 20341 4615 0 0 0
cpu59 968970 209 68496 347234308 127816 11525 9792 0 0 0
cpu60 3326182 67 113999 345099425 145353 13905 5328 0 0 0
cpu61 2860822 627 130058 345482808 213431 13755 3919 0 0 0
cpu62 5074903 153 112092 343183436 311729 17101 5370 0 0 0
cpu63 4193363 256 140815 344068064 211234 18183 73809 0 0 0
cpu64 4204395 1274 158734 344154513 115833 29127 34946 0 0 0
cpu65 3201696 113 128536 345134806 223836 14274 3994 0 0 0
cpu66 3415755 227 103110 345091207 81935 12882 3415 0 0 0
cpu67 3074259 2405 116104 345311232 179482 15451 4078 0 0 0
cpu68 3447037 93 135401 345025804 59918 20866 3727 0 0 0
cpu69 3706284 216 137177 344676892 163690 16379 5952 0 0 0
cpu70 785177 48 50675 347773963 63677 11531 10703 0 0 0
cpu71 6227656 830 186099 342073089 189324 22639 3982 0 0 0
cpu72 18699250 972 699717 328882088 339409 63984 5861 0 0 0
cpu73 7113982 26 213676 341171100 169317 28693 4919 0 0 0
cpu74 7209296 2561 213072 341008581 231343 26448 5377 0 0 0
cpu75 6031888 43 194861 342294860 150526 22726 5045 0 0 0
cpu76 5681949 43 228374 342650627 111588 24379 4003 0 0 0
cpu77 7335538 193 298017 340695908 330068 31242 6221 0 0 0
cpu78 10544608 4101 275101 337702822 146950 28905 1069 0 0 0
cpu79 6840585 7624 287773 341313603 230537 23982 1255 0 0 0
cpu80 5314195 8727 247983 342947911 164816 19781 1787 0 0 0
cpu81 7824906 4176 362074 340243870 238413 28343 1271 0 0 0
cpu82 6390159 842 313012 341800937 177284 22832 862 0 0 0
cpu83 7899570 980 324010 340225259 225696 27826 1083 0 0 0
cpu84 1865132 1470 87297 346609303 139976 7406 761 0 0 0
cpu85 697503 57 41064 347869729 62520 5081 2470 0 0 0
cpu86 7027970 147 301727 341208401 141396 25334 918 0 0 0
cpu87 7501077 1270 371575 340606328 194069 28159 985 0 0 0
cpu88 1421320 232 59359 346838333 160734 8102 5505 0 0 0
cpu89 8314523 708 325740 339882734 151699 27863 1175 0 0 0
cpu90 10458351 16 428129 337579401 198103 37066 1151 0 0 0
cpu91 8133759 20 396713 340002297 138742 30239 1182 0 0 0
cpu92 7939362 1673 354575 340234374 139473 28149 1975 0 0 0
cpu93 10179550 3293 483055 337652671 343967 37967 1120 0 0 0
cpu94 12101519 2640 446634 335847087 256323 42548 1370 0 0 0
cpu95 9373844 1421 442654 338659194 187292 35168 1420 0 0 0
cpu96 580415 2701 33306 347957447 97987 4618 2485 0 0 0
cpu97 9480062 1418 410681 338599937 175724 33379 1103 0 0 0
cpu98 8876067 2 386405 339296317 108438 32828 1090 0 0 0
cpu99 7655246 177 346290 340656308 19255 27058 932 0 0 0
cpu100 9440339 33 361427 338694271 173744 32882 986 0 0 0
cpu101 8948027 159 403775 339196444 118220 34705 1355 0 0 0
cpu102 9915684 1447 424081 338185198 138265 36330 1368 0 0 0
cpu103 9527297 2575 435090 338434959 264190 36544 1342 0 0 0
## interrupts
            CPU0       CPU1       CPU2       CPU3       CPU4       CPU5       CPU6       CPU7       CPU8       CPU9       CPU10      CPU11      CPU12      CPU13      CPU14      CPU15      CPU16      CPU17      CPU18      CPU19      CPU20      CPU21      CPU22      CPU23      CPU24      CPU25      CPU26      CPU27      CPU28      CPU29      CPU30      CPU31      CPU32      CPU33      CPU34      CPU35      CPU36      CPU37      CPU38      CPU39      CPU40      CPU41      CPU42      CPU43      CPU44      CPU45      CPU46      CPU47      CPU48      CPU49      CPU50      CPU51      CPU52      CPU53      CPU54      CPU55      CPU56      CPU57      CPU58      CPU59      CPU60      CPU61      CPU62      CPU63      CPU64      CPU65      CPU66      CPU67      CPU68      CPU69      CPU70      CPU71      CPU72      CPU73      CPU74      CPU75      CPU76      CPU77      CPU78      CPU79      CPU80      CPU81      CPU82      CPU83      CPU84      CPU85      CPU86      CPU87      CPU88      CPU89      CPU90      CPU91      CPU92      CPU93      CPU94      CPU95      CPU96      CPU97      CPU98      CPU99      CPU100     CPU101     CPU102     CPU103     
 LOC:  443488970  392490619  267027189  350889512  407840457  358434307  337438989  373590278  344833727  412347928  376903583  248496478  379310420  371151193  382105917  208205749  342874490  240613450  252891367  263986524  193957995  335826686  295467684  266725015  288491247  260696286  157618056  321727134  241639276  282784999  230120024  332083149  316549759  360670661  239322419  243998028  392363836  236917159  287856158  278984676  195808421  300462773  285606971  262948196  365006817  275060676  218385986  157503513  227521952  263152821  263759039  278068447   92187218   27194879  172317460   20771072   27725870   31415307   44488382   22155737   39462560   35505832   57694093   51848568   49658315   38396636   39407717   40053755   47927450   43587385   15153627   70603110  199183489   79287653   81886929   68815949   65438593   83651905  111464989   74420743   58817281   84818156   69696962   84961083   22467109   12358660   76084716   81579970   21755021   89249026  111674516   88269362   86693037  109750782  129795241  101744846   11512959  101783043   96080876   82955014  101275842   96900984  106557838  102772053   Local timer interrupts
 RES:       7694      15157      12559      13358       9566      11006      11748      11464       9338      13535       8317      12513      12746      12142      11933      10823      10966       7854      10219      11692      11389      11027      11916       9710      12291       7533        387        422        542        570        624        334        288       2237        471        242        920       1936        217        286        202        167        142        276        207        284        746        193        390        286        173        139       7144      10833      20486      12573       8187       9479      10892      10356       7868      12211       7877      11720      11892      11576      11064      10044      17731       8929       8691      11186      10419      10699      11852       9610      11241       7541        287        277        415        390        388        311       2370        327        436        398        494        406        439        471        350        296        293        447        368        410       1201        493        450        526        431        456   Rescheduling interrupts
 CAL:   93918568   13668741   25032514    7125511    3770884    4540694    6873837    2100720    3197035    1761019    1954523    4963321    1705441    1548236    1601203    1600539    1672347    1640232    3876100    1645074    1743578    1729252    1594162    1755262    1746587    1754005    2268481    2268202    2193698    2118337    1971008    1997159    1969110    1971478    1857585    1850242    1744745    1734032    1642058    1708770    1672609    1862002    1531320    1607164    1512715    1556789    1407568    1530034    1503474    1469752    1477846    1420492    1708158    1417493    1829383    1638919    1718962    1696295    1689241    1330521    1529176    1614381    1534886    1537517    1598742    1533088    1424427    1519311    1620563    1712621    1595825    1595703    1618841    1730432    1689285    1460968    1504411    1882665    1684418    1725267    1574292    1680032    1566522    1563447    1597480    1402238    1629342    1515556    1325902    1592004    1645934    1622096    1640564    1891837    1660101    1652015    1475329    1633082    1701797    1722505    1698774    1678632    1607744    1770223   Function call interrupts
 TLB:    2087917    2175684    1798700    1935606    1816028    1806769    1822052    1842268    1721286    1578289    1414428    1521004    1527781    1471889    1518907    1337842    1383428    1473578    1627542    1482183    1422855    1458474    1437311    1439265    1455900    1598504    1968329    1997409    2026781    1839950    1801427    1817147    1791890    1757715    1528108    1556170    1527257    1479144    1434111    1514321    1462067    1538868    1362618    1436221    1355145    1376175    1282286    1417047    1398878    1340392    1345253    1228120    1510551    1217916    1459001    1326328    1488160    1385297    1467995    1330017    1307844    1357234    1297083    1409883    1310339    1387736    1275824    1321866    1449045    1539601    1317866    1413774    1412067    1360045    1490047    1266736    1220079    1377315    1498550    1448486    1403928    1401382    1389795    1399948    1405100    1256984    1380434    1333911    1265023    1417106    1403087    1404809    1422785    1577464    1431561    1427128    1268278    1371857    1495458    1521008    1498558    1385823    1348025    1504925   TLB shootdowns
## cpuidle cpu estado tiempo_us entradas
cpu0 POLL 2645923 78570
cpu0 C1 1615157250 288438
cpu0 C1E 2143345699 4386394
cpu0 C6 3283989249703 347472943
cpu1 POLL 1205161 29984
cpu1 C1 963115557 306221
cpu1 C1E 1472858974 7001584
cpu1 C6 3132197437817 54745220
cpu2 POLL 1786767 86382
cpu2 C1 38118133645 546216
cpu2 C1E 1331794928 7236071
cpu2 C6 3244641071438 96091092
cpu3 POLL 825684 25828
cpu3 C1 3982719324 272672
cpu3 C1E 704583475 4704955
cpu3 C6 3148492360874 25896689
cpu4 POLL 629386 17826
cpu4 C1 891020880 252780
cpu4 C1E 557346430 4158722
cpu4 C6 3087244752000 18220517
cpu5 POLL 725291 22364
cpu5 C1 874062803 226277
cpu5 C1E 459406115 3233654
cpu5 C6 3140540357674 21295753
cpu6 POLL 442339 14123
cpu6 C1 1724406654 152870
cpu6 C1E 379794518 2666709
cpu6 C6 3165281918935 24852318
cpu7 POLL 622415 28734
cpu7 C1 1409008653 206491
cpu7 C1E 392485110 2861744
cpu7 C6 3119683917722 12582123
cpu16 POLL 1823178 38034
cpu16 C1 969632125 247510
cpu16 C1E 4740438158 33452111
cpu16 C6 3150301912696 87615669
cpu17 POLL 687363 19164
cpu17 C1 1341068615 176105
cpu17 C1E 1756470178 10156120
cpu17 C6 3250513331002 10981236
cpu18 POLL 793828 27341
cpu18 C1 83486975 182483
cpu18 C1E 1722080893 9860502
cpu18 C6 3244898056595 23626872
cpu19 POLL 721992 20188
cpu19 C1 2285461264 183808
cpu19 C1E 1469729718 8543496
cpu19 C6 3225853048432 9361889
cpu20 POLL 516031 16308
cpu20 C1 1544055224 153208
cpu20 C1E 701279957 4835457
cpu20 C6 3296692404504 9710726
cpu21 POLL 490691 13981
cpu21 C1 1238386647 133290
cpu21 C1E 724247612 4456812
cpu21 C6 3160249301428 16373267
cpu22 POLL 512740 16544
cpu22 C1 947096326 148678
cpu22 C1E 719836303 4421513
cpu22 C6 3197501529021 12584794
cpu23 POLL 545784 15189
cpu23 C1 1429273561 126659
cpu23 C1E 747427496 4377804
cpu23 C6 3228051926439 13566889
## daemon hilo utime stime cpu
