## stat
cpu  1731823280 127832 73378277 34426467196 22047629 6640007 1775937 0 0 0
cpu0 17753534 2358 823632 328727306 214775 173502 699255 0 0 0
cpu1 33507443 221 1411029 313181055 307163 141427 96873 0 0 0
cpu2 19010186 4456 885165 328085393 364522 94775 205108 0 0 0
cpu3 31873409 226 1295051 315044640 281275 123425 47230 0 0 0
cpu4 38073943 213 1547664 308589564 283465 139254 25742 0 0 0
cpu5 32902946 223 1414229 313782840 409851 125025 25753 0 0 0
cpu6 30507087 3022 1254494 316487257 259349 112960 42636 0 0 0
cpu7 34961299 62 1378277 311764353 382854 123884 7995 0 0 0
cpu8 32116224 576 1291701 314903524 223637 117066 15679 0 0 0
cpu9 38918487 0 1513842 307858383 224129 138865 6857 0 0 0
cpu10 35461302 14 1476971 311249644 342847 127400 6778 0 0 0
cpu11 21964309 199 1013974 325300182 272800 88576 30338 0 0 0
cpu12 35750289 76 1594155 310831837 351305 131156 7025 0 0 0
cpu13 35044793 1714 1427140 311805426 229414 126214 6155 0 0 0
cpu14 36182097 30 1474121 310560252 311312 133106 6055 0 0 0
cpu15 19360035 1174 851528 328152557 237500 75238 5821 0 0 0
cpu16 31491431 13 1301282 315517920 111558 129399 105896 0 0 0
cpu17 22351581 282 883272 325134063 225359 78881 7195 0 0 0
cpu18 22945293 105 940847 324475530 201726 85116 23891 0 0 0
cpu19 24548873 69 1074884 322663866 294083 89848 5498 0 0 0
cpu20 17881269 849 837583 329604562 287084 68808 5216 0 0 0
cpu21 31096805 26 1210167 315879622 344213 117283 5825 0 0 0
cpu22 27428042 34 1214757 319609072 307721 103409 6334 0 0 0
cpu23 24722631 58 836121 322760371 262964 85885 6089 0 0 0
cpu24 26465267 73 1013210 320678168 405269 96773 6376 0 0 0
cpu25 23935090 762 1039554 323321561 275753 92436 6212 0 0 0
cpu26 14419198 9534 663636 333212032 314494 54145 6079 0 0 0
cpu27 30468576 5770 1271985 316530726 290995 104617 2897 0 0 0
cpu28 22808723 5017 1007519 324577145 197081 82627 2639 0 0 0
cpu29 26767220 753 1152444 320366236 298706 92902 2223 0 0 0
cpu30 21621001 213 1002703 325767620 214630 75545 2349 0 0 0
cpu31 31449437 59 1395535 315474132 234765 116247 2647 0 0 0
cpu32 29892815 45 1386591 317086536 198577 108713 2736 0 0 0
cpu33 34347928 1381 1335914 312610525 252246 120660 3076 0 0 0
cpu34 22610141 350 984320 324688199 312108 84799 2261 0 0 0
cpu35 23030705 1942 1056866 324212663 298523 81691 2106 0 0 0
cpu36 37157508 0 1718167 309353424 299808 135364 3286 0 0 0
cpu37 22350257 87 997635 324991358 260492 79906 2810 0 0 0
cpu38 27192734 293 1267644 319960985 152561 101109 2429 0 0 0
cpu39 26302671 148 1239290 320817342 218508 98220 2526 0 0 0
cpu40 18434515 1266 829492 329107827 244794 67692 2183 0 0 0
cpu41 28438643 498 1274589 318614908 239729 105106 2856 0 0 0
cpu42 26858702 2365 1220557 320375881 113628 102557 2401 0 0 0
cpu43 24775891 44 1102250 322455412 250500 94930 2031 0 0 0
cpu44 34570570 717 1551009 312080644 335906 127229 3170 0 0 0
cpu45 25913053 1863 1263951 321166698 234179 97857 2052 0 0 0
cpu46 20601744 25 927764 326913155 165137 76751 1729 0 0 0
cpu47 14719737 2 708364 333181171 25502 55123 1509 0 0 0
cpu48 21519258 11 928931 325953206 201072 79566 1825 0 0 0
cpu49 24994364 3417 958249 322501690 133159 88987 1880 0 0 0
cpu50 24842158 3220 1058046 322540230 139042 93086 2261 0 0 0
cpu51 26289034 8458 1099814 320894314 284312 98105 2541 0 0 0
cpu52 7936493 660 291652 340316277 92046 35575 10186 0 0 0
cpu53 1164794 151 63530 347361030 73668 15618 4565 0 0 0
cpu54 15498365 767 473597 332484842 144428 63813 10279 0 0 0
cpu55 1064042 665 60407 347400356 152342 10867 5402 0 0 0
cpu56 1882661 1304 95445 346617929 73991 15458 8092 0 0 0
cpu57 1981341 240 79816 346499784 98897 16858 13957 0 0 0
cpu58 2855834 1416 127340 345397285 276505 20341 4615 0 0 0
cpu59 968970 209 68496 347228280 127816 11525 9792 0 0 0
cpu60 3326182 67 113999 345093397 145353 13905 5328 0 0 0
cpu61 2860822 627 130058 345476780 213431 13755 3919 0 0 0
cpu62 5074903 153 112092 343177408 311729 17101 5370 0 0 0
cpu63 4193363 256 140815 344062037 211234 18183 73808 0 0 0
cpu64 4204395 1274 158734 344148485 115833 29127 34946 0 0 0
cpu65 3201696 113 128536 345128778 223836 14274 3994 0 0 0
cpu66 3415755 227 103110 345085178 81935 12882 3415 0 0 0
cpu67 3074259 2405 116104 345305204 179482 15451 4078 0 0 0
cpu68 3447037 93 135401 345019776 59918 20866 3727 0 0 0
cpu69 3706284 216 137177 344670863 163690 16379 5952 0 0 0
cpu70 785177 48 50675 347767936 63677 11531 10703 0 0 0
cpu71 6227656 830 186099 342067061 189324 22639 3982 0 0 0
cpu72 18699250 972 699717 328876059 339409 63984 5861 0 0 0
cpu73 7113982 26 213676 341165072 169317 28693 4919 0 0 0
cpu74 7209296 2561 213072 341002553 231343 26448 5377 0 0 0
cpu75 6031888 43 194861 342288831 150526 22726 5045 0 0 0
cpu76 5681949 43 228374 342644598 111588 24379 4003 0 0 0
cpu77 7335538 193 298017 340689880 330068 31242 6221 0 0 0
cpu78 10544608 4101 275101 337696794 146950 28905 1069 0 0 0
cpu79 6840585 7624 287773 341307574 230537 23982 1255 0 0 0
cpu80 5314195 8727 247981 342941885 164816 19781 1787 0 0 0
cpu81 7824905 4176 362073 340237845 238412 28343 1271 0 0 0
cpu82 6390159 842 313012 341794909 177284 22832 862 0 0 0
cpu83 7899570 980 324007 340219235 225696 27826 1082 0 0 0
cpu84 1865132 1470 87296 346603277 139976 7406 761 0 0 0
cpu85 697503 57 41062 347863705 62519 5081 2469 0 0 0
cpu86 7027970 147 301726 341202374 141396 25333 918 0 0 0
cpu87 7501076 1270 371574 340600302 194068 28159 985 0 0 0
cpu88 1421320 232 59358 346832321 160733 8102 5504 0 0 0
cpu89 8314522 708 325738 339876709 151698 27863 1175 0 0 0
cpu90 10458351 16 428129 337573373 198103 37065 1151 0 0 0
cpu91 8133759 20 396713 339996270 138742 30239 1182 0 0 0
cpu92 7939362 1673 354575 340228346 139473 28149 1975 0 0 0
cpu93 10179549 3293 483055 337646643 343967 37967 1120 0 0 0
cpu94 12101519 2640 446633 335841059 256323 42548 1370 0 0 0
cpu95 9373844 1421 442654 338653165 187292 35168 1420 0 0 0
cpu96 580398 2701 33305 347951437 97987 4618 2485 0 0 0
cpu97 9480062 1418 410681 338593909 175724 33379 1103 0 0 0
cpu98 8876067 2 386405 339290289 108438 32828 1090 0 0 0
cpu99 7655246 177 346290 340650280 19255 27058 932 0 0 0
cpu100 9440339 33 361425 338688245 173744 32882 986 0 0 0
cpu101 8948027 159 403775 339190416 118220 34705 1355 0 0 0
cpu102 9915684 1447 424081 338179170 138265 36330 1368 0 0 0
cpu103 9527297 2575 435090 338428930 264190 36544 1342 0 0 0
## interrupts
            CPU0       CPU1       CPU2       CPU3       CPU4       CPU5       CPU6       CPU7       CPU8       CPU9       CPU10      CPU11      CPU12      CPU13      CPU14      CPU15      CPU16      CPU17      CPU18      CPU19      CPU20      CPU21      CPU22      CPU23      CPU24      CPU25      CPU26      CPU27      CPU28      CPU29      CPU30      CPU31      CPU32      CPU33      CPU34      CPU35      CPU36      CPU37      CPU38      CPU39      CPU40      CPU41      CPU42      CPU43      CPU44      CPU45      CPU46      CPU47      CPU48      CPU49      CPU50      CPU51      CPU52      CPU53      CPU54      CPU55      CPU56      CPU57      CPU58      CPU59      CPU60      CPU61      CPU62      CPU63      CPU64      CPU65      CPU66      CPU67      CPU68      CPU69      CPU70      CPU71      CPU72      CPU73      CPU74      CPU75      CPU76      CPU77      CPU78      CPU79      CPU80      CPU81      CPU82      CPU83      CPU84      CPU85      CPU86      CPU87      CPU88      CPU89      CPU90      CPU91      CPU92      CPU93      CPU94      CPU95      CPU96      CPU97      CPU98      CPU99      CPU100     CPU101     CPU102     CPU103     
 LOC:  443488807  392490589  267027021  350889470  407840427  358434277  337340269  373590248  344833697  412347898  376903553  248496425  379310339  371151160  382105887  208205628  342874237  240613093  252889723  263986494  193957963  335826656  295467654  266724985  288491218  260696256  157617941  321727051  241639232  282784969  230119691  332083119  316549729  360670631  239322389  243997998  392363806  236917126  287856128  278984646  195808333  300462534  285606941  262948145  365006787  275060613  218385873  157503483  227521922  263152791  263759000  278068410   92187088   27194849  172315820   20771042   27725840   31415277   44488348   22155704   39462528   35505802   57694063   51848446   49658285   38396606   39407685   40053725   47927420   43587303   15153505   70603018  199183459   79287489   81886899   68815919   65438563   83651875  111464932   74420705   58816928   84817898   69696930   84960772   22466841   12358381   76084497   81579744   21754551   89248790  111674361   88269257   86692925  109750642  129795091  101744815   11512641  101783013   96080815   82954922  101275721   96900899  106557808  102772023   Local timer interrupts
 RES:       7694      15157      12559      13358       9566      11006      11748      11464       9338      13535       8317      12513      12746      12142      11933      10823      10966       7854      10219      11692      11389      11027      11916       9710      12291       7533        387        422        542        570        624        334        288       2237        471        242        920       1936        217        286        202        167        142        276        207        284        746        193        390        286        173        139       7144      10833      20486      12573       8187       9479      10892      10356       7868      12211       7877      11720      11892      11576      11064      10044      17731       8929       8691      11186      10419      10699      11852       9610      11241       7541        287        277        415        390        388        311       2370        327        436        398        493        405        439        471        350        296        293        447        367        410       1201        493        450        526        431        456   Rescheduling interrupts
 CAL:   93918536   13668733   25032506    7125503    3770876    4540686    6873829    2100712    3197027    1761011    1954515    4963313    1705433    1548228    1601195    1600531    1672339    1640223    3876092    1645066    1743570    1729244    1594154    1755254    1746579    1753997    2268473    2268187    2193690    2118329    1970994    1997151    1969102    1971470    1857577    1850234    1744737    1734024    1642050    1708762    1672601    1861993    1531312    1607156    1512707    1556781    1407560    1530026    1503466    1469744    1477833    1420484    1708150    1417485    1829375    1638911    1718954    1696287    1689233    1330513    1529168    1614373    1534878    1537509    1598734    1533080    1424419    1519303    1620555    1712613    1595782    1595692    1618833    1730423    1689277    1460960    1504403    1882657    1684410    1725259    1574280    1680024    1566514    1563439    1597472    1402229    1629333    1515548    1325902    1591996    1645926    1622088    1640556    1891829    1660069    1652007    1475321    1633074    1701789    1722497    1698766    1678624    1607736    1770215   Function call interrupts
 TLB:    2087917    2175684    1798700    1935606    1816028    1806769    1822052    1842268    1721286    1578289    1414428    1521004    1527781    1471889    1518907    1337842    1383428    1473578    1627542    1482183    1422855    1458474    1437311    1439265    1455900    1598504    1968329    1997402    2026781    1839950    1801421    1817147    1791890    1757715    1528108    1556170    1527257    1479144    1434111    1514321    1462067    1538868    1362618    1436221    1355145    1376175    1282286    1417047    1398878    1340392    1345248    1228120    1510551    1217916    1459001    1326328    1488160    1385297    1467995    1330017    1307844    1357234    1297083    1409883    1310339    1387736    1275824    1321866    1449045    1539601    1317830    1413772    1412067    1360045    1490047    1266736    1220079    1377315    1498550    1448486    1403928    1401382    1389795    1399948    1405100    1256984    1380434    1333911    1265023    1417106    1403087    1404809    1422785    1577464    1431537    1427128    1268278    1371857    1495458    1521008    1498558    1385823    1348025    1504925   TLB shootdowns
## cpuidle cpu estado tiempo_us entradas
cpu0 POLL 2645923 78570
cpu0 C1 1615157182 288436
cpu0 C1E 2143342928 4386381
cpu0 C6 3283928981326 347472490
cpu1 POLL 1205161 29984
cpu1 C1 963115557 306221
cpu1 C1E 1472858598 7001569
cpu1 C6 3132135223254 54745187
cpu2 POLL 1786610 86376
cpu2 C1 38115805597 546208
cpu2 C1E 1331792072 7236052
cpu2 C6 3244583040915 96090642
cpu3 POLL 825684 25828
cpu3 C1 3982719291 272670
cpu3 C1E 704583197 4704941
cpu3 C6 3148432906248 25896617
cpu4 POLL 629386 17826
cpu4 C1 891020880 252780
cpu4 C1E 557346068 4158708
cpu4 C6 3087184152043 18220459
cpu5 POLL 725291 22364
cpu5 C1 874062803 226277
cpu5 C1E 459405731 3233639
cpu5 C6 3140480326411 21295697
cpu6 POLL 440314 14093
cpu6 C1 1724286716 152737
cpu6 C1E 363411567 2616173
cpu6 C6 3165240580658 24803595
cpu7 POLL 622415 28734
cpu7 C1 1409008653 206491
cpu7 C1E 392484692 2861729
cpu7 C6 3119621966624 12582062
cpu16 POLL 1823178 38034
cpu16 C1 969632101 247508
cpu16 C1E 4740361562 33451893
cpu16 C6 3150241716837 87615355
cpu17 POLL 687363 19164
cpu17 C1 1341068495 176094
cpu17 C1E 1756463046 10156095
cpu17 C6 3250453327346 10981018
cpu18 POLL 793828 27341
cpu18 C1 83485531 182481
cpu18 C1E 1722036952 9860380
cpu18 C6 3244837861262 23625043
cpu19 POLL 721992 20188
cpu19 C1 2285461264 183808
cpu19 C1E 1469729342 8543481
cpu19 C6 3225791961868 9361865
cpu20 POLL 516031 16308
cpu20 C1 1544055224 153208
cpu20 C1E 701279592 4835442
cpu20 C6 3296631165691 9710666
cpu21 POLL 490691 13981
cpu21 C1 1238386647 133290
cpu21 C1E 724247240 4456797
cpu21 C6 3160189008343 16373200
cpu22 POLL 512740 16544
cpu22 C1 947096326 148678
cpu22 C1E 719835918 4421498
cpu22 C6 3197441497802 12584737
cpu23 POLL 545784 15189
cpu23 C1 1429273561 126659
cpu23 C1E 747427120 4377789
cpu23 C6 3227991959411 13566834
## daemon hilo utime stime cpu
