## stat
cpu  506974762 220658 62960731 13294261220 1597430 3383841 814481 0 0 0
cpu0 36876737 37455 2630350 392987520 151047 271390 118516 0 0 0
cpu1 38603635 13577 2723179 391727147 148491 195380 36844 0 0 0
cpu2 37370955 5256 2504477 393265118 97594 191113 34318 0 0 0
cpu3 37002685 6201 2355160 393778724 102300 188318 31436 0 0 0
cpu4 34637262 9635 2228532 396278920 90058 182664 34544 0 0 0
cpu5 51769171 25654 2450170 378844216 118311 228031 41546 0 0 0
cpu6 12338184 2065 24836560 396164685 59104 146733 73544 0 0 0
cpu7 13321729 6850 900106 418478409 48521 265363 31891 0 0 0
cpu8 9817390 10098 1331557 421154489 50886 99692 69301 0 0 0
cpu9 9796279 4867 999497 422545232 42575 51373 21881 0 0 0
cpu10 11338854 6591 1077687 420980683 38381 56267 13376 0 0 0
cpu11 13215126 5285 1167423 419010801 44094 55457 27474 0 0 0
cpu12 10267338 669 928490 422228828 30726 52004 8040 0 0 0
cpu13 9832165 2370 949178 422650772 26376 49678 7659 0 0 0
cpu14 10298127 806 984366 421827653 49194 349452 7022 0 0 0
cpu15 11159248 1153 1293614 420953784 27599 62959 7461 0 0 0
cpu16 6074496 1932 610052 426696666 16074 52167 25993 0 0 0
cpu17 6603205 4854 669681 426119049 18234 50083 25724 0 0 0
cpu18 7063040 8264 751416 425576602 16678 50833 32789 0 0 0
cpu19 7009047 6245 809625 425510388 17917 82844 43427 0 0 0
cpu20 5529482 7364 904999 426988142 16206 41489 8518 0 0 0
cpu21 7695586 4845 747307 424960651 20317 49793 21028 0 0 0
cpu22 6637223 2448 739877 426044966 24164 30040 14708 0 0 0
cpu23 5141434 9625 801458 427483295 23758 31337 14895 0 0 0
cpu24 12487958 4116 911817 419995649 31289 65309 14604 0 0 0
cpu25 14433783 6367 891812 418064242 45274 65829 6739 0 0 0
cpu26 13301161 9770 957728 419134374 37344 72966 6532 0 0 0
cpu27 13606768 1251 975246 418828090 40901 63064 6538 0 0 0
cpu28 13257722 3180 910439 419227410 39110 69592 6548 0 0 0
cpu29 13680898 4685 972925 418731503 41318 71655 7433 0 0 0
cpu30 13063395 5866 909827 419412048 41210 70106 6907 0 0 0
cpu31 13744662 1302 1036160 418611149 42365 70842 7230 0 0 0
## interrupts
            CPU0       CPU1       CPU2       CPU3       CPU4       CPU5       CPU6       CPU7       CPU8       CPU9       CPU10      CPU11      CPU12      CPU13      CPU14      CPU15      CPU16      CPU17      CPU18      CPU19      CPU20      CPU21      CPU22      CPU23      CPU24      CPU25      CPU26      CPU27      CPU28      CPU29      CPU30      CPU31      
 LOC:  509296251  470583503  441139782  436149204  418346078  582402802  917164486 3327341126  220192719  157746031  176472254  179296870  150902318  143530994  152843166  170175907  115444790  109977225  112790115  106849724   97645310  120894961  108215117  104256377  183154553  193796801  186193552  187454020  183211897  189374431  180216449  188867998   Local timer interrupts
 RES:     133852      74668      69101      60635      51246      46566       9767      11536      77647      17023      14786      12721      11901      11479      11557      11582       7263      11568      10061       8974       8767       6964       7096       6492       9430       9163       8672       8477       9083       8736       8242       9000   Rescheduling interrupts
 CAL: 1435521566 1109320412 1137082376 1116443479 1001358749  946419563   99238792   37234857   37255655   28508227   25915298   23819510   22594961   21174164   21574276   22110657   21717134   17044767   16487509   16429402   16360613   16272744   15519133   15572647   29469229   30055121   31332388   32772008   33925444   35756003   35654260   35039934   Function call interrupts
 TLB:   41909937   45802299   46333076   46658685   46614705   45029388   34076766   34250543   28753184   28581582   27369428   25941101   24884003   23378224   23709294   24183044   22746649   19266319   18730537   18566792   18440003   18135786   15874525   15766652   31415332   31663626   32926122   34130884   35158307   36871298   36586174   35517026   TLB shootdowns
## cpuidle cpu estado tiempo_us entradas
cpu0 POLL 13955015 435198
cpu0 C1 2959459262 30329030
cpu0 C1E 25049472354 116084903
cpu0 C6 3901106199681 516696344
cpu1 POLL 5064535 139697
cpu1 C1 32131246 493444
cpu1 C1E 12600334180 74074621
cpu1 C6 3905316891865 151375535
cpu2 POLL 4527380 142564
cpu2 C1 47695307 533358
cpu2 C1E 11532753738 65178915
cpu2 C6 3921372977533 116512883
cpu3 POLL 4126018 112568
cpu3 C1 43786496 484229
cpu3 C1E 11378142400 59034539
cpu3 C6 3926744751418 110566927
cpu4 POLL 3847778 108667
cpu4 C1 50820662 498466
cpu4 C1E 11157665617 62762021
cpu4 C6 3951763490028 126375339
cpu5 POLL 4076420 118458
cpu5 C1 206358751 353749
cpu5 C1E 9944575836 64856457
cpu5 C6 3778926669731 89987558
cpu6 POLL 1112026881 135851831
cpu6 C1 14459704671 49279646
cpu6 C1E 163290091378 555182012
cpu6 C6 3782107112384 386913440
cpu7 POLL 29345760 742487
cpu7 C1 42809539 1946865
cpu7 C1E 424284348873 3171429486
cpu7 C6 3758674550686 87889402
cpu16 POLL 2077695 56874
cpu16 C1 77469887 196751
cpu16 C1E 7070452372 31259749
cpu16 C6 4259367704395 103244940
cpu17 POLL 1718404 47751
cpu17 C1 23713001 192185
cpu17 C1E 7099112997 28599948
cpu17 C6 4253706979553 88696253
cpu18 POLL 1435873 48029
cpu18 C1 27490361 198326
cpu18 C1E 6733553224 26023413
cpu18 C6 4248644071381 80227228
cpu19 POLL 1275035 43654
cpu19 C1 19436258 136709
cpu19 C1E 5921379669 19351238
cpu19 C6 4248494105093 111070780
cpu20 POLL 2156734 52911
cpu20 C1 14025260 167843
cpu20 C1E 6320292550 24974034
cpu20 C6 4263236149177 66223558
cpu21 POLL 2482474 57188
cpu21 C1 35790671 236965
cpu21 C1E 7329843753 32048180
cpu21 C6 4241974252345 66835481
cpu22 POLL 3789162 324476
cpu22 C1 108253192 249825
cpu22 C1E 7663800237 23046024
cpu22 C6 4252466358899 106604830
cpu23 POLL 3647456 225921
cpu23 C1 28256369 276226
cpu23 C1E 9524363555 34132783
cpu23 C6 4265097477712 80386838
## daemon hilo utime stime cpu
