## stat
cpu  506974774 220658 62960754 13294454090 1597436 3383846 814484 0 0 0
cpu0 36876738 37455 2630351 392993547 151047 271390 118516 0 0 0
cpu1 38603635 13577 2723180 391733175 148492 195380 36844 0 0 0
cpu2 37370955 5256 2504477 393271147 97594 191113 34318 0 0 0
cpu3 37002685 6201 2355160 393784753 102300 188318 31436 0 0 0
cpu4 34637262 9635 2228532 396284949 90058 182664 34544 0 0 0
cpu5 51769171 25654 2450170 378850245 118311 228031 41546 0 0 0
cpu6 12338185 2065 24836561 396170712 59104 146733 73545 0 0 0
cpu7 13321729 6850 900106 418484439 48521 265363 31891 0 0 0
cpu8 9817391 10098 1331559 421160502 50886 99693 69301 0 0 0
cpu9 9796280 4867 999498 422551258 42575 51373 21881 0 0 0
cpu10 11338854 6591 1077687 420986712 38381 56267 13376 0 0 0
cpu11 13215127 5285 1167423 419016828 44094 55458 27475 0 0 0
cpu12 10267338 669 928490 422234858 30726 52004 8040 0 0 0
cpu13 9832167 2370 949180 422656793 26376 49679 7659 0 0 0
cpu14 10298127 806 984366 421833682 49194 349452 7022 0 0 0
cpu15 11159248 1153 1293614 420959813 27599 62959 7461 0 0 0
cpu16 6074496 1932 610052 426702695 16074 52168 25993 0 0 0
cpu17 6603205 4854 669681 426125078 18234 50083 25724 0 0 0
cpu18 7063040 8264 751417 425582631 16678 50833 32789 0 0 0
cpu19 7009047 6245 809626 425516416 17917 82844 43428 0 0 0
cpu20 5529482 7364 904999 426994171 16206 41489 8519 0 0 0
cpu21 7695586 4845 747308 424966679 20317 49793 21028 0 0 0
cpu22 6637223 2448 739877 426050995 24164 30040 14708 0 0 0
cpu23 5141434 9625 801459 427489321 23758 31337 14895 0 0 0
cpu24 12487958 4116 911817 420001679 31289 65309 14604 0 0 0
cpu25 14433783 6367 891813 418070270 45275 65829 6739 0 0 0
cpu26 13301161 9770 957728 419140403 37344 72966 6532 0 0 0
cpu27 13606771 1251 975249 418834110 40901 63066 6538 0 0 0
cpu28 13257723 3180 910441 419233436 39111 69592 6548 0 0 0
cpu29 13680898 4685 972926 418737530 41319 71655 7433 0 0 0
cpu30 13063396 5866 909829 419418076 41210 70106 6907 0 0 0
cpu31 13744663 1302 1036163 418617173 42366 70842 7230 0 0 0
## interrupts
            CPU0       CPU1       CPU2       CPU3       CPU4       CPU5       CPU6       CPU7       CPU8       CPU9       CPU10      CPU11      CPU12      CPU13      CPU14      CPU15      CPU16      CPU17      CPU18      CPU19      CPU20      CPU21      CPU22      CPU23      CPU24      CPU25      CPU26      CPU27      CPU28      CPU29      CPU30      CPU31      
 LOC:  509296484  470583654  441139897  436149306  418346093  582402817  917164649 3327341142  220193306  157746296  176472320  179297109  150902345  143532669  152843184  170175931  115444977  109977240  112790436  106850054   97645440  120895114  108215204  104256660  183154582  193796967  186193598  187455843  183212154  189374659  180216703  188868293   Local timer interrupts
 RES:     133852      74668      69101      60635      51246      46566       9767      11536      77647      17023      14786      12721      11901      11479      11557      11582       7263      11568      10061       8974       8767       6964       7096       6492       9430       9163       8672       8477       9083       8736       8242       9002   Rescheduling interrupts
 CAL: 1435521581 1109320424 1137082402 1116443489 1001358758  946419572   99238803   37234866   37255655   28508236   25915309   23819519   22594970   21174175   21574285   22110666   21717143   17044776   16487518   16429413   16360623   16272753   15519142   15572658   29469238   30055130   31332397   32772017   33925454   35756012   35654271   35039944   Function call interrupts
 TLB:   41909937   45802299   46333076   46658685   46614705   45029388   34076766   34250543   28753184   28581582   27369428   25941101   24884003   23378224   23709294   24183044   22746649   19266319   18730537   18566792   18440003   18135786   15874525   15766652   31415332   31663626   32926122   34130884   35158307   36871298   36586174   35517026   TLB shootdowns
## cpuidle cpu estado tiempo_us entradas
cpu0 POLL 13955015 435198
cpu0 C1 2959459305 30329031
cpu0 C1E 25049549893 116085013
cpu0 C6 3901166388823 516696842
cpu1 POLL 5064535 139697
cpu1 C1 32131246 493444
cpu1 C1E 12600398593 74074702
cpu1 C6 3905377094769 151375745
cpu2 POLL 4527380 142564
cpu2 C1 47697297 533360
cpu2 C1E 11532783902 65178956
cpu2 C6 3921433222238 116513211
cpu3 POLL 4126018 112568
cpu3 C1 43786496 484229
cpu3 C1E 11378153776 59034561
cpu3 C6 3926805026002 110567299
cpu4 POLL 3847778 108667
cpu4 C1 50820662 498466
cpu4 C1E 11157665617 62762021
cpu4 C6 3951823782174 126375454
cpu5 POLL 4076420 118458
cpu5 C1 206358751 353749
cpu5 C1E 9944575836 64856457
cpu5 C6 3778986971666 89987684
cpu6 POLL 1112026881 135851831
cpu6 C1 14459704704 49279647
cpu6 C1E 163290179833 555182155
cpu6 C6 3782167333404 386913698
cpu7 POLL 29345760 742487
cpu7 C1 42809539 1946865
cpu7 C1E 424284348873 3171429486
cpu7 C6 3758734879340 87889616
cpu16 POLL 2077760 56875
cpu16 C1 77469887 196751
cpu16 C1E 7070457600 31259755
cpu16 C6 4259427980005 103245257
cpu17 POLL 1718404 47751
cpu17 C1 23713001 192185
cpu17 C1E 7099112997 28599948
cpu17 C6 4253767269474 88696601
cpu18 POLL 1435873 48029
cpu18 C1 27490370 198327
cpu18 C1E 6733619348 26023503
cpu18 C6 4248704291258 80227503
cpu19 POLL 1275035 43654
cpu19 C1 19436278 136714
cpu19 C1E 5921624047 19352002
cpu19 C6 4248554124203 111071017
cpu20 POLL 2156734 52911
cpu20 C1 14025260 167843
cpu20 C1E 6320407489 24974193
cpu20 C6 4263296306362 66223893
cpu21 POLL 2482474 57188
cpu21 C1 35790688 236966
cpu21 C1E 7329970010 32048350
cpu21 C6 4242034385056 66835789
cpu22 POLL 3789162 324476
cpu22 C1 108253192 249825
cpu22 C1E 7663800696 23046025
cpu22 C6 4252526641473 106605084
cpu23 POLL 3647520 225922
cpu23 C1 28257446 276229
cpu23 C1E 9524493657 34133003
cpu23 C6 4265157559326 80387276
## daemon hilo utime stime cpu
