## stat
cpu  506974705 220658 62960622 13293748177 1597365 3383663 814452 0 0 0
cpu0 36876735 37455 2630340 392971475 151043 271390 118515 0 0 0
cpu1 38603634 13577 2723174 391711093 148491 195379 36843 0 0 0
cpu2 37370955 5256 2504474 393249061 97593 191113 34318 0 0 0
cpu3 37002683 6201 2355159 393762670 102299 188317 31432 0 0 0
cpu4 34637259 9635 2228527 396262866 90057 182663 34544 0 0 0
cpu5 51769170 25654 2450168 378828156 118310 228031 41546 0 0 0
cpu6 12338184 2065 24836558 396149073 59103 146624 73531 0 0 0
cpu7 13321729 6850 900106 418462347 48521 265363 31891 0 0 0
cpu8 9817387 10098 1331551 421138454 50884 99692 69300 0 0 0
cpu9 9796276 4867 999488 422529194 42564 51372 21881 0 0 0
cpu10 11338854 6591 1077686 420964622 38381 56266 13376 0 0 0
cpu11 13215126 5285 1167421 418994742 44094 55457 27473 0 0 0
cpu12 10267338 669 928490 422212765 30726 52004 8040 0 0 0
cpu13 9832160 2370 949173 422634723 26375 49676 7659 0 0 0
cpu14 10298127 806 984366 421811590 49194 349452 7022 0 0 0
cpu15 11159248 1153 1293614 420937721 27599 62959 7461 0 0 0
cpu16 6074496 1932 610051 426680606 16074 52167 25992 0 0 0
cpu17 6603205 4854 669680 426102989 18234 50082 25723 0 0 0
cpu18 7063039 8264 751411 425560548 16676 50833 32789 0 0 0
cpu19 7009046 6245 809623 425494330 17917 82844 43427 0 0 0
cpu20 5529482 7364 904998 426972081 16205 41489 8518 0 0 0
cpu21 7695584 4845 747305 424944593 20316 49793 21028 0 0 0
cpu22 6637223 2448 739876 426028906 24163 30039 14708 0 0 0
cpu23 5141432 9625 801452 427467242 23757 31337 14894 0 0 0
cpu24 12487958 4116 911817 419979587 31289 65309 14604 0 0 0
cpu25 14433783 6367 891812 418048180 45274 65829 6739 0 0 0
cpu26 13301159 9770 957722 419118321 37342 72966 6531 0 0 0
cpu27 13606764 1251 975240 418812144 40887 63043 6537 0 0 0
cpu28 13257715 3180 910432 419211405 39103 69584 6547 0 0 0
cpu29 13680897 4685 972922 418715444 41318 71655 7433 0 0 0
cpu30 13063386 5866 909819 419396015 41206 70104 6906 0 0 0
cpu31 13744657 1302 1036151 418595224 42354 70816 7229 0 0 0
## interrupts
            CPU0       CPU1       CPU2       CPU3       CPU4       CPU5       CPU6       CPU7       CPU8       CPU9       CPU10      CPU11      CPU12      CPU13      CPU14      CPU15      CPU16      CPU17      CPU18      CPU19      CPU20      CPU21      CPU22      CPU23      CPU24      CPU25      CPU26      CPU27      CPU28      CPU29      CPU30      CPU31      
 LOC:  509294960  470582747  441139270  436148286  418345467  582402489  916890580 3327341086  220187895  157744489  176471962  179296221  150902244  143526217  152843082  170175867  115444343  109976220  112789051  106848774   97645017  120894373  108214595  104254901  183154384  193796680  186192874  187085714  183070170  189373566  180183604  188393474   Local timer interrupts
 RES:     133852      74668      69101      60635      51246      46566       9767      11536      77647      17023      14786      12721      11901      11479      11557      11582       7263      11568      10061       8974       8767       6964       7096       6492       9430       9163       8672       8477       9082       8736       8242       9000   Rescheduling interrupts
 CAL: 1435521495 1109320364 1137082319 1116443396 1001358710  946419527   99238754   37234821   37255641   28508161   25915262   23819472   22594925   21174128   21574240   22110621   21717098   17044729   16487472   16429359   16360577   16272704   15519096   15572605   29469193   30055085   31332352   32771962   33925409   35755963   35654226   35039893   Function call interrupts
 TLB:   41909937   45802299   46333076   46658685   46614705   45029388   34076766   34250543   28753184   28581582   27369428   25941101   24884003   23378224   23709294   24183044   22746649   19266319   18730537   18566792   18440003   18135786   15874525   15766652   31415332   31663626   32926122   34130884   35158307   36871298   36586174   35517026   TLB shootdowns
## cpuidle cpu estado tiempo_us entradas
cpu0 POLL 13955015 435198
cpu0 C1 2959459112 30329027
cpu0 C1E 25048998094 116084212
cpu0 C6 3900946202887 516693990
cpu1 POLL 5064013 139688
cpu1 C1 32131240 493443
cpu1 C1E 12599995383 74074001
cpu1 C6 3905156685635 151374220
cpu2 POLL 4527380 142564
cpu2 C1 47695273 533357
cpu2 C1E 11532526112 65178382
cpu2 C6 3921212634261 116511356
cpu3 POLL 4125954 112567
cpu3 C1 43786481 484226
cpu3 C1E 11377708516 59032790
cpu3 C6 3926584654196 110559841
cpu4 POLL 3847778 108667
cpu4 C1 50820485 498463
cpu4 C1E 11157415016 62761693
cpu4 C6 3951603169201 126374483
cpu5 POLL 4076420 118458
cpu5 C1 206357702 353747
cpu5 C1E 9944443879 64856297
cpu5 C6 3778766178645 89986849
cpu6 POLL 1112026881 135851831
cpu6 C1 14459704615 49279643
cpu6 C1E 163189976066 554949611
cpu6 C6 3782052070205 386840422
cpu7 POLL 29345760 742487
cpu7 C1 42809539 1946865
cpu7 C1E 424284348873 3171429486
cpu7 C6 3758513908914 87888527
cpu16 POLL 2077695 56874
cpu16 C1 77469887 196751
cpu16 C1E 7070403142 31259690
cpu16 C6 4259207153479 103243489
cpu17 POLL 1718339 47750
cpu17 C1 23712978 192182
cpu17 C1E 7098671492 28598534
cpu17 C6 4253546836075 88693086
cpu18 POLL 1435873 48029
cpu18 C1 27490317 198322
cpu18 C1E 6733105283 26022723
cpu18 C6 4248483959143 80225706
cpu19 POLL 1275035 43654
cpu19 C1 19435224 136706
cpu19 C1E 5920999881 19350466
cpu19 C6 4248333913546 111069029
cpu20 POLL 2156734 52911
cpu20 C1 14025260 167843
cpu20 C1E 6320197829 24973926
cpu20 C6 4263075615217 66222789
cpu21 POLL 2482431 57185
cpu21 C1 35790671 236965
cpu21 C1E 7329590276 32047824
cpu21 C6 4241813908197 66834467
cpu22 POLL 3789162 324476
cpu22 C1 108253192 249825
cpu22 C1E 7663730219 23045897
cpu22 C6 4252306145819 106559512
cpu23 POLL 3647389 225920
cpu23 C1 28256311 276221
cpu23 C1E 9523648414 34131183
cpu23 C6 4264937660031 80385237
## daemon hilo utime stime cpu
