## stat
cpu  506974685 220658 62960597 13293555292 1597358 3383657 814448 0 0 0
cpu0 36876735 37455 2630340 392965446 151043 271390 118515 0 0 0
cpu1 38603634 13577 2723174 391705062 148491 195379 36843 0 0 0
cpu2 37370955 5256 2504474 393243030 97593 191113 34318 0 0 0
cpu3 37002683 6201 2355156 393756643 102299 188317 31431 0 0 0
cpu4 34637253 9635 2228527 396256841 90057 182663 34544 0 0 0
cpu5 51769170 25654 2450168 378822125 118310 228031 41546 0 0 0
cpu6 12338184 2065 24836557 396143044 59103 146623 73531 0 0 0
cpu7 13321729 6850 900106 418456316 48521 265363 31891 0 0 0
cpu8 9817387 10098 1331550 421132441 50884 99691 69299 0 0 0
cpu9 9796275 4867 999487 422523167 42564 51372 21880 0 0 0
cpu10 11338854 6591 1077685 420958594 38380 56266 13376 0 0 0
cpu11 13215125 5285 1167419 418988716 44094 55457 27472 0 0 0
cpu12 10267338 669 928490 422206735 30726 52004 8040 0 0 0
cpu13 9832157 2370 949170 422628704 26374 49675 7659 0 0 0
cpu14 10298127 806 984366 421805559 49194 349452 7022 0 0 0
cpu15 11159248 1153 1293614 420931690 27599 62959 7461 0 0 0
cpu16 6074495 1932 610051 426674577 16074 52167 25992 0 0 0
cpu17 6603205 4854 669679 426096962 18232 50082 25723 0 0 0
cpu18 7063039 8264 751410 425554522 16676 50832 32788 0 0 0
cpu19 7009046 6245 809623 425488300 17917 82843 43427 0 0 0
cpu20 5529481 7364 904997 426966052 16205 41488 8518 0 0 0
cpu21 7695584 4845 747305 424938564 20315 49792 21028 0 0 0
cpu22 6637223 2448 739876 426022877 24163 30039 14708 0 0 0
cpu23 5141432 9625 801450 427461215 23757 31336 14894 0 0 0
cpu24 12487958 4116 911817 419973556 31289 65309 14604 0 0 0
cpu25 14433783 6367 891812 418042150 45274 65829 6739 0 0 0
cpu26 13301159 9770 957721 419112291 37342 72966 6531 0 0 0
cpu27 13606760 1251 975240 418806117 40887 63043 6537 0 0 0
cpu28 13257714 3180 910431 419205376 39102 69584 6547 0 0 0
cpu29 13680897 4685 972922 418709415 41318 71655 7433 0 0 0
cpu30 13063383 5866 909816 419389993 41206 70102 6906 0 0 0
cpu31 13744657 1302 1036149 418589195 42354 70816 7229 0 0 0
## interrupts
            CPU0       CPU1       CPU2       CPU3       CPU4       CPU5       CPU6       CPU7       CPU8       CPU9       CPU10      CPU11      CPU12      CPU13      CPU14      CPU15      CPU16      CPU17      CPU18      CPU19      CPU20      CPU21      CPU22      CPU23      CPU24      CPU25      CPU26      CPU27      CPU28      CPU29      CPU30      CPU31      
 LOC:  509294777  470582730  441139251  436148037  418345318  582402473  916890138 3327341070  220187354  157744254  176471763  179295863  150902216  143524413  152843029  170175845  115444043  109975890  112788221  106848694   97644835  120894174  108214363  104254671  183154356  193796662  186192779  187085598  183070049  189373415  180181854  188393244   Local timer interrupts
 RES:     133852      74668      69101      60635      51246      46566       9766      11536      77647      17023      14786      12721      11901      11479      11557      11582       7263      11568      10061       8974       8767       6964       7096       6492       9430       9163       8672       8476       9081       8736       8242       9000   Rescheduling interrupts
 CAL: 1435521474 1109320355 1137082310 1116443387 1001358701  946419518   99238741   37234812   37255641   28508151   25915253   23819462   22594916   21174117   21574231   22110611   21717089   17044718   16487462   16429349   16360568   16272695   15519085   15572596   29469184   30055076   31332343   32771952   33925400   35755953   35654217   35039882   Function call interrupts
 TLB:   41909937   45802299   46333076   46658685   46614705   45029388   34076766   34250543   28753184   28581582   27369428   25941101   24884003   23378224   23709294   24183044   22746649   19266319   18730537   18566792   18440003   18135786   15874525   15766652   31415332   31663626   32926122   34130884   35158307   36871298   36586174   35517026   TLB shootdowns
## cpuidle cpu estado tiempo_us entradas
cpu0 POLL 13955015 435198
cpu0 C1 2959459101 30329026
cpu0 C1E 25048962011 116084160
cpu0 C6 3900885962383 516693447
cpu1 POLL 5064013 139688
cpu1 C1 32131240 493443
cpu1 C1E 12599995383 74074001
cpu1 C6 3905096396213 151373965
cpu2 POLL 4527380 142564
cpu2 C1 47695273 533357
cpu2 C1E 11532525196 65178380
cpu2 C6 3921152347121 116511025
cpu3 POLL 4125954 112567
cpu3 C1 43786471 484225
cpu3 C1E 11377600552 59032559
cpu3 C6 3926524506754 110559496
cpu4 POLL 3847778 108667
cpu4 C1 50820485 498463
cpu4 C1E 11157399257 62761673
cpu4 C6 3951542977219 126374281
cpu5 POLL 4076420 118458
cpu5 C1 206357702 353747
cpu5 C1E 9944443879 64856297
cpu5 C6 3778705925812 89986738
cpu6 POLL 1112026881 135851831
cpu6 C1 14459704615 49279643
cpu6 C1E 163189909513 554949512
cpu6 C6 3781991898245 386839957
cpu7 POLL 29345760 742487
cpu7 C1 42809539 1946865
cpu7 C1E 424284348873 3171429486
cpu7 C6 3758453680045 87888395
cpu16 POLL 2077695 56874
cpu16 C1 77469887 196751
cpu16 C1E 7070388426 31259674
cpu16 C6 4259146887285 103243154
cpu17 POLL 1718339 47750
cpu17 C1 23712960 192181
cpu17 C1E 7098579513 28598333
cpu17 C6 4253486651683 88692554
cpu18 POLL 1435873 48029
cpu18 C1 27490317 198322
cpu18 C1E 6733036075 26022619
cpu18 C6 4248423772533 80224847
cpu19 POLL 1275035 43654
cpu19 C1 19435224 136706
cpu19 C1E 5920999881 19350466
cpu19 C6 4248273586364 111068866
cpu20 POLL 2156734 52911
cpu20 C1 14025260 167843
cpu20 C1E 6320167284 24973894
cpu20 C6 4263015309040 66222588
cpu21 POLL 2482431 57185
cpu21 C1 35790660 236964
cpu21 C1E 7329528643 32047745
cpu21 C6 4241753618344 66834268
cpu22 POLL 3789162 324476
cpu22 C1 108253192 249825
cpu22 C1E 7663654255 23045694
cpu22 C6 4252245943440 106559236
cpu23 POLL 3647389 225920
cpu23 C1 28256311 276221
cpu23 C1E 9523587369 34131095
cpu23 C6 4264877352323 80384973
## daemon hilo utime stime cpu
