## stat
cpu  506768808 220658 62953150 13291881193 1597022 3382330 814170 0 0 0
cpu0 36842483 37455 2630166 392941091 151029 271246 118507 0 0 0
cpu1 38569338 13577 2723040 391680698 148482 195238 36839 0 0 0
cpu2 37336814 5256 2504294 393218557 97580 190972 34314 0 0 0
cpu3 36968619 6201 2354999 393732096 102287 188170 31414 0 0 0
cpu4 34603183 9635 2228412 396232227 90050 182522 34542 0 0 0
cpu5 51735196 25654 2450005 378797459 118305 227891 41544 0 0 0
cpu6 12338026 2065 24831058 396086131 59097 146486 73440 0 0 0
cpu7 13321715 6850 900086 418397783 48489 265297 31839 0 0 0
cpu8 9817357 10098 1331500 421073783 50868 99669 69277 0 0 0
cpu9 9796150 4867 999385 422464528 42544 51343 21874 0 0 0
cpu10 11338711 6591 1077584 420899974 38356 56243 13367 0 0 0
cpu11 13215117 5285 1167392 418929809 44091 55455 27466 0 0 0
cpu12 10267329 669 928467 422147828 30720 52002 8039 0 0 0
cpu13 9832128 2370 949116 422569867 26360 49667 7656 0 0 0
cpu14 10298117 806 984347 421746666 49188 349446 7021 0 0 0
cpu15 11159239 1153 1293587 420872788 27591 62958 7459 0 0 0
cpu16 6074492 1932 610039 426615659 16071 52164 25989 0 0 0
cpu17 6603197 4854 669663 426038156 18225 50066 25718 0 0 0
cpu18 7063025 8264 751393 425495612 16673 50827 32786 0 0 0
cpu19 7008974 6245 809584 425429718 17895 82805 43426 0 0 0
cpu20 5529476 7364 904981 426907131 16202 41486 8517 0 0 0
cpu21 7695578 4845 747283 424879650 20312 49790 21026 0 0 0
cpu22 6637198 2448 739861 425964019 24153 30029 14705 0 0 0
cpu23 5141424 9625 801422 427402346 23752 31324 14889 0 0 0
cpu24 12487957 4116 911814 419914609 31289 65309 14604 0 0 0
cpu25 14433774 6367 891799 417983225 45271 65828 6738 0 0 0
cpu26 13301154 9770 957706 419053362 37340 72966 6531 0 0 0
cpu27 13606709 1251 975143 418747370 40871 63020 6533 0 0 0
cpu28 13257689 3180 910363 419146585 39082 69575 6544 0 0 0
cpu29 13680874 4685 972885 418650537 41311 71652 7430 0 0 0
cpu30 13063236 5866 909709 419331372 41191 70074 6900 0 0 0
cpu31 13744515 1302 1036053 418530542 42332 70794 7222 0 0 0
## interrupts
            CPU0       CPU1       CPU2       CPU3       CPU4       CPU5       CPU6       CPU7       CPU8       CPU9       CPU10      CPU11      CPU12      CPU13      CPU14      CPU15      CPU16      CPU17      CPU18      CPU19      CPU20      CPU21      CPU22      CPU23      CPU24      CPU25      CPU26      CPU27      CPU28      CPU29      CPU30      CPU31      
 LOC:  508937593  470215932  440788587  435772250  417999207  582057303  916282451 3326571635  220140314  157534042  176425427  179292152  150898705  143510540  152763435  170172965  115434756  109853064  112777618  106535549   97637404  120885194  108107976  104132214  183153733  193794373  186190965  186895281  182949890  189366131  180115112  188350942   Local timer interrupts
 RES:     133769      74532      69002      60565      51187      46509       9764      11532      77627      16934      14727      12688      11817      11468      11514      11579       7255      11525      10057       8971       8744       6898       7084       6473       9430       9162       8642       8414       9034       8716       8124       8953   Rescheduling interrupts
 CAL: 1433615094 1107413512 1135181992 1114548694  999468179  944529185   99198824   37207816   37251956   28507925   25915029   23819272   22594698   21173930   21574002   22110410   21716870   17044431   16487272   16429100   16360350   16272463   15518838   15572354   29469005   30054853   31332147   32771759   33925157   35755724   35653991   35039668   Function call interrupts
 TLB:   41895672   45789790   46319402   46646933   46601912   45017592   34076735   34250536   28753184   28581582   27369424   25941101   24884003   23378217   23709294   24183044   22746649   19266319   18730537   18566792   18440003   18135786   15874504   15766635   31415332   31663626   32926122   34130884   35158288   36871259   36586174   35517026   TLB shootdowns
## cpuidle cpu estado tiempo_us entradas
cpu0 POLL 13954628 435192
cpu0 C1 2957986649 30328997
cpu0 C1E 25045837921 116077777
cpu0 C6 3900646967163 516669076
cpu1 POLL 5063936 139686
cpu1 C1 32129058 493425
cpu1 C1E 12595430587 74054853
cpu1 C6 3904857252327 151362697
cpu2 POLL 4527122 142560
cpu2 C1 47694763 533341
cpu2 C1E 11529783234 65173960
cpu2 C6 3920910230728 116501940
cpu3 POLL 4125491 112558
cpu3 C1 43783426 484160
cpu3 C1E 11371777001 59000878
cpu3 C6 3926284846818 110538130
cpu4 POLL 3847650 108665
cpu4 C1 50817741 498456
cpu4 C1E 11156109783 62759809
cpu4 C6 3951298030184 126367708
cpu5 POLL 4076030 118450
cpu5 C1 206356282 353744
cpu5 C1E 9943483391 64855041
cpu5 C6 3778460204314 89980578
cpu6 POLL 1111892768 135849713
cpu6 C1 14459437641 49276488
cpu6 C1E 162995832144 554565164
cpu6 C6 3781618477831 386475350
cpu7 POLL 29338792 742377
cpu7 C1 42804665 1946201
cpu7 C1E 424186687845 3170711707
cpu7 C6 3757966644392 87717858
cpu16 POLL 2077402 56849
cpu16 C1 77464381 196712
cpu16 C1E 7068525393 31256772
cpu16 C6 4258559634453 103226431
cpu17 POLL 1716179 47709
cpu17 C1 23709125 192054
cpu17 C1E 7079696042 28472343
cpu17 C6 4252917635455 88673219
cpu18 POLL 1435655 48024
cpu18 C1 27485169 198309
cpu18 C1E 6730708302 26017520
cpu18 C6 4247837078402 80213510
cpu19 POLL 1269364 43566
cpu19 C1 19418380 136496
cpu19 C1E 5877173632 19059045
cpu19 C6 4247731852774 111043944
cpu20 POLL 2155931 52898
cpu20 C1 14024738 167826
cpu20 C1E 6317055587 24969181
cpu20 C6 4262429316754 66212837
cpu21 POLL 2482172 57180
cpu21 C1 35790502 236951
cpu21 C1E 7325255002 32040526
cpu21 C6 4241168874439 66823924
cpu22 POLL 3787820 324450
cpu22 C1 108249549 249757
cpu22 C1E 7647648502 22946029
cpu22 C6 4251673843223 106403485
cpu23 POLL 3644562 225873
cpu23 C1 28254514 276039
cpu23 C1E 9505423334 34017740
cpu23 C6 4264307206367 80315587
## daemon hilo utime stime cpu
cpu_loop_main 8 5 19
cpu_loop_main 0 5 6
