## stat
cpu  506780989 220658 62953242 13291949600 1597035 3382418 814184 0 0 0
cpu0 36844499 37455 2630171 392941591 151029 271257 118507 0 0 0
cpu1 38571392 13577 2723050 391681154 148483 195249 36839 0 0 0
cpu2 37338834 5256 2504303 393219048 97582 190982 34314 0 0 0
cpu3 36970638 6201 2355005 393732591 102287 188182 31414 0 0 0
cpu4 34605190 9635 2228422 396232729 90051 182532 34542 0 0 0
cpu5 51737200 25654 2450017 378797964 118305 227902 41544 0 0 0
cpu6 12338026 2065 24831061 396088484 59097 146496 73442 0 0 0
cpu7 13321715 6850 900086 418400302 48489 265299 31846 0 0 0
cpu8 9817357 10098 1331500 421076309 50868 99669 69277 0 0 0
cpu9 9796150 4867 999385 422467059 42544 51343 21874 0 0 0
cpu10 11338711 6591 1077584 420902505 38356 56243 13367 0 0 0
cpu11 13215118 5285 1167396 418932335 44092 55455 27466 0 0 0
cpu12 10267329 669 928467 422150357 30720 52002 8039 0 0 0
cpu13 9832129 2370 949118 422572393 26360 49668 7656 0 0 0
cpu14 10298119 806 984348 421749194 49188 349447 7021 0 0 0
cpu15 11159239 1153 1293589 420875316 27592 62958 7459 0 0 0
cpu16 6074492 1932 610040 426618188 16071 52164 25989 0 0 0
cpu17 6603197 4854 669663 426040687 18225 50066 25718 0 0 0
cpu18 7063025 8264 751394 425498142 16673 50827 32786 0 0 0
cpu19 7009029 6245 809603 425432123 17900 82814 43426 0 0 0
cpu20 5529477 7364 904981 426909661 16202 41486 8517 0 0 0
cpu21 7695578 4845 747283 424882180 20312 49790 21026 0 0 0
cpu22 6637198 2448 739861 425966550 24153 30029 14705 0 0 0
cpu23 5141424 9625 801423 427404876 23753 31324 14889 0 0 0
cpu24 12487957 4116 911814 419917140 31289 65309 14604 0 0 0
cpu25 14433775 6367 891799 417985755 45271 65828 6738 0 0 0
cpu26 13301154 9770 957708 419055892 37341 72966 6531 0 0 0
cpu27 13606709 1251 975143 418749902 40871 63020 6533 0 0 0
cpu28 13257689 3180 910364 419149115 39082 69575 6544 0 0 0
cpu29 13680874 4685 972885 418653068 41311 71652 7430 0 0 0
cpu30 13063236 5866 909710 419333902 41191 70074 6900 0 0 0
cpu31 13744515 1302 1036053 418533073 42332 70794 7222 0 0 0
## interrupts
            CPU0       CPU1       CPU2       CPU3       CPU4       CPU5       CPU6       CPU7       CPU8       CPU9       CPU10      CPU11      CPU12      CPU13      CPU14      CPU15      CPU16      CPU17      CPU18      CPU19      CPU20      CPU21      CPU22      CPU23      CPU24      CPU25      CPU26      CPU27      CPU28      CPU29      CPU30      CPU31      
 LOC:  508958358  470237090  440809235  435792661  418019555  582077647  916333079 3326578656  220140470  157534072  176425492  179292494  150899036  143511419  152764188  170173143  115435440  109853178  112777720  106575917   97637630  120885522  108108119  104132647  183153850  193794478  186191241  186895290  182950038  189366144  180115247  188350950   Local timer interrupts
 RES:     133772      74545      69006      60569      51190      46512       9764      11532      77627      16934      14727      12688      11817      11468      11514      11579       7259      11525      10057       8971       8744       6898       7084       6473       9430       9162       8657       8414       9034       8716       8125       8953   Rescheduling interrupts
 CAL: 1433798768 1107600579 1135365883 1114732205  999651554  944712325   99198829   37211224   37251956   28507928   25915032   23819275   22594705   21173933   21574005   22110416   21716876   17044437   16487284   16429104   16360353   16272468   15518841   15572358   29469008   30054856   31332152   32771762   33925160   35755727   35653994   35039671   Function call interrupts
 TLB:   41896545   45790610   46320217   46647201   46602793   45018404   34076735   34250536   28753184   28581582   27369424   25941101   24884003   23378217   23709294   24183044   22746649   19266319   18730537   18566792   18440003   18135786   15874504   15766635   31415332   31663626   32926122   34130884   35158288   36871259   36586174   35517026   TLB shootdowns
## cpuidle cpu estado tiempo_us entradas
cpu0 POLL 13954628 435192
cpu0 C1 2957986649 30328997
cpu0 C1E 25045862865 116077804
cpu0 C6 3900651936020 516670548
cpu1 POLL 5063936 139686
cpu1 C1 32129064 493426
cpu1 C1E 12595610147 74055190
cpu1 C6 3904861660212 151363051
cpu2 POLL 4527122 142560
cpu2 C1 47694763 533341
cpu2 C1E 11529919484 65174176
cpu2 C6 3920914959755 116502200
cpu3 POLL 4125491 112558
cpu3 C1 43783435 484161
cpu3 C1E 11371797524 59000932
cpu3 C6 3926289759332 110540117
cpu4 POLL 3847650 108665
cpu4 C1 50817741 498456
cpu4 C1E 11156134230 62759842
cpu4 C6 3951302941745 126367859
cpu5 POLL 4076030 118450
cpu5 C1 206356282 353744
cpu5 C1E 9943519640 64855085
cpu5 C6 3778465044329 89980761
cpu6 POLL 1111893311 135849734
cpu6 C1 14459437699 49276492
cpu6 C1E 163011106183 554606200
cpu6 C6 3781626635642 386493091
cpu7 POLL 29338792 742377
cpu7 C1 42804665 1946201
cpu7 C1E 424186706792 3170711732
cpu7 C6 3757991746260 87741794
cpu16 POLL 2077402 56849
cpu16 C1 77469381 196719
cpu16 C1E 7068710439 31257280
cpu16 C6 4258584724328 103227359
cpu17 POLL 1716245 47710
cpu17 C1 23709153 192057
cpu17 C1E 7079818612 28472732
cpu17 C6 4252942800582 88673842
cpu18 POLL 1435655 48024
cpu18 C1 27485169 198309
cpu18 C1E 6730712308 26017525
cpu18 C6 4247862143815 80213641
cpu19 POLL 1270524 43584
cpu19 C1 19429604 136543
cpu19 C1E 5884351061 19079873
cpu19 C6 4247748652444 111064125
cpu20 POLL 2155931 52898
cpu20 C1 14024738 167826
cpu20 C1E 6317086230 24969214
cpu20 C6 4262454573270 66212999
cpu21 POLL 2482172 57180
cpu21 C1 35790529 236953
cpu21 C1E 7325331807 32040648
cpu21 C6 4241194080018 66824258
cpu22 POLL 3787820 324450
cpu22 C1 108249549 249757
cpu22 C1E 7647648502 22946029
cpu22 C6 4251699103068 106412091
cpu23 POLL 3644562 225873
cpu23 C1 28254530 276041
cpu23 C1E 9505583573 34017981
cpu23 C6 4264332272347 80322941
## daemon hilo utime stime cpu
cpu_loop_main 84 32 19
cpu_loop_main 0 160 6
