## stat
cpu  1731823730 127832 73378985 34436401575 22047836 6640604 1776066 0 0 0
cpu0 17753535 2358 823638 328822837 214777 173505 699262 0 0 0
cpu1 33507443 221 1411033 313276603 307164 141428 96874 0 0 0
cpu2 19010187 4456 885170 328180935 364524 94776 205109 0 0 0
cpu3 31873411 226 1295054 315140189 281276 123426 47231 0 0 0
cpu4 38073944 213 1547665 308685116 283466 139254 25743 0 0 0
cpu5 32902947 223 1414231 313878393 409852 125026 25754 0 0 0
cpu6 30507223 3022 1254655 316581687 259349 113263 42674 0 0 0
cpu7 34961301 62 1378283 311859760 382867 123914 7995 0 0 0
cpu8 32116225 576 1291704 314999025 223638 117079 15680 0 0 0
cpu9 38918488 0 1513844 307953934 224130 138865 6858 0 0 0
cpu10 35461302 14 1476973 311345197 342848 127400 6778 0 0 0
cpu11 21964315 199 1013975 325395699 272805 88582 30338 0 0 0
cpu12 35750289 76 1594156 310927389 351306 131156 7025 0 0 0
cpu13 35044794 1714 1427140 311900981 229414 126215 6155 0 0 0
cpu14 36182097 30 1474122 310655805 311313 133106 6055 0 0 0
cpu15 19360036 1174 851535 328248086 237502 75240 5826 0 0 0
cpu16 31491431 13 1301285 315613455 111558 129402 105907 0 0 0
cpu17 22351583 282 883287 325229549 225359 78898 7196 0 0 0
cpu18 22945336 105 940875 324570967 201727 85134 23893 0 0 0
cpu19 24548874 69 1074888 322759416 294083 89848 5498 0 0 0
cpu20 17881269 849 837584 329700113 287085 68809 5216 0 0 0
cpu21 31096805 26 1210167 315975177 344213 117283 5825 0 0 0
cpu22 27428042 34 1214759 319704621 307722 103410 6334 0 0 0
cpu23 24722631 58 836124 322855922 262965 85885 6089 0 0 0
cpu24 26465267 73 1013210 320773722 405269 96773 6376 0 0 0
cpu25 23935090 762 1039555 323417114 275754 92437 6212 0 0 0
cpu26 14419198 9534 663636 333307583 314494 54146 6080 0 0 0
cpu27 30468576 5770 1271986 316626275 290995 104618 2897 0 0 0
cpu28 22808723 5017 1007519 324672698 197081 82627 2639 0 0 0
cpu29 26767221 753 1152445 320461788 298708 92902 2223 0 0 0
cpu30 21621005 213 1002716 325863154 214634 75546 2350 0 0 0
cpu31 31449446 59 1395545 315569610 234776 116259 2648 0 0 0
cpu32 29892817 45 1386595 317182084 198579 108714 2736 0 0 0
cpu33 34347930 1381 1335922 312706068 252248 120661 3077 0 0 0
cpu34 22610144 350 984326 324783741 312111 84799 2262 0 0 0
cpu35 23030710 1942 1056872 324308171 298524 81700 2107 0 0 0
cpu36 37157508 0 1718168 309448911 299809 135381 3287 0 0 0
cpu37 22350258 87 997638 325086908 260493 79907 2811 0 0 0
cpu38 27192735 293 1267651 320056532 152563 101109 2430 0 0 0
cpu39 26302671 148 1239293 320912893 218509 98220 2526 0 0 0
cpu40 18434517 1266 829496 329203375 244795 67693 2183 0 0 0
cpu41 28438644 498 1274591 318710460 239730 105106 2857 0 0 0
cpu42 26858702 2365 1220559 320471433 113629 102558 2401 0 0 0
cpu43 24775891 44 1102250 322550965 250501 94931 2031 0 0 0
cpu44 34570570 717 1551009 312176199 335906 127229 3170 0 0 0
cpu45 25913053 1863 1263952 321262251 234179 97857 2052 0 0 0
cpu46 20601750 25 927780 327008688 165137 76752 1729 0 0 0
cpu47 14719737 2 708364 333276724 25502 55123 1510 0 0 0
cpu48 21519258 11 928931 326048761 201072 79566 1825 0 0 0
cpu49 24994364 3417 958249 322597246 133159 88987 1880 0 0 0
cpu50 24842158 3220 1058046 322635785 139042 93086 2261 0 0 0
cpu51 26289034 8458 1099814 320989870 284312 98105 2541 0 0 0
cpu52 7936493 660 291653 340411829 92046 35576 10187 0 0 0
cpu53 1164794 151 63530 347456586 73668 15618 4565 0 0 0
cpu54 15498405 767 473624 332580276 144428 63832 10280 0 0 0
cpu55 1064042 665 60408 347495911 152342 10868 5402 0 0 0
cpu56 1882662 1304 95447 346713483 73992 15458 8092 0 0 0
cpu57 1981341 240 79816 346595339 98897 16859 13957 0 0 0
cpu58 2855834 1416 127340 345492836 276506 20343 4617 0 0 0
cpu59 968970 209 68496 347323835 127816 11526 9792 0 0 0
cpu60 3326182 67 114002 345188947 145354 13905 5328 0 0 0
cpu61 2860824 627 130063 345572327 213433 13756 3919 0 0 0
cpu62 5074909 153 112101 343272941 311732 17103 5371 0 0 0
cpu63 4193366 256 140821 344157567 211237 18184 73821 0 0 0
cpu64 4204396 1274 158739 344244032 115835 29128 34947 0 0 0
cpu65 3201697 113 128541 345224325 223838 14274 3994 0 0 0
cpu66 3415757 227 103115 345180726 81936 12883 3415 0 0 0
cpu67 3074259 2405 116104 345400759 179482 15451 4078 0 0 0
cpu68 3447038 93 135403 345115327 59918 20867 3728 0 0 0
cpu69 3706285 216 137178 344766416 163691 16379 5952 0 0 0
cpu70 785178 48 50679 347863479 63678 11532 10704 0 0 0
cpu71 6227658 830 186106 342162605 189326 22639 3982 0 0 0
cpu72 18699256 972 699723 328971553 339411 63997 5861 0 0 0
cpu73 7113984 26 213679 341260614 169319 28694 4921 0 0 0
cpu74 7209298 2561 213077 341098099 231345 26448 5377 0 0 0
cpu75 6031890 43 194868 342384374 150529 22727 5045 0 0 0
cpu76 5681951 43 228380 342740143 111590 24379 4004 0 0 0
cpu77 7335539 193 298021 340785427 330070 31243 6221 0 0 0
cpu78 10544608 4101 275102 337792348 146950 28905 1069 0 0 0
cpu79 6840585 7624 287773 341403130 230537 23982 1255 0 0 0
cpu80 5314197 8727 247992 343037335 164830 19799 1789 0 0 0
cpu81 7824914 4176 362099 340333222 238428 28375 1273 0 0 0
cpu82 6390164 842 313030 341890434 177290 22833 862 0 0 0
cpu83 7899575 980 324026 340314756 225701 27827 1084 0 0 0
cpu84 1865167 1470 87322 346698673 139988 7428 763 0 0 0
cpu85 697511 57 41082 347959212 62527 5082 2471 0 0 0
cpu86 7027977 147 301745 341297896 141402 25335 919 0 0 0
cpu87 7501098 1270 371590 340695812 194074 28160 986 0 0 0
cpu88 1421323 232 59372 346927662 160739 8105 5509 0 0 0
cpu89 8314527 708 325757 339972234 151704 27864 1176 0 0 0
cpu90 10458355 16 428143 337668905 198108 37066 1152 0 0 0
cpu91 8133764 20 396725 340091802 138748 30240 1183 0 0 0
cpu92 7939365 1673 354585 340323883 139477 28150 1976 0 0 0
cpu93 10179551 3293 483059 337742186 343969 37968 1122 0 0 0
cpu94 12101520 2640 446637 335936608 256324 42549 1370 0 0 0
cpu95 9373844 1421 442656 338748717 187293 35169 1420 0 0 0
cpu96 580416 2701 33307 348046963 97987 4619 2486 0 0 0
cpu97 9480062 1418 410682 338689463 175724 33379 1103 0 0 0
cpu98 8876067 2 386406 339385843 108438 32828 1090 0 0 0
cpu99 7655246 177 346290 340745835 19255 27059 932 0 0 0
cpu100 9440339 33 361427 338783798 173744 32882 986 0 0 0
cpu101 8948027 159 403775 339285971 118220 34705 1355 0 0 0
cpu102 9915684 1447 424081 338274726 138265 36330 1368 0 0 0
cpu103 9527297 2575 435090 338524486 264190 36545 1342 0 0 0
## interrupts
            CPU0       CPU1       CPU2       CPU3       CPU4       CPU5       CPU6       CPU7       CPU8       CPU9       CPU10      CPU11      CPU12      CPU13      CPU14      CPU15      CPU16      CPU17      CPU18      CPU19      CPU20      CPU21      CPU22      CPU23      CPU24      CPU25      CPU26      CPU27      CPU28      CPU29      CPU30      CPU31      CPU32      CPU33      CPU34      CPU35      CPU36      CPU37      CPU38      CPU39      CPU40      CPU41      CPU42      CPU43      CPU44      CPU45      CPU46      CPU47      CPU48      CPU49      CPU50      CPU51      CPU52      CPU53      CPU54      CPU55      CPU56      CPU57      CPU58      CPU59      CPU60      CPU61      CPU62      CPU63      CPU64      CPU65      CPU66      CPU67      CPU68      CPU69      CPU70      CPU71      CPU72      CPU73      CPU74      CPU75      CPU76      CPU77      CPU78      CPU79      CPU80      CPU81      CPU82      CPU83      CPU84      CPU85      CPU86      CPU87      CPU88      CPU89      CPU90      CPU91      CPU92      CPU93      CPU94      CPU95      CPU96      CPU97      CPU98      CPU99      CPU100     CPU101     CPU102     CPU103     
 LOC:  443492764  392491924  267030419  350890579  407841344  358435076  338228753  374203200  345086154  412349616  376904389  248614492  379311530  371151803  382106564  208209643  342879229  240880361  252915531  263987833  193959061  335827180  295469336  266725778  288491820  260696943  157619695  321729047  241640074  282785655  230123474  332294009  316550858  360672092  239323817  244175399  392692386  236918263  287857476  278985663  195809471  300463725  285607833  262949176  365007405  275061273  218387861  157504425  227522443  263153271  263759495  278068897   92188907   27195333  172342078   20771636   27726457   31415824   44489059   22156378   39463805   35507078   57722432   51850962   49659528   38397928   39409465   40054720   47929610   43588476   15156005   70604589  199426462   79290434   81888137   68817373   65439873   83652983  111465626   74421194   59151270   85411383   69700382   84964644   22857716   12362791   76088091   81583214   21761968   89252080  111677069   88272112   86695263  109753336  129796701  101745766   11514331  101783602   96081506   82955508  101276302   96901436  106558289  102772505   Local timer interrupts
 RES:       7695      15157      12559      13358       9566      11006      11748      11464       9338      13536       8317      12513      12746      12142      11933      10823      10966       7854      10219      11692      11389      11027      11919       9710      12291       7533        387        422        542        570        624        334        288       2238        471        242        920       1936        217        286        202        167        142        276        207        284        746        193        390        286        173        139       7144      10833      20486      12573       8187       9479      10892      10356       7868      12211       7877      11721      11892      11576      11064      10044      17733       8929       8691      11189      10421      10704      11852       9611      11241       7541        287        277        415        390        389        311       2370        329        439        400        497        409        441        473        351        297        293        447        369        410       1201        493        450        526        431        456   Rescheduling interrupts
 CAL:   93919363   13668947   25032676    7125677    3771038    4540845    6873990    2100874    3197186    1761170    1954674    4963507    1705592    1548387    1601354    1600701    1672529    1640407    3876264    1645229    1743729    1729403    1594317    1755413    1746738    1754156    2268632    2268358    2193849    2118489    1971187    1997329    1969261    1971630    1857737    1850391    1744894    1734183    1642230    1708922    1672760    1862162    1531471    1607315    1512866    1556940    1407719    1530185    1503625    1469903    1478013    1420643    1708309    1417644    1829534    1639070    1719113    1696446    1689392    1330672    1529328    1614532    1535037    1537668    1598893    1533239    1424584    1519464    1620744    1712773    1595992    1595856    1618988    1730594    1689438    1461119    1504563    1882818    1684569    1725418    1574460    1680230    1566679    1563600    1597643    1402416    1629494    1515708    1325940    1592161    1646085    1622248    1640717    1891993    1660252    1652166    1475480    1633233    1701948    1722656    1698925    1678783    1607895    1770374   Function call interrupts
 TLB:    2087917    2175684    1798700    1935606    1816028    1806769    1822052    1842268    1721286    1578289    1414428    1521014    1527781    1471889    1518907    1337842    1383428    1473578    1627542    1482183    1422855    1458474    1437311    1439265    1455900    1598504    1968329    1997415    2026781    1839950    1801453    1817147    1791890    1757715    1528108    1556170    1527257    1479144    1434131    1514321    1462067    1538877    1362618    1436221    1355145    1376175    1282286    1417047    1398878    1340392    1345269    1228120    1510551    1217916    1459001    1326328    1488160    1385297    1467995    1330017    1307844    1357234    1297083    1409883    1310339    1387736    1275824    1321866    1449045    1539601    1317880    1413776    1412067    1360045    1490047    1266736    1220079    1377315    1498550    1448486    1403928    1401382    1389795    1399948    1405120    1257010    1380434    1333911    1265023    1417109    1403087    1404809    1422785    1577464    1431561    1427128    1268278    1371857    1495458    1521008    1498558    1385823    1348025    1504925   TLB shootdowns
## cpuidle cpu estado tiempo_us entradas
cpu0 POLL 2647014 78598
cpu0 C1 1615921139 288553
cpu0 C1E 2143480084 4386813
cpu0 C6 3284883346123 347481556
cpu1 POLL 1205161 29984
cpu1 C1 963124606 306233
cpu1 C1E 1472953204 7002046
cpu1 C6 3133092868625 54746952
cpu2 POLL 1787569 86434
cpu2 C1 38135063495 546332
cpu2 C1E 1332023745 7236753
cpu2 C6 3245519201346 96100878
cpu3 POLL 825780 25834
cpu3 C1 3982727654 272703
cpu3 C1E 704607060 4705228
cpu3 C6 3149388666846 25898296
cpu4 POLL 629386 17826
cpu4 C1 891028932 252791
cpu4 C1E 557369301 4158984
cpu4 C6 3088140050608 18221925
cpu5 POLL 725291 22364
cpu5 C1 874070879 226287
cpu5 C1E 459417355 3233893
cpu5 C6 3141436303243 21297007
cpu6 POLL 447723 14213
cpu6 C1 1724706441 153281
cpu6 C1E 652430930 3292836
cpu6 C6 3165891436487 25043899
cpu7 POLL 623972 28759
cpu7 C1 1409009073 206514
cpu7 C1E 474342353 3474983
cpu7 C6 3120494410334 12584219
cpu16 POLL 1823265 38037
cpu16 C1 969632621 247559
cpu16 C1E 4741828773 33458198
cpu16 C6 3151195545810 87628849
cpu17 POLL 687886 19175
cpu17 C1 1341827171 176238
cpu17 C1E 1792459751 10420206
cpu17 C6 3251369537780 10987410
cpu18 POLL 793902 27342
cpu18 C1 83501957 182524
cpu18 C1E 1722663153 9862150
cpu18 C6 3245791458664 23652507
cpu19 POLL 722056 20189
cpu19 C1 2285461278 183810
cpu19 C1E 1469819985 8543945
cpu19 C6 3226747820769 9363230
cpu20 POLL 516031 16308
cpu20 C1 1544063326 153220
cpu20 C1E 701307300 4835744
cpu20 C6 3297587056803 9712357
cpu21 POLL 490691 13981
cpu21 C1 1238386647 133290
cpu21 C1E 724255344 4457041
cpu21 C6 3161144054136 16374429
cpu22 POLL 512740 16544
cpu22 C1 947096428 148691
cpu22 C1E 719858120 4421742
cpu22 C6 3198398061483 12587432
cpu23 POLL 545784 15189
cpu23 C1 1429273561 126659
cpu23 C1E 747452962 4378071
cpu23 C6 3228945866388 13568089
## daemon hilo utime stime cpu
