## stat
cpu  1731823721 127832 73378962 34435774729 22047830 6640597 1776062 0 0 0
cpu0 17753535 2358 823638 328816810 214777 173505 699262 0 0 0
cpu1 33507443 221 1411033 313270576 307164 141428 96874 0 0 0
cpu2 19010187 4456 885170 328174909 364524 94776 205109 0 0 0
cpu3 31873410 226 1295054 315134162 281276 123426 47231 0 0 0
cpu4 38073944 213 1547665 308679088 283466 139254 25743 0 0 0
cpu5 32902947 223 1414231 313872365 409852 125026 25754 0 0 0
cpu6 30507223 3022 1254655 316575659 259349 113263 42674 0 0 0
cpu7 34961301 62 1378283 311853732 382867 123914 7995 0 0 0
cpu8 32116225 576 1291704 314992997 223638 117079 15680 0 0 0
cpu9 38918488 0 1513844 307947906 224130 138865 6858 0 0 0
cpu10 35461302 14 1476973 311339169 342848 127400 6778 0 0 0
cpu11 21964315 199 1013975 325389671 272805 88582 30338 0 0 0
cpu12 35750289 76 1594156 310921361 351306 131156 7025 0 0 0
cpu13 35044794 1714 1427140 311894953 229414 126214 6155 0 0 0
cpu14 36182097 30 1474122 310649777 311313 133106 6055 0 0 0
cpu15 19360036 1174 851535 328242060 237502 75240 5826 0 0 0
cpu16 31491431 13 1301285 315607428 111558 129402 105907 0 0 0
cpu17 22351583 282 883287 325223522 225359 78897 7196 0 0 0
cpu18 22945333 105 940873 324564948 201727 85133 23893 0 0 0
cpu19 24548874 69 1074888 322753388 294083 89848 5498 0 0 0
cpu20 17881269 849 837584 329694085 287085 68809 5216 0 0 0
cpu21 31096805 26 1210167 315969149 344213 117283 5825 0 0 0
cpu22 27428042 34 1214759 319698594 307722 103410 6334 0 0 0
cpu23 24722631 58 836124 322849893 262965 85885 6089 0 0 0
cpu24 26465267 73 1013210 320767694 405269 96773 6376 0 0 0
cpu25 23935090 762 1039555 323411086 275754 92437 6212 0 0 0
cpu26 14419198 9534 663636 333301555 314494 54146 6079 0 0 0
cpu27 30468576 5770 1271986 316620248 290995 104618 2897 0 0 0
cpu28 22808723 5017 1007519 324666670 197081 82627 2639 0 0 0
cpu29 26767221 753 1152445 320455760 298708 92902 2223 0 0 0
cpu30 21621005 213 1002716 325857127 214634 75546 2350 0 0 0
cpu31 31449446 59 1395545 315563582 234776 116259 2648 0 0 0
cpu32 29892817 45 1386595 317176056 198579 108714 2736 0 0 0
cpu33 34347930 1381 1335922 312700040 252248 120661 3077 0 0 0
cpu34 22610144 350 984326 324777713 312111 84799 2262 0 0 0
cpu35 23030710 1942 1056872 324302143 298524 81700 2107 0 0 0
cpu36 37157508 0 1718168 309442883 299809 135381 3287 0 0 0
cpu37 22350258 87 997638 325080880 260493 79907 2811 0 0 0
cpu38 27192735 293 1267651 320050504 152563 101109 2430 0 0 0
cpu39 26302671 148 1239293 320906865 218509 98220 2526 0 0 0
cpu40 18434517 1266 829496 329197347 244795 67692 2183 0 0 0
cpu41 28438644 498 1274591 318704432 239730 105106 2857 0 0 0
cpu42 26858702 2365 1220559 320465405 113629 102557 2401 0 0 0
cpu43 24775891 44 1102250 322544937 250501 94931 2031 0 0 0
cpu44 34570570 717 1551009 312170171 335906 127229 3170 0 0 0
cpu45 25913053 1863 1263952 321256223 234179 97857 2052 0 0 0
cpu46 20601750 25 927778 327002661 165137 76752 1729 0 0 0
cpu47 14719737 2 708364 333270696 25502 55123 1510 0 0 0
cpu48 21519258 11 928931 326042733 201072 79566 1825 0 0 0
cpu49 24994364 3417 958249 322591218 133159 88987 1880 0 0 0
cpu50 24842158 3220 1058046 322629757 139042 93086 2261 0 0 0
cpu51 26289034 8458 1099814 320983842 284312 98105 2541 0 0 0
cpu52 7936493 660 291653 340405801 92046 35576 10186 0 0 0
cpu53 1164794 151 63530 347450558 73668 15618 4565 0 0 0
cpu54 15498403 767 473622 332574259 144428 63830 10280 0 0 0
cpu55 1064042 665 60407 347489884 152342 10868 5402 0 0 0
cpu56 1882661 1304 95446 346707457 73991 15458 8092 0 0 0
cpu57 1981341 240 79816 346589312 98897 16859 13957 0 0 0
cpu58 2855834 1416 127340 345486809 276505 20343 4617 0 0 0
cpu59 968970 209 68496 347317807 127816 11526 9792 0 0 0
cpu60 3326182 67 114002 345182919 145354 13905 5328 0 0 0
cpu61 2860824 627 130063 345566298 213433 13756 3919 0 0 0
cpu62 5074909 153 112101 343266913 311732 17103 5371 0 0 0
cpu63 4193366 256 140821 344151540 211237 18184 73820 0 0 0
cpu64 4204396 1274 158739 344238004 115835 29128 34947 0 0 0
cpu65 3201697 113 128541 345218296 223838 14274 3994 0 0 0
cpu66 3415757 227 103115 345174698 81936 12883 3415 0 0 0
cpu67 3074259 2405 116104 345394731 179482 15451 4078 0 0 0
cpu68 3447038 93 135403 345109299 59918 20867 3728 0 0 0
cpu69 3706285 216 137178 344760388 163691 16379 5952 0 0 0
cpu70 785178 48 50679 347857451 63678 11532 10704 0 0 0
cpu71 6227658 830 186106 342156577 189326 22639 3982 0 0 0
cpu72 18699256 972 699723 328965525 339411 63997 5861 0 0 0
cpu73 7113984 26 213679 341254586 169319 28694 4921 0 0 0
cpu74 7209298 2561 213077 341092070 231345 26448 5377 0 0 0
cpu75 6031890 43 194868 342378346 150529 22727 5045 0 0 0
cpu76 5681951 43 228380 342734115 111590 24379 4004 0 0 0
cpu77 7335539 193 298021 340779399 330070 31243 6221 0 0 0
cpu78 10544608 4101 275101 337786320 146950 28905 1069 0 0 0
cpu79 6840585 7624 287773 341397102 230537 23982 1255 0 0 0
cpu80 5314197 8727 247992 343031307 164830 19799 1789 0 0 0
cpu81 7824914 4176 362098 340327195 238428 28375 1273 0 0 0
cpu82 6390164 842 313029 341884407 177290 22833 862 0 0 0
cpu83 7899575 980 324025 340308730 225701 27827 1084 0 0 0
cpu84 1865166 1470 87321 346692648 139988 7427 763 0 0 0
cpu85 697511 57 41081 347953186 62527 5082 2471 0 0 0
cpu86 7027977 147 301743 341291870 141402 25335 919 0 0 0
cpu87 7501098 1270 371589 340689785 194074 28160 986 0 0 0
cpu88 1421323 232 59371 346921651 160739 8105 5509 0 0 0
cpu89 8314527 708 325755 339966208 151704 27864 1176 0 0 0
cpu90 10458355 16 428141 337662879 198108 37066 1152 0 0 0
cpu91 8133764 20 396724 340085775 138747 30240 1183 0 0 0
cpu92 7939365 1673 354584 340317856 139476 28150 1976 0 0 0
cpu93 10179551 3293 483059 337736159 343969 37968 1121 0 0 0
cpu94 12101520 2640 446637 335930580 256324 42549 1370 0 0 0
cpu95 9373844 1421 442656 338742689 187293 35169 1420 0 0 0
cpu96 580416 2701 33307 348040936 97987 4619 2486 0 0 0
cpu97 9480062 1418 410682 338683434 175724 33379 1103 0 0 0
cpu98 8876067 2 386406 339379815 108438 32828 1090 0 0 0
cpu99 7655246 177 346290 340739807 19255 27059 932 0 0 0
cpu100 9440339 33 361427 338777770 173744 32882 986 0 0 0
cpu101 8948027 159 403775 339279943 118220 34705 1355 0 0 0
cpu102 9915684 1447 424081 338268697 138265 36330 1368 0 0 0
cpu103 9527297 2575 435090 338518458 264190 36545 1342 0 0 0
## interrupts
            CPU0       CPU1       CPU2       CPU3       CPU4       CPU5       CPU6       CPU7       CPU8       CPU9       CPU10      CPU11      CPU12      CPU13      CPU14      CPU15      CPU16      CPU17      CPU18      CPU19      CPU20      CPU21      CPU22      CPU23      CPU24      CPU25      CPU26      CPU27      CPU28      CPU29      CPU30      CPU31      CPU32      CPU33      CPU34      CPU35      CPU36      CPU37      CPU38      CPU39      CPU40      CPU41      CPU42      CPU43      CPU44      CPU45      CPU46      CPU47      CPU48      CPU49      CPU50      CPU51      CPU52      CPU53      CPU54      CPU55      CPU56      CPU57      CPU58      CPU59      CPU60      CPU61      CPU62      CPU63      CPU64      CPU65      CPU66      CPU67      CPU68      CPU69      CPU70      CPU71      CPU72      CPU73      CPU74      CPU75      CPU76      CPU77      CPU78      CPU79      CPU80      CPU81      CPU82      CPU83      CPU84      CPU85      CPU86      CPU87      CPU88      CPU89      CPU90      CPU91      CPU92      CPU93      CPU94      CPU95      CPU96      CPU97      CPU98      CPU99      CPU100     CPU101     CPU102     CPU103     
 LOC:  443492651  392491772  267030200  350890484  407841278  358434988  338228723  374203170  345086124  412349586  376904359  248614462  379311456  371151770  382106534  208209529  342879198  240880031  252913885  263987803  193959028  335827150  295469208  266725748  288491790  260696913  157619616  321728915  241640029  282785626  230123383  332293979  316550828  360672062  239323787  244175369  392692356  236918233  287857446  278985633  195809439  300463695  285607803  262949131  365007375  275061243  218387754  157504395  227522413  263153241  263759465  278068867   92188823   27195303  172340375   20771520   27726335   31415737   44488976   22156323   39463743   35507042   57722402   51850879   49659498   38397898   39409424   40054690   47929315   43588434   15155927   70604558  199426432   79290404   81888107   68817343   65439843   83652953  111465578   74421164   59151239   85411166   69700261   84964443   22857487   12362540   76087897   81583025   21761479   89251889  111676841   88271927   86695093  109753189  129796597  101745708   11514256  101783572   96081476   82955478  101276272   96901406  106558257  102772473   Local timer interrupts
 RES:       7695      15157      12559      13358       9566      11006      11748      11464       9338      13536       8317      12513      12746      12142      11933      10823      10966       7854      10219      11692      11389      11027      11919       9710      12291       7533        387        422        542        570        624        334        288       2238        471        242        920       1936        217        286        202        167        142        276        207        284        746        193        390        286        173        139       7144      10833      20486      12573       8187       9479      10892      10356       7868      12211       7877      11721      11892      11576      11064      10044      17733       8929       8691      11189      10421      10704      11852       9611      11241       7541        287        277        415        390        389        311       2370        329        439        400        497        409        441        473        351        297        293        447        369        410       1201        493        450        526        431        456   Rescheduling interrupts
 CAL:   93919347   13668936   25032668    7125669    3771030    4540837    6873982    2100866    3197178    1761162    1954666    4963499    1705584    1548379    1601346    1600693    1672521    1640395    3876256    1645221    1743721    1729395    1594308    1755405    1746730    1754148    2268624    2268350    2193841    2118481    1971179    1997321    1969253    1971622    1857729    1850383    1744886    1734175    1642222    1708914    1672752    1862154    1531463    1607307    1512858    1556932    1407711    1530177    1503617    1469895    1478005    1420635    1708301    1417636    1829526    1639062    1719105    1696438    1689384    1330664    1529320    1614524    1535029    1537660    1598885    1533231    1424576    1519456    1620732    1712765    1595984    1595848    1618980    1730586    1689430    1461111    1504555    1882810    1684561    1725410    1574452    1680219    1566671    1563592    1597635    1402408    1629486    1515699    1325940    1592153    1646077    1622239    1640708    1891985    1660244    1652158    1475472    1633225    1701940    1722648    1698917    1678775    1607887    1770366   Function call interrupts
 TLB:    2087917    2175684    1798700    1935606    1816028    1806769    1822052    1842268    1721286    1578289    1414428    1521014    1527781    1471889    1518907    1337842    1383428    1473578    1627542    1482183    1422855    1458474    1437311    1439265    1455900    1598504    1968329    1997415    2026781    1839950    1801453    1817147    1791890    1757715    1528108    1556170    1527257    1479144    1434131    1514321    1462067    1538877    1362618    1436221    1355145    1376175    1282286    1417047    1398878    1340392    1345269    1228120    1510551    1217916    1459001    1326328    1488160    1385297    1467995    1330017    1307844    1357234    1297083    1409883    1310339    1387736    1275824    1321866    1449045    1539601    1317880    1413776    1412067    1360045    1490047    1266736    1220079    1377315    1498550    1448486    1403928    1401382    1389795    1399948    1405120    1257010    1380434    1333911    1265023    1417109    1403087    1404809    1422785    1577464    1431561    1427128    1268278    1371857    1495458    1521008    1498558    1385823    1348025    1504925   TLB shootdowns
## cpuidle cpu estado tiempo_us entradas
cpu0 POLL 2647014 78598
cpu0 C1 1615921048 288550
cpu0 C1E 2143479476 4386810
cpu0 C6 3284823074213 347481256
cpu1 POLL 1205161 29984
cpu1 C1 963124600 306232
cpu1 C1E 1472894122 7001851
cpu1 C6 3133031116728 54746819
cpu2 POLL 1787569 86434
cpu2 C1 38135023386 546322
cpu2 C1E 1332005706 7236681
cpu2 C6 3245458081643 96100649
cpu3 POLL 825780 25834
cpu3 C1 3982727654 272703
cpu3 C1E 704605862 4705212
cpu3 C6 3149328236030 25898161
cpu4 POLL 629386 17826
cpu4 C1 891028932 252791
cpu4 C1E 557367099 4158966
cpu4 C6 3088080088146 18221834
cpu5 POLL 725291 22364
cpu5 C1 874070879 226287
cpu5 C1E 459415400 3233874
cpu5 C6 3141376277711 21296895
cpu6 POLL 447723 14213
cpu6 C1 1724706441 153281
cpu6 C1E 652430633 3292821
cpu6 C6 3165831469392 25043846
cpu7 POLL 623972 28759
cpu7 C1 1409009073 206514
cpu7 C1E 474342049 3474968
cpu7 C6 3120434443266 12584167
cpu16 POLL 1823265 38037
cpu16 C1 969632621 247559
cpu16 C1E 4741828479 33458183
cpu16 C6 3151135265409 87628653
cpu17 POLL 687886 19175
cpu17 C1 1341819241 176230
cpu17 C1E 1792447502 10420162
cpu17 C6 3251311027501 10987233
cpu18 POLL 793902 27342
cpu18 C1 83501957 182524
cpu18 C1E 1722641638 9862086
cpu18 C6 3245731328475 23650953
cpu19 POLL 722056 20189
cpu19 C1 2285461278 183810
cpu19 C1E 1469819684 8543930
cpu19 C6 3226687821167 9363207
cpu20 POLL 516031 16308
cpu20 C1 1544063326 153220
cpu20 C1E 701306992 4835728
cpu20 C6 3297527089790 9712302
cpu21 POLL 490691 13981
cpu21 C1 1238386647 133290
cpu21 C1E 724255041 4457026
cpu21 C6 3161084023078 16374376
cpu22 POLL 512740 16544
cpu22 C1 947096428 148691
cpu22 C1E 719857953 4421732
cpu22 C6 3198337789631 12587242
cpu23 POLL 545784 15189
cpu23 C1 1429273561 126659
cpu23 C1E 747452659 4378056
cpu23 C6 3228885899594 13568037
## daemon hilo utime stime cpu
