## stat
cpu  1731823793 127832 73379089 34438100685 22047864 6640695 1776083 0 0 0
cpu0 17753535 2358 823638 328839177 214777 173505 699263 0 0 0
cpu1 33507445 221 1411043 313292866 307164 141446 96874 0 0 0
cpu2 19010187 4456 885173 328197273 364525 94777 205109 0 0 0
cpu3 31873412 226 1295058 315156526 281277 123426 47231 0 0 0
cpu4 38073945 213 1547669 308701454 283467 139254 25743 0 0 0
cpu5 32902947 223 1414234 313894731 409853 125026 25754 0 0 0
cpu6 30507234 3022 1254659 316597947 259350 113286 42678 0 0 0
cpu7 34961302 62 1378284 311876013 382868 123936 7996 0 0 0
cpu8 32116226 576 1291708 315015362 223639 117079 15680 0 0 0
cpu9 38918489 0 1513846 307970273 224131 138865 6858 0 0 0
cpu10 35461303 14 1476975 311361538 342848 127400 6778 0 0 0
cpu11 21964315 199 1013977 325412038 272806 88582 30338 0 0 0
cpu12 35750289 76 1594158 310943728 351307 131157 7025 0 0 0
cpu13 35044794 1714 1427143 311917320 229415 126215 6155 0 0 0
cpu14 36182097 30 1474123 310672147 311313 133106 6056 0 0 0
cpu15 19360037 1174 851537 328264423 237503 75241 5827 0 0 0
cpu16 31491431 13 1301285 315629797 111558 129402 105909 0 0 0
cpu17 22351583 282 883288 325245891 225359 78898 7196 0 0 0
cpu18 22945339 105 940877 324587297 201728 85136 23893 0 0 0
cpu19 24548874 69 1074888 322775758 294083 89848 5498 0 0 0
cpu20 17881269 849 837584 329716456 287085 68809 5216 0 0 0
cpu21 31096805 26 1210167 315991520 344213 117283 5825 0 0 0
cpu22 27428042 34 1214759 319720963 307722 103410 6335 0 0 0
cpu23 24722631 58 836124 322872264 262965 85885 6089 0 0 0
cpu24 26465267 73 1013210 320790065 405269 96773 6376 0 0 0
cpu25 23935090 762 1039555 323433457 275754 92437 6212 0 0 0
cpu26 14419198 9534 663637 333323925 314494 54146 6080 0 0 0
cpu27 30468576 5770 1271986 316642617 290995 104619 2897 0 0 0
cpu28 22808723 5017 1007519 324689041 197081 82627 2639 0 0 0
cpu29 26767221 753 1152445 320478131 298708 92902 2223 0 0 0
cpu30 21621005 213 1002716 325879497 214634 75546 2350 0 0 0
cpu31 31449446 59 1395545 315585953 234776 116259 2648 0 0 0
cpu32 29892817 45 1386595 317198427 198579 108714 2736 0 0 0
cpu33 34347930 1381 1335922 312722411 252248 120661 3077 0 0 0
cpu34 22610144 350 984326 324800084 312111 84799 2262 0 0 0
cpu35 23030710 1942 1056872 324324514 298524 81700 2107 0 0 0
cpu36 37157508 0 1718168 309465254 299809 135381 3287 0 0 0
cpu37 22350258 87 997638 325103251 260493 79907 2811 0 0 0
cpu38 27192735 293 1267651 320072875 152563 101109 2430 0 0 0
cpu39 26302671 148 1239293 320929236 218509 98220 2526 0 0 0
cpu40 18434517 1266 829496 329219718 244795 67693 2183 0 0 0
cpu41 28438644 498 1274591 318726803 239730 105106 2857 0 0 0
cpu42 26858702 2365 1220559 320487775 113629 102558 2401 0 0 0
cpu43 24775891 44 1102250 322567308 250501 94931 2031 0 0 0
cpu44 34570570 717 1551009 312192542 335906 127230 3170 0 0 0
cpu45 25913053 1863 1263952 321278594 234179 97857 2052 0 0 0
cpu46 20601751 25 927783 327025026 165137 76752 1729 0 0 0
cpu47 14719737 2 708364 333293066 25502 55123 1510 0 0 0
cpu48 21519258 11 928931 326065104 201072 79566 1825 0 0 0
cpu49 24994364 3417 958249 322613588 133159 88987 1880 0 0 0
cpu50 24842158 3220 1058046 322652128 139042 93086 2261 0 0 0
cpu51 26289034 8458 1099814 321006213 284312 98105 2541 0 0 0
cpu52 7936493 660 291653 340428172 92046 35576 10187 0 0 0
cpu53 1164794 151 63530 347472929 73668 15618 4565 0 0 0
cpu54 15498408 767 473627 332596608 144430 63833 10280 0 0 0
cpu55 1064042 665 60410 347512250 152343 10868 5402 0 0 0
cpu56 1882667 1304 95449 346729769 73993 15471 8092 0 0 0
cpu57 1981343 240 79819 346611673 98898 16859 13957 0 0 0
cpu58 2855835 1416 127342 345509176 276506 20343 4617 0 0 0
cpu59 968970 209 68500 347340171 127818 11526 9792 0 0 0
cpu60 3326183 67 114004 345205286 145354 13905 5328 0 0 0
cpu61 2860826 627 130067 345588663 213435 13756 3919 0 0 0
cpu62 5074910 153 112107 343289273 311734 17103 5371 0 0 0
cpu63 4193366 256 140823 344173905 211238 18184 73822 0 0 0
cpu64 4204397 1274 158741 344260371 115836 29128 34947 0 0 0
cpu65 3201698 113 128542 345240666 223838 14274 3994 0 0 0
cpu66 3415757 227 103117 345197066 81936 12883 3416 0 0 0
cpu67 3074259 2405 116105 345417101 179482 15451 4078 0 0 0
cpu68 3447038 93 135404 345131666 59919 20867 3728 0 0 0
cpu69 3706285 216 137179 344782757 163691 16379 5952 0 0 0
cpu70 785178 48 50680 347879821 63678 11532 10704 0 0 0
cpu71 6227658 830 186106 342178947 189327 22640 3982 0 0 0
cpu72 18699256 972 699723 328987896 339411 63997 5861 0 0 0
cpu73 7113984 26 213679 341276957 169319 28695 4921 0 0 0
cpu74 7209298 2561 213077 341114441 231345 26448 5377 0 0 0
cpu75 6031890 43 194868 342400717 150529 22727 5045 0 0 0
cpu76 5681951 43 228380 342756486 111590 24379 4004 0 0 0
cpu77 7335539 193 298021 340801770 330070 31243 6221 0 0 0
cpu78 10544608 4101 275102 337808690 146950 28906 1069 0 0 0
cpu79 6840585 7624 287773 341419473 230537 23982 1255 0 0 0
cpu80 5314197 8727 247992 343053678 164830 19799 1789 0 0 0
cpu81 7824914 4176 362099 340349563 238428 28375 1274 0 0 0
cpu82 6390164 842 313031 341906775 177290 22833 863 0 0 0
cpu83 7899575 980 324028 340331097 225702 27827 1084 0 0 0
cpu84 1865167 1470 87323 346715015 139989 7428 763 0 0 0
cpu85 697511 57 41083 347975551 62527 5083 2471 0 0 0
cpu86 7027977 147 301745 341314239 141402 25335 919 0 0 0
cpu87 7501098 1270 371591 340712153 194075 28161 986 0 0 0
cpu88 1421323 232 59373 346943963 160739 8106 5510 0 0 0
cpu89 8314528 708 325757 339988575 151705 27864 1176 0 0 0
cpu90 10458355 16 428143 337685247 198108 37067 1152 0 0 0
cpu91 8133764 20 396725 340108144 138748 30240 1183 0 0 0
cpu92 7939365 1673 354585 340340225 139477 28150 1976 0 0 0
cpu93 10179551 3293 483059 337758528 343969 37968 1122 0 0 0
cpu94 12101520 2640 446637 335952950 256324 42549 1370 0 0 0
cpu95 9373844 1421 442656 338765060 187293 35169 1420 0 0 0
cpu96 580433 2701 33308 348063286 97987 4619 2486 0 0 0
cpu97 9480062 1418 410682 338705805 175724 33379 1103 0 0 0
cpu98 8876067 2 386406 339402186 108438 32828 1090 0 0 0
cpu99 7655246 177 346290 340762178 19255 27059 933 0 0 0
cpu100 9440340 33 361428 338800139 173744 32883 986 0 0 0
cpu101 8948027 159 403776 339302314 118220 34705 1355 0 0 0
cpu102 9915684 1447 424081 338291068 138265 36330 1368 0 0 0
cpu103 9527297 2575 435090 338540829 264190 36545 1342 0 0 0
## interrupts
            CPU0       CPU1       CPU2       CPU3       CPU4       CPU5       CPU6       CPU7       CPU8       CPU9       CPU10      CPU11      CPU12      CPU13      CPU14      CPU15      CPU16      CPU17      CPU18      CPU19      CPU20      CPU21      CPU22      CPU23      CPU24      CPU25      CPU26      CPU27      CPU28      CPU29      CPU30      CPU31      CPU32      CPU33      CPU34      CPU35      CPU36      CPU37      CPU38      CPU39      CPU40      CPU41      CPU42      CPU43      CPU44      CPU45      CPU46      CPU47      CPU48      CPU49      CPU50      CPU51      CPU52      CPU53      CPU54      CPU55      CPU56      CPU57      CPU58      CPU59      CPU60      CPU61      CPU62      CPU63      CPU64      CPU65      CPU66      CPU67      CPU68      CPU69      CPU70      CPU71      CPU72      CPU73      CPU74      CPU75      CPU76      CPU77      CPU78      CPU79      CPU80      CPU81      CPU82      CPU83      CPU84      CPU85      CPU86      CPU87      CPU88      CPU89      CPU90      CPU91      CPU92      CPU93      CPU94      CPU95      CPU96      CPU97      CPU98      CPU99      CPU100     CPU101     CPU102     CPU103     
 LOC:  443493281  392856967  267031249  350891529  407841888  358435699  338376519  374646700  345086892  412350053  376904727  248615018  379311957  371152635  382106845  208211032  342879347  240881233  252920228  263988034  193959196  335827322  295470014  266725862  288491903  260697026  157620039  321729434  241640196  282785746  230123813  332294092  316550941  360672175  239323900  244175482  392692469  236918346  287857559  278985745  195809616  300463837  285607916  262949316  365007488  275061356  218388293  157504747  227522526  263153355  263759622  278068978   92189260   27195415  172345021   20772054   27979140   31418287   44489466   22157045   39464231   35507683   57723217   51851697   49659949   38398116   39410143   40054850   47931122   43588879   15156360   70604769  199426591   79290519   81888240   68817454   65439954   83653064  111465769   74421275   59151355   85411632   69700627   84964829   22857914   12363153   76088241   81583402   21762983   89252259  111677215   88272246   86695388  109753682  129796863  101745848   11514798  101783757   96081622   82955589  101276455   96901557  106558370  102772617   Local timer interrupts
 RES:       7695      15157      12559      13358       9566      11006      11748      11464       9338      13536       8317      12513      12746      12142      11933      10823      10966       7854      10219      11692      11389      11027      11920       9710      12291       7533        387        422        542        570        624        334        288       2238        471        242        920       1936        217        286        202        167        142        276        207        284        746        193        390        286        173        139       7144      10833      20486      12573       8187       9479      10892      10356       7868      12211       7877      11721      11892      11576      11064      10045      17733       8929       8691      11189      10421      10704      11852       9611      11241       7541        287        277        415        390        389        311       2370        329        439        400        497        409        441        473        351        297        293        447        370        410       1201        493        450        526        431        456   Rescheduling interrupts
 CAL:   93919508   13668988   25032710    7125709    3771068    4540876    6874015    2100921    3197216    1761200    1954704    4963537    1705622    1548419    1601384    1600735    1672561    1640440    3876295    1645259    1743759    1729433    1594348    1755443    1746768    1754186    2268662    2268388    2193879    2118520    1971217    1997359    1969291    1971660    1857767    1850421    1744924    1734213    1642260    1708954    1672790    1862192    1531501    1607345    1512896    1556970    1407749    1530216    1503655    1469933    1478056    1420673    1708339    1417674    1829564    1639100    1719143    1696478    1689422    1330702    1529358    1614562    1535068    1537698    1598923    1533269    1424615    1519494    1620779    1712803    1596028    1595886    1619034    1730624    1689469    1461149    1504593    1882848    1684599    1725448    1574490    1680261    1566709    1563630    1597673    1402446    1629524    1515738    1325949    1592191    1646115    1622278    1640747    1892023    1660290    1652196    1475510    1633263    1701978    1722686    1698955    1678813    1607925    1770405   Function call interrupts
 TLB:    2087917    2175684    1798700    1935606    1816028    1806769    1822052    1842268    1721286    1578289    1414428    1521014    1527781    1471889    1518907    1337844    1383428    1473578    1627542    1482183    1422855    1458474    1437311    1439265    1455900    1598504    1968329    1997415    2026781    1839950    1801453    1817147    1791890    1757715    1528108    1556170    1527257    1479144    1434131    1514322    1462067    1538877    1362618    1436221    1355145    1376175    1282286    1417047    1398878    1340392    1345282    1228120    1510551    1217916    1459001    1326328    1488160    1385297    1467995    1330017    1307844    1357234    1297083    1409883    1310339    1387736    1275824    1321866    1449045    1539601    1317886    1413776    1412087    1360045    1490047    1266736    1220079    1377315    1498550    1448486    1403928    1401382    1389795    1399948    1405120    1257010    1380434    1333911    1265023    1417109    1403087    1404809    1422785    1577464    1431569    1427128    1268278    1371857    1495458    1521008    1498558    1385823    1348025    1504925   TLB shootdowns
## cpuidle cpu estado tiempo_us entradas
cpu0 POLL 2647622 78613
cpu0 C1 1615952586 288578
cpu0 C1E 2143481681 4386867
cpu0 C6 3285046706306 347483275
cpu1 POLL 1205292 29986
cpu1 C1 963132663 306255
cpu1 C1E 1522505258 7368654
cpu1 C6 3133205748182 54747797
cpu2 POLL 1787944 86449
cpu2 C1 38143751936 546389
cpu2 C1E 1332076712 7236951
cpu2 C6 3245673836730 96103174
cpu3 POLL 825850 25837
cpu3 C1 3982727676 272706
cpu3 C1E 704655149 4705388
cpu3 C6 3149552035312 25899449
cpu4 POLL 629386 17826
cpu4 C1 891028932 252791
cpu4 C1E 557388351 4159075
cpu4 C6 3088304632553 18222583
cpu5 POLL 725291 22364
cpu5 C1 874070909 226288
cpu5 C1E 459441726 3233989
cpu5 C6 3141600050965 21299054
cpu6 POLL 447787 14214
cpu6 C1 1724714540 153352
cpu6 C1E 688185162 3398666
cpu6 C6 3166019553341 25116192
cpu7 POLL 624229 28765
cpu7 C1 1409009307 206520
cpu7 C1E 533692662 3918451
cpu7 C6 3120597996324 12584398
cpu16 POLL 1823265 38037
cpu16 C1 969632654 247561
cpu16 C1E 4741835785 33458251
cpu16 C6 3151358957031 87630415
cpu17 POLL 688028 19179
cpu17 C1 1341827290 176252
cpu17 C1E 1792626432 10420661
cpu17 C6 3251534539354 10988526
cpu18 POLL 793965 27343
cpu18 C1 83510351 182545
cpu18 C1E 1722840027 9862603
cpu18 C6 3245954597124 23659691
cpu19 POLL 722056 20189
cpu19 C1 2285461315 183811
cpu19 C1E 1469824826 8543995
cpu19 C6 3226912896318 9363460
cpu20 POLL 516040 16309
cpu20 C1 1544063333 153221
cpu20 C1E 701308955 4835791
cpu20 C6 3297751083888 9712614
cpu21 POLL 490691 13981
cpu21 C1 1238386647 133290
cpu21 C1E 724257105 4457083
cpu21 C6 3161308017800 16374686
cpu22 POLL 512743 16545
cpu22 C1 947096454 148695
cpu22 C1E 719858721 4421773
cpu22 C6 3198561483070 12588500
cpu23 POLL 545784 15189
cpu23 C1 1429273561 126659
cpu23 C1E 747454241 4378112
cpu23 C6 3229109895926 13568283
## daemon hilo utime stime cpu
cpu_loop_main 7 2 6
cpu_loop_main 0 0 6
