## stat
cpu  1731823801 127832 73379108 34438727665 22047871 6640721 1776086 0 0 0
cpu0 17753535 2358 823638 328845207 214777 173505 699263 0 0 0
cpu1 33507445 221 1411044 313298815 307164 141466 96875 0 0 0
cpu2 19010188 4456 885174 328203301 364525 94777 205110 0 0 0
cpu3 31873412 226 1295059 315162555 281277 123426 47231 0 0 0
cpu4 38073945 213 1547669 308707483 283467 139254 25743 0 0 0
cpu5 32902947 223 1414234 313900761 409853 125026 25754 0 0 0
cpu6 30507234 3022 1254659 316603971 259350 113288 42678 0 0 0
cpu7 34961302 62 1378284 311882043 382868 123937 7996 0 0 0
cpu8 32116226 576 1291708 315021392 223639 117079 15680 0 0 0
cpu9 38918489 0 1513846 307976303 224131 138865 6858 0 0 0
cpu10 35461303 14 1476975 311367568 342848 127400 6778 0 0 0
cpu11 21964315 199 1013977 325418068 272806 88582 30338 0 0 0
cpu12 35750289 76 1594158 310949758 351307 131157 7025 0 0 0
cpu13 35044794 1714 1427143 311923350 229415 126215 6155 0 0 0
cpu14 36182097 30 1474123 310678177 311313 133106 6056 0 0 0
cpu15 19360037 1174 851537 328270452 237503 75241 5827 0 0 0
cpu16 31491431 13 1301285 315635827 111558 129402 105909 0 0 0
cpu17 22351583 282 883288 325251921 225359 78898 7196 0 0 0
cpu18 22945340 105 940878 324593323 201728 85136 23893 0 0 0
cpu19 24548874 69 1074888 322781788 294083 89848 5498 0 0 0
cpu20 17881269 849 837584 329722486 287085 68809 5216 0 0 0
cpu21 31096805 26 1210167 315997550 344213 117283 5825 0 0 0
cpu22 27428042 34 1214759 319726992 307722 103410 6335 0 0 0
cpu23 24722631 58 836124 322878294 262965 85885 6089 0 0 0
cpu24 26465267 73 1013210 320796095 405269 96773 6376 0 0 0
cpu25 23935090 762 1039555 323439487 275754 92437 6212 0 0 0
cpu26 14419198 9534 663637 333329955 314494 54146 6080 0 0 0
cpu27 30468576 5770 1271986 316648646 290995 104619 2897 0 0 0
cpu28 22808723 5017 1007519 324695071 197081 82627 2639 0 0 0
cpu29 26767221 753 1152445 320484161 298708 92902 2223 0 0 0
cpu30 21621006 213 1002718 325885524 214635 75547 2350 0 0 0
cpu31 31449446 59 1395547 315591981 234776 116259 2648 0 0 0
cpu32 29892817 45 1386596 317204456 198579 108714 2736 0 0 0
cpu33 34347930 1381 1335923 312728438 252250 120661 3077 0 0 0
cpu34 22610144 350 984327 324806112 312111 84800 2262 0 0 0
cpu35 23030710 1942 1056872 324330543 298524 81700 2107 0 0 0
cpu36 37157508 0 1718168 309471284 299809 135381 3287 0 0 0
cpu37 22350258 87 997638 325109280 260493 79907 2811 0 0 0
cpu38 27192735 293 1267651 320078904 152563 101109 2430 0 0 0
cpu39 26302671 148 1239293 320935265 218509 98220 2526 0 0 0
cpu40 18434517 1266 829496 329225748 244795 67693 2183 0 0 0
cpu41 28438644 498 1274592 318732833 239730 105106 2857 0 0 0
cpu42 26858702 2365 1220559 320493805 113629 102558 2401 0 0 0
cpu43 24775891 44 1102250 322573338 250501 94931 2031 0 0 0
cpu44 34570570 717 1551009 312198572 335906 127230 3170 0 0 0
cpu45 25913053 1863 1263952 321284624 234179 97857 2052 0 0 0
cpu46 20601752 25 927784 327031055 165137 76752 1729 0 0 0
cpu47 14719737 2 708364 333299096 25502 55123 1510 0 0 0
cpu48 21519258 11 928931 326071134 201072 79566 1825 0 0 0
cpu49 24994364 3417 958249 322619618 133159 88987 1880 0 0 0
cpu50 24842158 3220 1058046 322658158 139042 93086 2261 0 0 0
cpu51 26289034 8458 1099814 321012242 284312 98105 2541 0 0 0
cpu52 7936493 660 291653 340434202 92046 35576 10187 0 0 0
cpu53 1164794 151 63530 347478959 73668 15618 4565 0 0 0
cpu54 15498408 767 473627 332602638 144430 63833 10280 0 0 0
cpu55 1064042 665 60410 347518280 152343 10868 5402 0 0 0
cpu56 1882667 1304 95450 346735798 73993 15471 8092 0 0 0
cpu57 1981345 240 79820 346617700 98898 16860 13957 0 0 0
cpu58 2855835 1416 127342 345515206 276506 20343 4617 0 0 0
cpu59 968970 209 68500 347346200 127818 11526 9792 0 0 0
cpu60 3326183 67 114005 345211315 145355 13905 5328 0 0 0
cpu61 2860826 627 130067 345594692 213435 13756 3919 0 0 0
cpu62 5074910 153 112107 343295303 311734 17103 5371 0 0 0
cpu63 4193366 256 140824 344179934 211238 18184 73823 0 0 0
cpu64 4204397 1274 158741 344266401 115836 29128 34947 0 0 0
cpu65 3201698 113 128542 345246696 223838 14274 3994 0 0 0
cpu66 3415757 227 103117 345203096 81936 12883 3416 0 0 0
cpu67 3074259 2405 116105 345423131 179482 15451 4078 0 0 0
cpu68 3447038 93 135404 345137696 59919 20868 3728 0 0 0
cpu69 3706285 216 137179 344788787 163691 16380 5952 0 0 0
cpu70 785178 48 50680 347885851 63678 11532 10704 0 0 0
cpu71 6227658 830 186106 342184977 189327 22640 3982 0 0 0
cpu72 18699256 972 699723 328993926 339411 63997 5861 0 0 0
cpu73 7113984 26 213679 341282987 169319 28695 4921 0 0 0
cpu74 7209298 2561 213077 341120471 231345 26448 5377 0 0 0
cpu75 6031890 43 194868 342406747 150529 22727 5045 0 0 0
cpu76 5681951 43 228380 342762516 111590 24379 4004 0 0 0
cpu77 7335539 193 298021 340807800 330070 31243 6221 0 0 0
cpu78 10544608 4101 275102 337814720 146950 28906 1069 0 0 0
cpu79 6840585 7624 287773 341425503 230537 23982 1255 0 0 0
cpu80 5314197 8727 247992 343059708 164830 19799 1789 0 0 0
cpu81 7824914 4176 362100 340355591 238428 28375 1274 0 0 0
cpu82 6390164 842 313032 341912805 177290 22834 863 0 0 0
cpu83 7899576 980 324028 340337127 225702 27827 1084 0 0 0
cpu84 1865168 1470 87324 346721043 139989 7428 763 0 0 0
cpu85 697512 57 41083 347981580 62527 5083 2471 0 0 0
cpu86 7027977 147 301745 341320268 141402 25335 919 0 0 0
cpu87 7501098 1270 371591 340718183 194075 28161 986 0 0 0
cpu88 1421323 232 59374 346949977 160739 8106 5511 0 0 0
cpu89 8314528 708 325757 339994605 151705 27864 1176 0 0 0
cpu90 10458355 16 428143 337691277 198108 37067 1152 0 0 0
cpu91 8133764 20 396725 340114174 138748 30240 1183 0 0 0
cpu92 7939365 1673 354585 340346255 139477 28150 1976 0 0 0
cpu93 10179551 3293 483060 337764558 343969 37968 1122 0 0 0
cpu94 12101520 2640 446637 335958980 256324 42549 1370 0 0 0
cpu95 9373844 1421 442656 338771090 187293 35169 1420 0 0 0
cpu96 580433 2701 33308 348069316 97987 4619 2486 0 0 0
cpu97 9480062 1418 410682 338711835 175724 33379 1103 0 0 0
cpu98 8876067 2 386406 339408216 108438 32828 1090 0 0 0
cpu99 7655246 177 346290 340768208 19255 27059 933 0 0 0
cpu100 9440340 33 361428 338806169 173744 32883 986 0 0 0
cpu101 8948027 159 403776 339308344 118220 34705 1355 0 0 0
cpu102 9915684 1447 424081 338297098 138265 36330 1368 0 0 0
cpu103 9527297 2575 435090 338546859 264190 36545 1342 0 0 0
## interrupts
            CPU0       CPU1       CPU2       CPU3       CPU4       CPU5       CPU6       CPU7       CPU8       CPU9       CPU10      CPU11      CPU12      CPU13      CPU14      CPU15      CPU16      CPU17      CPU18      CPU19      CPU20      CPU21      CPU22      CPU23      CPU24      CPU25      CPU26      CPU27      CPU28      CPU29      CPU30      CPU31      CPU32      CPU33      CPU34      CPU35      CPU36      CPU37      CPU38      CPU39      CPU40      CPU41      CPU42      CPU43      CPU44      CPU45      CPU46      CPU47      CPU48      CPU49      CPU50      CPU51      CPU52      CPU53      CPU54      CPU55      CPU56      CPU57      CPU58      CPU59      CPU60      CPU61      CPU62      CPU63      CPU64      CPU65      CPU66      CPU67      CPU68      CPU69      CPU70      CPU71      CPU72      CPU73      CPU74      CPU75      CPU76      CPU77      CPU78      CPU79      CPU80      CPU81      CPU82      CPU83      CPU84      CPU85      CPU86      CPU87      CPU88      CPU89      CPU90      CPU91      CPU92      CPU93      CPU94      CPU95      CPU96      CPU97      CPU98      CPU99      CPU100     CPU101     CPU102     CPU103     
 LOC:  443493403  393268361  267031533  350891673  407841956  358435729  338401472  374646730  345086922  412350083  376904757  248615048  379312033  371152669  382106875  208211174  342879509  240881306  252922169  263988098  193959229  335827352  295470210  266725892  288491933  260697056  157620151  321729614  241640241  282785786  230124115  332294255  316551099  360672351  239324039  244175601  392692499  236918433  287857629  278985839  195809736  300463911  285607946  262949365  365007518  275061386  218388479  157504802  227522556  263153418  263759667  278069033   92189399   27195447  172345052   20772086   27979242   31419974   44489516   22157159   39464305   35507776   57723294   51851885   49660031   38398183   39410211   40054923   47931154   43589406   15156457   70604802  199426623   79290551   81888272   68817486   65439986   83653096  111465814   74421307   59151388   85412019   69700683   84964931   22858034   12363296   76088333   81583490   21763421   89252291  111677247   88272278   86695420  109753748  129796928  101745880   11514875  101783789   96081654   82955621  101276487   96901589  106558402  102772647   Local timer interrupts
 RES:       7695      15157      12559      13358       9566      11006      11748      11464       9338      13536       8317      12513      12746      12142      11933      10823      10966       7854      10219      11692      11389      11027      11920       9710      12291       7533        387        422        542        570        624        334        288       2238        471        242        920       1936        217        286        202        167        142        276        207        284        746        193        390        286        173        139       7144      10833      20486      12573       8188       9479      10892      10357       7869      12211       7877      11721      11892      11576      11064      10045      17733       8929       8691      11189      10421      10704      11852       9611      11241       7541        287        277        415        390        389        311       2370        329        439        400        497        409        441        473        351        297        293        447        370        410       1201        493        450        526        431        456   Rescheduling interrupts
 CAL:   93919535   13668995   25032718    7125716    3771075    4540883    6874022    2100928    3197223    1761207    1954711    4963544    1705629    1548426    1601391    1600742    1672570    1640448    3876302    1645266    1743766    1729440    1594356    1755450    1746775    1754193    2268669    2268396    2193886    2118527    1971225    1997366    1969298    1971667    1857774    1850428    1744931    1734220    1642267    1708961    1672797    1862199    1531508    1607352    1512903    1556977    1407756    1530223    1503662    1469940    1478063    1420680    1708346    1417681    1829571    1639107    1719150    1696486    1689429    1330709    1529365    1614569    1535075    1537705    1598930    1533276    1424622    1519501    1620786    1712811    1596035    1595893    1619041    1730631    1689476    1461156    1504600    1882855    1684606    1725455    1574497    1680270    1566716    1563637    1597680    1402453    1629531    1515745    1325949    1592198    1646122    1622285    1640754    1892030    1660297    1652203    1475517    1633270    1701985    1722693    1698962    1678820    1607932    1770412   Function call interrupts
 TLB:    2087917    2175684    1798700    1935606    1816028    1806769    1822052    1842268    1721286    1578289    1414428    1521014    1527781    1471889    1518907    1337844    1383428    1473578    1627542    1482183    1422855    1458474    1437311    1439265    1455900    1598504    1968329    1997415    2026781    1839950    1801453    1817147    1791890    1757715    1528108    1556170    1527257    1479144    1434131    1514322    1462067    1538877    1362618    1436221    1355145    1376175    1282286    1417047    1398878    1340392    1345282    1228120    1510551    1217916    1459001    1326328    1488160    1385297    1467995    1330017    1307844    1357234    1297083    1409883    1310339    1387736    1275824    1321866    1449045    1539601    1317886    1413776    1412087    1360045    1490047    1266736    1220079    1377315    1498550    1448486    1403928    1401382    1389795    1399948    1405120    1257010    1380434    1333911    1265023    1417109    1403087    1404809    1422785    1577464    1431569    1427128    1268278    1371857    1495458    1521008    1498558    1385823    1348025    1504925   TLB shootdowns
## cpuidle cpu estado tiempo_us entradas
cpu0 POLL 2647703 78616
cpu0 C1 1616064832 288591
cpu0 C1E 2143481821 4386886
cpu0 C6 3285106888724 347483700
cpu1 POLL 1205357 29987
cpu1 C1 963132677 306258
cpu1 C1E 1578593995 7780362
cpu1 C6 3133208961953 54747860
cpu2 POLL 1788202 86466
cpu2 C1 38144958891 546409
cpu2 C1E 1332085112 7236993
cpu2 C6 3245732585280 96103444
cpu3 POLL 825850 25837
cpu3 C1 3982727693 272708
cpu3 C1E 704660693 4705411
cpu3 C6 3149612142544 25899628
cpu4 POLL 629386 17826
cpu4 C1 891028932 252791
cpu4 C1E 557388819 4159090
cpu4 C6 3088364617724 18222678
cpu5 POLL 725291 22364
cpu5 C1 874070909 226288
cpu5 C1E 459442214 3234004
cpu5 C6 3141660320720 21300395
cpu6 POLL 447790 14217
cpu6 C1 1724731236 153379
cpu6 C1E 691390249 3422323
cpu6 C6 3166076547327 25117307
cpu7 POLL 624229 28765
cpu7 C1 1409009307 206520
cpu7 C1E 533693136 3918466
cpu7 C6 3120658987667 12584493
cpu16 POLL 1823337 38041
cpu16 C1 969632685 247565
cpu16 C1E 4741901214 33458418
cpu16 C6 3151419170126 87630876
cpu17 POLL 688028 19179
cpu17 C1 1341827296 176253
cpu17 C1E 1792647882 10420706
cpu17 C6 3251594800016 10988794
cpu18 POLL 793965 27343
cpu18 C1 83513825 182550
cpu18 C1E 1722906734 9862750
cpu18 C6 3246014743055 23662483
cpu19 POLL 722061 20190
cpu19 C1 2285461315 183811
cpu19 C1E 1469832206 8544016
cpu19 C6 3226972888717 9363560
cpu20 POLL 516040 16309
cpu20 C1 1544063333 153221
cpu20 C1E 701309423 4835807
cpu20 C6 3297811051202 9712708
cpu21 POLL 490691 13981
cpu21 C1 1238386647 133290
cpu21 C1E 724257563 4457098
cpu21 C6 3161368049023 16374776
cpu22 POLL 512743 16545
cpu22 C1 947096472 148698
cpu22 C1E 719858907 4421783
cpu22 C6 3198621759646 12588879
cpu23 POLL 545784 15189
cpu23 C1 1429273561 126659
cpu23 C1E 747454711 4378127
cpu23 C6 3229170887182 13568374
## daemon hilo utime stime cpu
cpu_loop_main 33 10 1
cpu_loop_main 0 0 6
