## stat
cpu  1731823268 127832 73378248 34426317660 22047624 6639996 1775933 0 0 0
cpu0 17753534 2358 823632 328725868 214775 173502 699254 0 0 0
cpu1 33507443 221 1411029 313179616 307163 141427 96873 0 0 0
cpu2 19010186 4456 885165 328083955 364522 94775 205108 0 0 0
cpu3 31873409 226 1295051 315043202 281275 123425 47230 0 0 0
cpu4 38073943 213 1547664 308588125 283465 139254 25742 0 0 0
cpu5 32902946 223 1414229 313781402 409851 125025 25753 0 0 0
cpu6 30507082 3022 1254486 316485845 259349 112953 42635 0 0 0
cpu7 34961299 62 1378277 311762914 382854 123884 7995 0 0 0
cpu8 32116224 576 1291701 314902086 223637 117066 15679 0 0 0
cpu9 38918487 0 1513842 307856944 224129 138865 6857 0 0 0
cpu10 35461302 14 1476971 311248206 342847 127400 6777 0 0 0
cpu11 21964309 199 1013974 325298744 272800 88576 30338 0 0 0
cpu12 35750289 76 1594155 310830398 351305 131156 7025 0 0 0
cpu13 35044793 1714 1427140 311803988 229414 126214 6155 0 0 0
cpu14 36182097 30 1474121 310558813 311312 133106 6055 0 0 0
cpu15 19360035 1174 851528 328151118 237500 75238 5821 0 0 0
cpu16 31491431 13 1301281 315516482 111558 129399 105896 0 0 0
cpu17 22351581 282 883272 325132624 225359 78881 7195 0 0 0
cpu18 22945293 105 940846 324474094 201726 85115 23891 0 0 0
cpu19 24548873 69 1074884 322662427 294083 89848 5498 0 0 0
cpu20 17881269 849 837583 329603123 287084 68808 5216 0 0 0
cpu21 31096805 26 1210167 315878184 344213 117283 5825 0 0 0
cpu22 27428042 34 1214757 319607634 307721 103409 6334 0 0 0
cpu23 24722631 58 836121 322758933 262964 85885 6089 0 0 0
cpu24 26465267 73 1013210 320676729 405269 96773 6376 0 0 0
cpu25 23935090 762 1039554 323320123 275753 92436 6212 0 0 0
cpu26 14419198 9534 663636 333210593 314494 54145 6079 0 0 0
cpu27 30468576 5770 1271985 316529287 290995 104617 2897 0 0 0
cpu28 22808723 5017 1007519 324575706 197081 82627 2639 0 0 0
cpu29 26767220 753 1152444 320364797 298706 92902 2223 0 0 0
cpu30 21621000 213 1002703 325766183 214630 75545 2349 0 0 0
cpu31 31449437 59 1395535 315472693 234765 116247 2647 0 0 0
cpu32 29892815 45 1386591 317085097 198577 108713 2736 0 0 0
cpu33 34347928 1381 1335914 312609086 252246 120660 3076 0 0 0
cpu34 22610141 350 984320 324686760 312108 84799 2261 0 0 0
cpu35 23030705 1942 1056866 324211225 298523 81691 2106 0 0 0
cpu36 37157508 0 1718167 309351985 299808 135364 3286 0 0 0
cpu37 22350257 87 997635 324989919 260492 79906 2810 0 0 0
cpu38 27192734 293 1267644 319959547 152561 101109 2429 0 0 0
cpu39 26302671 148 1239290 320815903 218508 98220 2526 0 0 0
cpu40 18434515 1266 829492 329106389 244794 67692 2183 0 0 0
cpu41 28438643 498 1274589 318613469 239729 105106 2856 0 0 0
cpu42 26858702 2365 1220557 320374442 113628 102557 2401 0 0 0
cpu43 24775891 44 1102250 322453974 250500 94930 2031 0 0 0
cpu44 34570570 717 1551009 312079205 335906 127229 3170 0 0 0
cpu45 25913053 1863 1263951 321165260 234179 97857 2052 0 0 0
cpu46 20601744 25 927764 326911717 165137 76751 1729 0 0 0
cpu47 14719737 2 708364 333179732 25502 55123 1509 0 0 0
cpu48 21519258 11 928931 325951767 201072 79566 1825 0 0 0
cpu49 24994364 3417 958249 322500251 133159 88987 1880 0 0 0
cpu50 24842158 3220 1058046 322538791 139042 93086 2261 0 0 0
cpu51 26289034 8458 1099814 320892876 284312 98105 2541 0 0 0
cpu52 7936493 660 291652 340314839 92046 35575 10186 0 0 0
cpu53 1164794 151 63530 347359591 73668 15618 4565 0 0 0
cpu54 15498365 767 473597 332483405 144428 63813 10279 0 0 0
cpu55 1064042 665 60407 347398918 152342 10867 5402 0 0 0
cpu56 1882661 1304 95445 346616491 73991 15458 8092 0 0 0
cpu57 1981341 240 79816 346498346 98897 16858 13957 0 0 0
cpu58 2855834 1416 127340 345395847 276505 20341 4615 0 0 0
cpu59 968970 209 68496 347226841 127816 11525 9792 0 0 0
cpu60 3326182 67 113999 345091958 145353 13905 5328 0 0 0
cpu61 2860822 627 130058 345475341 213431 13755 3919 0 0 0
cpu62 5074903 153 112092 343175969 311729 17101 5370 0 0 0
cpu63 4193363 256 140815 344060598 211234 18183 73807 0 0 0
cpu64 4204395 1274 158734 344147047 115833 29127 34946 0 0 0
cpu65 3201696 113 128536 345127339 223836 14274 3994 0 0 0
cpu66 3415755 227 103110 345083740 81935 12882 3415 0 0 0
cpu67 3074259 2405 116104 345303765 179482 15451 4078 0 0 0
cpu68 3447037 93 135401 345018337 59918 20866 3727 0 0 0
cpu69 3706284 216 137176 344669426 163690 16378 5952 0 0 0
cpu70 785177 48 50675 347766497 63677 11531 10703 0 0 0
cpu71 6227656 830 186099 342065623 189324 22639 3982 0 0 0
cpu72 18699250 972 699717 328874622 339409 63984 5861 0 0 0
cpu73 7113982 26 213676 341163634 169317 28693 4918 0 0 0
cpu74 7209296 2561 213072 341001115 231343 26448 5377 0 0 0
cpu75 6031888 43 194861 342287393 150526 22726 5045 0 0 0
cpu76 5681949 43 228374 342643160 111588 24379 4003 0 0 0
cpu77 7335538 193 298017 340688442 330068 31242 6221 0 0 0
cpu78 10544608 4101 275101 337695355 146950 28905 1069 0 0 0
cpu79 6840585 7624 287773 341306136 230537 23982 1255 0 0 0
cpu80 5314194 8727 247979 342940449 164816 19781 1787 0 0 0
cpu81 7824905 4176 362072 340236408 238411 28343 1271 0 0 0
cpu82 6390158 842 313012 341793471 177284 22832 862 0 0 0
cpu83 7899570 980 324006 340217798 225695 27825 1082 0 0 0
cpu84 1865131 1470 87293 346601843 139975 7405 761 0 0 0
cpu85 697503 57 41061 347862268 62519 5080 2469 0 0 0
cpu86 7027970 147 301725 341200937 141396 25333 918 0 0 0
cpu87 7501076 1270 371573 340598865 194068 28159 985 0 0 0
cpu88 1421320 232 59357 346830887 160733 8102 5504 0 0 0
cpu89 8314522 708 325737 339875272 151698 27863 1175 0 0 0
cpu90 10458351 16 428128 337571936 198103 37065 1151 0 0 0
cpu91 8133759 20 396712 339994833 138741 30239 1182 0 0 0
cpu92 7939362 1673 354575 340226907 139473 28149 1975 0 0 0
cpu93 10179549 3293 483055 337645206 343967 37967 1120 0 0 0
cpu94 12101519 2640 446633 335839622 256323 42548 1370 0 0 0
cpu95 9373844 1421 442654 338651728 187292 35168 1420 0 0 0
cpu96 580398 2701 33305 347949999 97987 4618 2485 0 0 0
cpu97 9480062 1418 410681 338592470 175724 33379 1103 0 0 0
cpu98 8876067 2 386405 339288850 108438 32828 1090 0 0 0
cpu99 7655246 177 346290 340648841 19255 27058 932 0 0 0
cpu100 9440339 33 361425 338686806 173744 32882 986 0 0 0
cpu101 8948027 159 403775 339188977 118220 34705 1355 0 0 0
cpu102 9915684 1447 424081 338177731 138265 36330 1368 0 0 0
cpu103 9527297 2575 435090 338427492 264190 36544 1342 0 0 0
## interrupts
            CPU0       CPU1       CPU2       CPU3       CPU4       CPU5       CPU6       CPU7       CPU8       CPU9       CPU10      CPU11      CPU12      CPU13      CPU14      CPU15      CPU16      CPU17      CPU18      CPU19      CPU20      CPU21      CPU22      CPU23      CPU24      CPU25      CPU26      CPU27      CPU28      CPU29      CPU30      CPU31      CPU32      CPU33      CPU34      CPU35      CPU36      CPU37      CPU38      CPU39      CPU40      CPU41      CPU42      CPU43      CPU44      CPU45      CPU46      CPU47      CPU48      CPU49      CPU50      CPU51      CPU52      CPU53      CPU54      CPU55      CPU56      CPU57      CPU58      CPU59      CPU60      CPU61      CPU62      CPU63      CPU64      CPU65      CPU66      CPU67      CPU68      CPU69      CPU70      CPU71      CPU72      CPU73      CPU74      CPU75      CPU76      CPU77      CPU78      CPU79      CPU80      CPU81      CPU82      CPU83      CPU84      CPU85      CPU86      CPU87      CPU88      CPU89      CPU90      CPU91      CPU92      CPU93      CPU94      CPU95      CPU96      CPU97      CPU98      CPU99      CPU100     CPU101     CPU102     CPU103     
 LOC:  443488724  392490544  267027002  350889459  407840419  358434269  337327103  373590240  344833689  412347890  376903545  248496417  379310330  371151153  382105879  208205563  342873971  240613074  252889326  263986486  193957954  335826648  295467646  266724977  288491210  260696248  157617917  321727032  241639221  282784961  230118915  332083111  316549721  360670623  239322381  243997990  392363798  236917117  287856120  278984638  195808220  300462526  285606933  262948132  365006779  275060590  218385857  157503475  227521914  263152783  263758992  278068402   92187065   27194841  172315426   20771034   27725832   31415269   44488340   22155695   39462519   35505794   57694055   51848422   49658277   38396598   39407600   40053717   47927412   43587047   15153433   70602971  199183415   79287382   81886856   68815894   65438555   83651867  111464893   74419502   58816548   84817680   69696817   84960444   22466556   12358140   76084285   81579591   21754369   89248613  111674205   88269100   86692917  109750490  129794967  101744695   11512564  101783005   96080807   82954914  101275713   96900891  106557800  102772015   Local timer interrupts
 RES:       7694      15157      12559      13358       9566      11006      11748      11464       9338      13535       8317      12513      12746      12142      11933      10823      10966       7854      10219      11692      11389      11027      11916       9710      12291       7533        387        422        542        570        624        334        288       2237        471        242        920       1936        217        286        202        167        142        276        207        284        746        193        390        286        173        139       7144      10833      20486      12573       8187       9479      10892      10356       7868      12211       7877      11720      11892      11576      11064      10044      17731       8929       8691      11186      10419      10699      11852       9610      11241       7541        287        277        415        390        388        311       2370        327        436        398        493        405        439        470        350        296        293        447        367        410       1201        493        450        526        431        456   Rescheduling interrupts
 CAL:   93918510   13668728   25032501    7125498    3770871    4540681    6873824    2100707    3197022    1761006    1954510    4963308    1705428    1548223    1601190    1600526    1672334    1640218    3876087    1645061    1743565    1729239    1594149    1755249    1746574    1753992    2268468    2268182    2193685    2118324    1970992    1997146    1969097    1971465    1857572    1850229    1744732    1734019    1642045    1708757    1672596    1861988    1531307    1607151    1512702    1556776    1407555    1530021    1503461    1469739    1477828    1420479    1708145    1417480    1829370    1638906    1718949    1696282    1689228    1330508    1529163    1614368    1534873    1537504    1598729    1533075    1424413    1519298    1620550    1712606    1595777    1595687    1618828    1730418    1689272    1460955    1504398    1882652    1684405    1725254    1574273    1680019    1566509    1563434    1597467    1402224    1629328    1515543    1325899    1591991    1645921    1622083    1640551    1891824    1660064    1652002    1475316    1633069    1701784    1722492    1698761    1678619    1607731    1770210   Function call interrupts
 TLB:    2087917    2175684    1798700    1935606    1816028    1806769    1822052    1842268    1721286    1578289    1414428    1521004    1527781    1471889    1518907    1337842    1383428    1473578    1627542    1482183    1422855    1458474    1437311    1439265    1455900    1598504    1968329    1997402    2026781    1839950    1801421    1817147    1791890    1757715    1528108    1556170    1527257    1479144    1434111    1514321    1462067    1538868    1362618    1436221    1355145    1376175    1282286    1417047    1398878    1340392    1345248    1228120    1510551    1217916    1459001    1326328    1488160    1385297    1467995    1330017    1307844    1357234    1297083    1409883    1310339    1387736    1275824    1321866    1449045    1539601    1317830    1413772    1412067    1360045    1490047    1266736    1220079    1377315    1498550    1448486    1403928    1401382    1389795    1399948    1405100    1256984    1380434    1333911    1265023    1417106    1403087    1404809    1422785    1577464    1431537    1427128    1268278    1371857    1495458    1521008    1498558    1385823    1348025    1504925   TLB shootdowns
## cpuidle cpu estado tiempo_us entradas
cpu0 POLL 2645923 78570
cpu0 C1 1615157146 288435
cpu0 C1E 2143341316 4386376
cpu0 C6 3283914605099 347472204
cpu1 POLL 1205161 29984
cpu1 C1 963115557 306221
cpu1 C1E 1472858549 7001566
cpu1 C6 3132119224262 54745127
cpu2 POLL 1786610 86376
cpu2 C1 38115245352 546205
cpu2 C1E 1331792058 7236049
cpu2 C6 3244568662107 96090591
cpu3 POLL 825684 25828
cpu3 C1 3982719291 272670
cpu3 C1E 704583092 4704936
cpu3 C6 3148418314685 25896597
cpu4 POLL 629386 17826
cpu4 C1 891020880 252780
cpu4 C1E 557345975 4158704
cpu4 C6 3087170136347 18220442
cpu5 POLL 725291 22364
cpu5 C1 874062803 226277
cpu5 C1E 459405637 3233635
cpu5 C6 3140466310687 21295681
cpu6 POLL 440184 14091
cpu6 C1 1724267683 152717
cpu6 C1E 361176934 2609302
cpu6 C6 3165228701749 24797038
cpu7 POLL 622415 28734
cpu7 C1 1409008653 206491
cpu7 C1E 392484597 2861725
cpu7 C6 3119607950934 12582045
cpu16 POLL 1823178 38034
cpu16 C1 969632067 247505
cpu16 C1E 4740287574 33451674
cpu16 C6 3150227398408 87615038
cpu17 POLL 687363 19164
cpu17 C1 1341068464 176091
cpu17 C1E 1756451160 10156056
cpu17 C6 3250438880631 10980834
cpu18 POLL 793828 27341
cpu18 C1 83485531 182481
cpu18 C1E 1722032356 9860366
cpu18 C6 3244823488451 23624652
cpu19 POLL 721992 20188
cpu19 C1 2285461264 183808
cpu19 C1E 1469729249 8543477
cpu19 C6 3225779731068 9361855
cpu20 POLL 516031 16308
cpu20 C1 1544055224 153208
cpu20 C1E 701279498 4835438
cpu20 C6 3296617745824 9710649
cpu21 POLL 490691 13981
cpu21 C1 1238386647 133290
cpu21 C1E 724247144 4456793
cpu21 C6 3160174723634 16373179
cpu22 POLL 512740 16544
cpu22 C1 947096326 148678
cpu22 C1E 719835826 4421494
cpu22 C6 3197427482062 12584721
cpu23 POLL 545784 15189
cpu23 C1 1429273561 126659
cpu23 C1E 747427028 4377785
cpu23 C6 3227975959704 13566817
## daemon hilo utime stime cpu
cpu_loop_main 32 13 30
cpu_loop_main 1 0 6
