## stat
cpu  1731823257 127832 73378227 34425690952 22047617 6639967 1775929 0 0 0
cpu0 17753534 2358 823632 328719842 214775 173502 699254 0 0 0
cpu1 33507443 221 1411029 313173589 307163 141427 96873 0 0 0
cpu2 19010186 4456 885165 328077928 364522 94774 205107 0 0 0
cpu3 31873409 226 1295051 315037175 281275 123425 47230 0 0 0
cpu4 38073943 213 1547664 308582098 283465 139253 25742 0 0 0
cpu5 32902946 223 1414229 313775374 409851 125025 25753 0 0 0
cpu6 30507082 3022 1254486 316479822 259349 112952 42635 0 0 0
cpu7 34961299 62 1378277 311756887 382854 123884 7995 0 0 0
cpu8 32116224 576 1291701 314896058 223637 117066 15679 0 0 0
cpu9 38918487 0 1513842 307850917 224129 138865 6857 0 0 0
cpu10 35461302 14 1476971 311242178 342847 127400 6777 0 0 0
cpu11 21964309 199 1013974 325292716 272800 88576 30338 0 0 0
cpu12 35750289 76 1594155 310824371 351305 131156 7025 0 0 0
cpu13 35044793 1714 1427140 311797960 229414 126214 6155 0 0 0
cpu14 36182097 30 1474121 310552786 311312 133106 6055 0 0 0
cpu15 19360035 1174 851528 328145092 237500 75238 5821 0 0 0
cpu16 31491431 13 1301281 315510456 111558 129398 105895 0 0 0
cpu17 22351581 282 883272 325126597 225359 78881 7195 0 0 0
cpu18 22945290 105 940844 324468075 201726 85114 23891 0 0 0
cpu19 24548873 69 1074884 322656400 294083 89848 5498 0 0 0
cpu20 17881269 849 837583 329597096 287084 68808 5216 0 0 0
cpu21 31096805 26 1210167 315872156 344213 117283 5825 0 0 0
cpu22 27428042 34 1214757 319601606 307721 103409 6334 0 0 0
cpu23 24722631 58 836121 322752905 262964 85885 6089 0 0 0
cpu24 26465267 73 1013210 320670701 405269 96773 6376 0 0 0
cpu25 23935090 762 1039554 323314095 275753 92436 6212 0 0 0
cpu26 14419198 9534 663636 333204566 314494 54145 6078 0 0 0
cpu27 30468576 5770 1271985 316523260 290995 104617 2897 0 0 0
cpu28 22808723 5017 1007518 324569680 197080 82627 2639 0 0 0
cpu29 26767220 753 1152444 320358770 298706 92902 2223 0 0 0
cpu30 21621000 213 1002703 325760173 214630 75540 2349 0 0 0
cpu31 31449437 59 1395535 315466666 234765 116247 2647 0 0 0
cpu32 29892815 45 1386591 317079070 198577 108713 2736 0 0 0
cpu33 34347928 1381 1335914 312603058 252246 120660 3076 0 0 0
cpu34 22610141 350 984320 324680732 312108 84799 2261 0 0 0
cpu35 23030705 1942 1056866 324205197 298523 81691 2106 0 0 0
cpu36 37157508 0 1718167 309345958 299808 135364 3286 0 0 0
cpu37 22350257 87 997635 324983891 260492 79906 2810 0 0 0
cpu38 27192734 293 1267644 319953519 152561 101109 2429 0 0 0
cpu39 26302671 148 1239290 320809876 218508 98220 2526 0 0 0
cpu40 18434515 1266 829490 329100364 244793 67692 2183 0 0 0
cpu41 28438643 498 1274589 318607442 239729 105106 2856 0 0 0
cpu42 26858702 2365 1220557 320368415 113628 102557 2401 0 0 0
cpu43 24775891 44 1102250 322447946 250500 94930 2031 0 0 0
cpu44 34570570 717 1551009 312073178 335906 127229 3170 0 0 0
cpu45 25913053 1863 1263951 321159232 234179 97857 2051 0 0 0
cpu46 20601744 25 927763 326905691 165137 76751 1729 0 0 0
cpu47 14719737 2 708364 333173705 25502 55123 1509 0 0 0
cpu48 21519258 11 928931 325945740 201072 79566 1825 0 0 0
cpu49 24994364 3417 958249 322494224 133159 88987 1880 0 0 0
cpu50 24842158 3220 1058046 322532764 139042 93086 2261 0 0 0
cpu51 26289034 8458 1099814 320886848 284312 98105 2541 0 0 0
cpu52 7936493 660 291652 340308812 92046 35575 10185 0 0 0
cpu53 1164794 151 63530 347353564 73668 15618 4565 0 0 0
cpu54 15498362 767 473596 332477387 144428 63812 10279 0 0 0
cpu55 1064042 665 60407 347392890 152342 10867 5402 0 0 0
cpu56 1882661 1304 95445 346610463 73991 15458 8092 0 0 0
cpu57 1981341 240 79816 346492318 98897 16858 13957 0 0 0
cpu58 2855834 1416 127340 345389819 276505 20341 4615 0 0 0
cpu59 968970 209 68496 347220814 127816 11525 9792 0 0 0
cpu60 3326182 67 113999 345085931 145353 13905 5328 0 0 0
cpu61 2860822 627 130058 345469314 213431 13755 3919 0 0 0
cpu62 5074903 153 112092 343169942 311729 17101 5370 0 0 0
cpu63 4193363 256 140815 344054572 211234 18183 73807 0 0 0
cpu64 4204395 1274 158734 344141019 115833 29127 34946 0 0 0
cpu65 3201696 113 128536 345121312 223836 14274 3994 0 0 0
cpu66 3415755 227 103109 345077713 81935 12882 3415 0 0 0
cpu67 3074259 2405 116104 345297738 179482 15451 4078 0 0 0
cpu68 3447037 93 135401 345012310 59918 20866 3727 0 0 0
cpu69 3706284 216 137176 344663399 163690 16378 5951 0 0 0
cpu70 785177 48 50675 347760470 63677 11531 10703 0 0 0
cpu71 6227656 830 186099 342059596 189324 22639 3982 0 0 0
cpu72 18699250 972 699717 328868594 339409 63984 5861 0 0 0
cpu73 7113982 26 213676 341157608 169317 28693 4918 0 0 0
cpu74 7209296 2561 213072 340995087 231343 26448 5377 0 0 0
cpu75 6031888 43 194861 342281365 150526 22726 5045 0 0 0
cpu76 5681949 43 228374 342637132 111588 24379 4003 0 0 0
cpu77 7335538 193 298017 340682414 330068 31242 6221 0 0 0
cpu78 10544608 4101 275101 337689328 146950 28905 1069 0 0 0
cpu79 6840585 7624 287773 341300178 230537 23964 1255 0 0 0
cpu80 5314194 8727 247978 342934424 164816 19781 1787 0 0 0
cpu81 7824905 4176 362070 340230383 238411 28343 1271 0 0 0
cpu82 6390158 842 313012 341787444 177284 22832 862 0 0 0
cpu83 7899569 980 324005 340211772 225695 27825 1082 0 0 0
cpu84 1865130 1470 87291 346595818 139975 7405 761 0 0 0
cpu85 697503 57 41061 347856243 62518 5080 2469 0 0 0
cpu86 7027969 147 301724 341194912 141395 25333 918 0 0 0
cpu87 7501076 1270 371572 340592839 194067 28159 985 0 0 0
cpu88 1421320 232 59357 346824865 160733 8102 5504 0 0 0
cpu89 8314522 708 325737 339869246 151698 27863 1175 0 0 0
cpu90 10458350 16 428127 337565910 198102 37065 1151 0 0 0
cpu91 8133758 20 396710 339988809 138741 30239 1182 0 0 0
cpu92 7939362 1673 354575 340220880 139473 28149 1975 0 0 0
cpu93 10179549 3293 483054 337639180 343967 37967 1120 0 0 0
cpu94 12101519 2640 446632 335833595 256322 42548 1370 0 0 0
cpu95 9373844 1421 442653 338645700 187292 35168 1420 0 0 0
cpu96 580398 2701 33305 347943973 97986 4618 2485 0 0 0
cpu97 9480062 1418 410681 338586442 175724 33379 1103 0 0 0
cpu98 8876067 2 386405 339282823 108438 32828 1090 0 0 0
cpu99 7655246 177 346290 340642814 19255 27058 932 0 0 0
cpu100 9440339 33 361425 338680779 173744 32882 986 0 0 0
cpu101 8948027 159 403775 339182950 118220 34705 1355 0 0 0
cpu102 9915684 1447 424081 338171704 138265 36330 1368 0 0 0
cpu103 9527297 2575 435090 338421464 264190 36544 1342 0 0 0
## interrupts
            CPU0       CPU1       CPU2       CPU3       CPU4       CPU5       CPU6       CPU7       CPU8       CPU9       CPU10      CPU11      CPU12      CPU13      CPU14      CPU15      CPU16      CPU17      CPU18      CPU19      CPU20      CPU21      CPU22      CPU23      CPU24      CPU25      CPU26      CPU27      CPU28      CPU29      CPU30      CPU31      CPU32      CPU33      CPU34      CPU35      CPU36      CPU37      CPU38      CPU39      CPU40      CPU41      CPU42      CPU43      CPU44      CPU45      CPU46      CPU47      CPU48      CPU49      CPU50      CPU51      CPU52      CPU53      CPU54      CPU55      CPU56      CPU57      CPU58      CPU59      CPU60      CPU61      CPU62      CPU63      CPU64      CPU65      CPU66      CPU67      CPU68      CPU69      CPU70      CPU71      CPU72      CPU73      CPU74      CPU75      CPU76      CPU77      CPU78      CPU79      CPU80      CPU81      CPU82      CPU83      CPU84      CPU85      CPU86      CPU87      CPU88      CPU89      CPU90      CPU91      CPU92      CPU93      CPU94      CPU95      CPU96      CPU97      CPU98      CPU99      CPU100     CPU101     CPU102     CPU103     
 LOC:  443488629  392490514  267026838  350889416  407840389  358434239  337326486  373590210  344833657  412347860  376903515  248496385  379310256  371151119  382105849  208205439  342873872  240613012  252887667  263986456  193957921  335826618  295467616  266724947  288491180  260696218  157617767  321726932  241639131  282784931  230028473  332083081  316549691  360670593  239322351  243997960  392363768  236917083  287856090  278984608  195807982  300462496  285606903  262948072  365006749  275060548  218385757  157503411  227521884  263152753  263758961  278068372   92186945   27194811  172313792   20771004   27725802   31415239   44488309   22155662   39462489   35505764   57694025   51848304   49658247   38396568   39407039   40053687   47927382   43586577   15153326   70602941  199183386   79287216   81886826   68815864   65438525   83651837  111464852   74067564   58816227   84817471   69696774   84960216   22466250   12357903   76084026   81579393   21753895   89248450  111674000   88268835   86692888  109750280  129794850  101744626   11512455  101782975   96080761   82954859  101275683   96900861  106557770  102771985   Local timer interrupts
 RES:       7694      15157      12559      13358       9566      11006      11748      11464       9338      13535       8317      12513      12746      12142      11933      10823      10966       7854      10219      11692      11389      11027      11916       9710      12291       7533        387        422        542        570        624        334        288       2237        471        242        920       1936        217        286        202        167        142        276        207        284        746        193        390        286        173        139       7144      10833      20486      12573       8187       9479      10892      10356       7868      12211       7877      11720      11892      11576      11064      10044      17731       8929       8691      11186      10419      10699      11852       9610      11241       7541        287        277        415        390        388        311       2370        327        436        398        493        405        439        470        350        296        293        447        367        410       1201        493        450        526        431        456   Rescheduling interrupts
 CAL:   93918491   13668720   25032493    7125490    3770863    4540673    6873816    2100699    3197014    1760998    1954502    4963300    1705420    1548215    1601182    1600518    1672325    1640210    3876079    1645053    1743556    1729231    1594141    1755241    1746566    1753984    2268460    2268174    2193677    2118316    1970984    1997138    1969089    1971457    1857564    1850221    1744724    1734011    1642037    1708749    1672588    1861980    1531299    1607143    1512694    1556768    1407547    1530013    1503453    1469731    1477820    1420471    1708137    1417472    1829362    1638898    1718941    1696274    1689220    1330500    1529155    1614360    1534865    1537496    1598721    1533067    1424404    1519290    1620542    1712594    1595769    1595679    1618820    1730410    1689264    1460947    1504390    1882644    1684397    1725245    1574265    1680011    1566501    1563426    1597459    1402216    1629320    1515535    1325899    1591983    1645913    1622075    1640543    1891816    1660056    1651994    1475308    1633061    1701776    1722484    1698753    1678611    1607723    1770202   Function call interrupts
 TLB:    2087917    2175684    1798700    1935606    1816028    1806769    1822052    1842268    1721286    1578289    1414428    1521004    1527781    1471889    1518907    1337842    1383428    1473578    1627542    1482183    1422855    1458474    1437311    1439265    1455900    1598504    1968329    1997402    2026781    1839950    1801421    1817147    1791890    1757715    1528108    1556170    1527257    1479144    1434111    1514321    1462067    1538868    1362618    1436221    1355145    1376175    1282286    1417047    1398878    1340392    1345248    1228120    1510551    1217916    1459001    1326328    1488160    1385297    1467995    1330017    1307844    1357234    1297083    1409883    1310339    1387736    1275824    1321866    1449045    1539601    1317830    1413772    1412067    1360045    1490047    1266736    1220079    1377315    1498550    1448486    1403928    1401382    1389795    1399948    1405100    1256984    1380434    1333911    1265023    1417106    1403087    1404809    1422785    1577464    1431537    1427128    1268278    1371857    1495458    1521008    1498558    1385823    1348025    1504925   TLB shootdowns
## cpuidle cpu estado tiempo_us entradas
cpu0 POLL 2645918 78569
cpu0 C1 1615156982 288430
cpu0 C1E 2143341280 4386370
cpu0 C6 3283854338035 347471892
cpu1 POLL 1205161 29984
cpu1 C1 963115557 306221
cpu1 C1E 1472858181 7001551
cpu1 C6 3132059225066 54745101
cpu2 POLL 1786597 86373
cpu2 C1 38111979213 546193
cpu2 C1E 1331781313 7236022
cpu2 C6 3244511528552 96090423
cpu3 POLL 825684 25828
cpu3 C1 3982719260 272668
cpu3 C1E 704582898 4704924
cpu3 C6 3148358350041 25896513
cpu4 POLL 629386 17826
cpu4 C1 891020880 252780
cpu4 C1E 557345625 4158689
cpu4 C6 3087111129518 18220391
cpu5 POLL 725291 22364
cpu5 C1 874062803 226277
cpu5 C1E 459405285 3233620
cpu5 C6 3140406343787 21295627
cpu6 POLL 440184 14091
cpu6 C1 1724267683 152717
cpu6 C1E 361169226 2609287
cpu6 C6 3165168555610 24796351
cpu7 POLL 622415 28734
cpu7 C1 1409008653 206491
cpu7 C1E 392484247 2861710
cpu7 C6 3119547919911 12581991
cpu16 POLL 1823178 38034
cpu16 C1 969632051 247503
cpu16 C1E 4740238886 33451528
cpu16 C6 3150167186797 87614715
cpu17 POLL 687363 19164
cpu17 C1 1341068347 176078
cpu17 C1E 1756450440 10156054
cpu17 C6 3250378537433 10980768
cpu18 POLL 793828 27341
cpu18 C1 83484460 182478
cpu18 C1E 1722009202 9860298
cpu18 C6 3244763357041 23623026
cpu19 POLL 721992 20188
cpu19 C1 2285461264 183808
cpu19 C1E 1469728901 8543462
cpu19 C6 3225715962698 9361830
cpu20 POLL 516031 16308
cpu20 C1 1544055224 153208
cpu20 C1E 701279160 4835422
cpu20 C6 3296557119443 9710589
cpu21 POLL 490691 13981
cpu21 C1 1238386647 133290
cpu21 C1E 724246797 4456778
cpu21 C6 3160114265481 16373117
cpu22 POLL 512740 16544
cpu22 C1 947096326 148678
cpu22 C1E 719835473 4421479
cpu22 C6 3197367515341 12584668
cpu23 POLL 545784 15189
cpu23 C1 1429273561 126659
cpu23 C1E 747426681 4377770
cpu23 C6 3227915928677 13566763
## daemon hilo utime stime cpu
cpu_loop_main 8 3 30
cpu_loop_main 0 0 6
