## stat
cpu  1731823782 127832 73379068 34437951983 22047859 6640689 1776081 0 0 0
cpu0 17753535 2358 823638 328837747 214777 173505 699263 0 0 0
cpu1 33507445 221 1411042 313291448 307164 141443 96874 0 0 0
cpu2 19010187 4456 885172 328195845 364524 94777 205109 0 0 0
cpu3 31873411 226 1295056 315155099 281276 123426 47231 0 0 0
cpu4 38073945 213 1547669 308700023 283467 139254 25743 0 0 0
cpu5 32902947 223 1414234 313893301 409853 125026 25754 0 0 0
cpu6 30507229 3022 1254658 316596523 259350 113286 42678 0 0 0
cpu7 34961302 62 1378284 311874582 382868 123936 7996 0 0 0
cpu8 32116226 576 1291708 315013932 223639 117079 15680 0 0 0
cpu9 38918489 0 1513846 307968843 224131 138865 6858 0 0 0
cpu10 35461303 14 1476975 311360107 342848 127400 6778 0 0 0
cpu11 21964315 199 1013977 325410608 272806 88582 30338 0 0 0
cpu12 35750289 76 1594158 310942298 351307 131157 7025 0 0 0
cpu13 35044794 1714 1427143 311915890 229415 126215 6155 0 0 0
cpu14 36182097 30 1474123 310670716 311313 133106 6056 0 0 0
cpu15 19360037 1174 851537 328262993 237503 75241 5826 0 0 0
cpu16 31491431 13 1301285 315628367 111558 129402 105908 0 0 0
cpu17 22351583 282 883288 325244460 225359 78898 7196 0 0 0
cpu18 22945339 105 940877 324585869 201728 85136 23893 0 0 0
cpu19 24548874 69 1074888 322774328 294083 89848 5498 0 0 0
cpu20 17881269 849 837584 329715025 287085 68809 5216 0 0 0
cpu21 31096805 26 1210167 315990090 344213 117283 5825 0 0 0
cpu22 27428042 34 1214759 319719533 307722 103410 6335 0 0 0
cpu23 24722631 58 836124 322870834 262965 85885 6089 0 0 0
cpu24 26465267 73 1013210 320788635 405269 96773 6376 0 0 0
cpu25 23935090 762 1039555 323432027 275754 92437 6212 0 0 0
cpu26 14419198 9534 663636 333322495 314494 54146 6080 0 0 0
cpu27 30468576 5770 1271986 316641186 290995 104619 2897 0 0 0
cpu28 22808723 5017 1007519 324687611 197081 82627 2639 0 0 0
cpu29 26767221 753 1152445 320476701 298708 92902 2223 0 0 0
cpu30 21621005 213 1002716 325878066 214634 75546 2350 0 0 0
cpu31 31449446 59 1395545 315584523 234776 116259 2648 0 0 0
cpu32 29892817 45 1386595 317196997 198579 108714 2736 0 0 0
cpu33 34347930 1381 1335922 312720980 252248 120661 3077 0 0 0
cpu34 22610144 350 984326 324798653 312111 84799 2262 0 0 0
cpu35 23030710 1942 1056872 324323084 298524 81700 2107 0 0 0
cpu36 37157508 0 1718168 309463823 299809 135381 3287 0 0 0
cpu37 22350258 87 997638 325101820 260493 79907 2811 0 0 0
cpu38 27192735 293 1267651 320071444 152563 101109 2430 0 0 0
cpu39 26302671 148 1239293 320927805 218509 98220 2526 0 0 0
cpu40 18434517 1266 829496 329218288 244795 67693 2183 0 0 0
cpu41 28438644 498 1274591 318725373 239730 105106 2857 0 0 0
cpu42 26858702 2365 1220559 320486345 113629 102558 2401 0 0 0
cpu43 24775891 44 1102250 322565877 250501 94931 2031 0 0 0
cpu44 34570570 717 1551009 312191111 335906 127230 3170 0 0 0
cpu45 25913053 1863 1263952 321277164 234179 97857 2052 0 0 0
cpu46 20601751 25 927782 327023596 165137 76752 1729 0 0 0
cpu47 14719737 2 708364 333291636 25502 55123 1510 0 0 0
cpu48 21519258 11 928931 326063674 201072 79566 1825 0 0 0
cpu49 24994364 3417 958249 322612158 133159 88987 1880 0 0 0
cpu50 24842158 3220 1058046 322650698 139042 93086 2261 0 0 0
cpu51 26289034 8458 1099814 321004782 284312 98105 2541 0 0 0
cpu52 7936493 660 291653 340426741 92046 35576 10187 0 0 0
cpu53 1164794 151 63530 347471498 73668 15618 4565 0 0 0
cpu54 15498408 767 473627 332595178 144430 63833 10280 0 0 0
cpu55 1064042 665 60410 347510820 152343 10868 5402 0 0 0
cpu56 1882666 1304 95449 346728340 73992 15471 8092 0 0 0
cpu57 1981343 240 79818 346610245 98898 16859 13957 0 0 0
cpu58 2855835 1416 127342 345507746 276506 20343 4617 0 0 0
cpu59 968970 209 68499 347338743 127817 11526 9792 0 0 0
cpu60 3326182 67 114003 345203858 145354 13905 5328 0 0 0
cpu61 2860825 627 130066 345587235 213434 13756 3919 0 0 0
cpu62 5074910 153 112106 343287844 311734 17103 5371 0 0 0
cpu63 4193366 256 140823 344172475 211238 18184 73822 0 0 0
cpu64 4204397 1274 158741 344258941 115836 29128 34947 0 0 0
cpu65 3201698 113 128542 345239236 223838 14274 3994 0 0 0
cpu66 3415757 227 103117 345195636 81936 12883 3416 0 0 0
cpu67 3074259 2405 116105 345415671 179482 15451 4078 0 0 0
cpu68 3447038 93 135404 345130236 59919 20867 3728 0 0 0
cpu69 3706285 216 137178 344781327 163691 16379 5952 0 0 0
cpu70 785178 48 50680 347878390 63678 11532 10704 0 0 0
cpu71 6227658 830 186106 342177517 189327 22640 3982 0 0 0
cpu72 18699256 972 699723 328986465 339411 63997 5861 0 0 0
cpu73 7113984 26 213679 341275526 169319 28695 4921 0 0 0
cpu74 7209298 2561 213077 341113011 231345 26448 5377 0 0 0
cpu75 6031890 43 194868 342399287 150529 22727 5045 0 0 0
cpu76 5681951 43 228380 342755055 111590 24379 4004 0 0 0
cpu77 7335539 193 298021 340800340 330070 31243 6221 0 0 0
cpu78 10544608 4101 275102 337807260 146950 28906 1069 0 0 0
cpu79 6840585 7624 287773 341418043 230537 23982 1255 0 0 0
cpu80 5314197 8727 247992 343052248 164830 19799 1789 0 0 0
cpu81 7824914 4176 362099 340348134 238428 28375 1273 0 0 0
cpu82 6390164 842 313030 341905347 177290 22833 862 0 0 0
cpu83 7899575 980 324026 340329669 225701 27827 1084 0 0 0
cpu84 1865167 1470 87322 346713585 139988 7428 763 0 0 0
cpu85 697511 57 41082 347974123 62527 5083 2471 0 0 0
cpu86 7027977 147 301745 341312809 141402 25335 919 0 0 0
cpu87 7501098 1270 371590 340710724 194074 28160 986 0 0 0
cpu88 1421323 232 59373 346942537 160739 8106 5510 0 0 0
cpu89 8314527 708 325757 339987146 151704 27864 1176 0 0 0
cpu90 10458355 16 428143 337683817 198108 37067 1152 0 0 0
cpu91 8133764 20 396725 340106715 138748 30240 1183 0 0 0
cpu92 7939365 1673 354585 340338795 139477 28150 1976 0 0 0
cpu93 10179551 3293 483059 337757098 343969 37968 1122 0 0 0
cpu94 12101520 2640 446637 335951520 256324 42549 1370 0 0 0
cpu95 9373844 1421 442656 338763630 187293 35169 1420 0 0 0
cpu96 580433 2701 33308 348061856 97987 4619 2486 0 0 0
cpu97 9480062 1418 410682 338704375 175724 33379 1103 0 0 0
cpu98 8876067 2 386406 339400755 108438 32828 1090 0 0 0
cpu99 7655246 177 346290 340760747 19255 27059 933 0 0 0
cpu100 9440340 33 361428 338798709 173744 32882 986 0 0 0
cpu101 8948027 159 403776 339300883 118220 34705 1355 0 0 0
cpu102 9915684 1447 424081 338289638 138265 36330 1368 0 0 0
cpu103 9527297 2575 435090 338539399 264190 36545 1342 0 0 0
## interrupts
            CPU0       CPU1       CPU2       CPU3       CPU4       CPU5       CPU6       CPU7       CPU8       CPU9       CPU10      CPU11      CPU12      CPU13      CPU14      CPU15      CPU16      CPU17      CPU18      CPU19      CPU20      CPU21      CPU22      CPU23      CPU24      CPU25      CPU26      CPU27      CPU28      CPU29      CPU30      CPU31      CPU32      CPU33      CPU34      CPU35      CPU36      CPU37      CPU38      CPU39      CPU40      CPU41      CPU42      CPU43      CPU44      CPU45      CPU46      CPU47      CPU48      CPU49      CPU50      CPU51      CPU52      CPU53      CPU54      CPU55      CPU56      CPU57      CPU58      CPU59      CPU60      CPU61      CPU62      CPU63      CPU64      CPU65      CPU66      CPU67      CPU68      CPU69      CPU70      CPU71      CPU72      CPU73      CPU74      CPU75      CPU76      CPU77      CPU78      CPU79      CPU80      CPU81      CPU82      CPU83      CPU84      CPU85      CPU86      CPU87      CPU88      CPU89      CPU90      CPU91      CPU92      CPU93      CPU94      CPU95      CPU96      CPU97      CPU98      CPU99      CPU100     CPU101     CPU102     CPU103     
 LOC:  443493198  392800994  267031052  350891318  407841864  358435691  338373455  374646692  345086884  412350045  376904719  248614990  379311948  371152571  382106837  208210720  342879310  240881222  252919711  263988026  193959186  335827314  295469891  266725854  288491895  260697018  157619975  321729400  241640185  282785734  230123778  332294084  316550933  360672167  239323892  244175474  392692461  236918338  287857551  278985737  195809608  300463829  285607908  262949303  365007480  275061348  218388277  157504739  227522518  263153347  263759587  278068972   92189233   27195409  172345015   20772039   27977222   31417823   44489456   22156838   39464051   35507511   57723105   51851585   49659882   38398110   39410103   40054843   47930780   43588745   15156338   70604763  199426585   79290513   81888234   68817448   65439948   83653058  111465763   74421269   59151348   85411458   69700461   84964719   22857792   12362981   76088166   81583289   21762828   89252155  111677144   88272187   86695338  109753673  129796857  101745842   11514781  101783751   96081616   82955583  101276449   96901551  106558364  102772611   Local timer interrupts
 RES:       7695      15157      12559      13358       9566      11006      11748      11464       9338      13536       8317      12513      12746      12142      11933      10823      10966       7854      10219      11692      11389      11027      11920       9710      12291       7533        387        422        542        570        624        334        288       2238        471        242        920       1936        217        286        202        167        142        276        207        284        746        193        390        286        173        139       7144      10833      20486      12573       8187       9479      10892      10356       7868      12211       7877      11721      11892      11576      11064      10044      17733       8929       8691      11189      10421      10704      11852       9611      11241       7541        287        277        415        390        389        311       2370        329        439        400        497        409        441        473        351        297        293        447        370        410       1201        493        450        526        431        456   Rescheduling interrupts
 CAL:   93919478   13668981   25032704    7125703    3771063    4540871    6874013    2100916    3197211    1761195    1954699    4963532    1705617    1548414    1601379    1600730    1672554    1640435    3876289    1645254    1743754    1729428    1594343    1755438    1746763    1754181    2268657    2268383    2193874    2118515    1971212    1997354    1969286    1971655    1857762    1850416    1744919    1734208    1642255    1708949    1672785    1862187    1531496    1607340    1512891    1556965    1407744    1530211    1503650    1469928    1478051    1420668    1708334    1417669    1829559    1639095    1719138    1696473    1689417    1330697    1529353    1614557    1535063    1537693    1598918    1533264    1424610    1519489    1620774    1712798    1596023    1595881    1619029    1730619    1689464    1461144    1504588    1882843    1684594    1725443    1574485    1680255    1566704    1563625    1597668    1402441    1629519    1515733    1325946    1592186    1646110    1622273    1640742    1892018    1660285    1652191    1475505    1633258    1701973    1722681    1698950    1678808    1607920    1770400   Function call interrupts
 TLB:    2087917    2175684    1798700    1935606    1816028    1806769    1822052    1842268    1721286    1578289    1414428    1521014    1527781    1471889    1518907    1337844    1383428    1473578    1627542    1482183    1422855    1458474    1437311    1439265    1455900    1598504    1968329    1997415    2026781    1839950    1801453    1817147    1791890    1757715    1528108    1556170    1527257    1479144    1434131    1514322    1462067    1538877    1362618    1436221    1355145    1376175    1282286    1417047    1398878    1340392    1345282    1228120    1510551    1217916    1459001    1326328    1488160    1385297    1467995    1330017    1307844    1357234    1297083    1409883    1310339    1387736    1275824    1321866    1449045    1539601    1317886    1413776    1412087    1360045    1490047    1266736    1220079    1377315    1498550    1448486    1403928    1401382    1389795    1399948    1405120    1257010    1380434    1333911    1265023    1417109    1403087    1404809    1422785    1577464    1431569    1427128    1268278    1371857    1495458    1521008    1498558    1385823    1348025    1504925   TLB shootdowns
## cpuidle cpu estado tiempo_us entradas
cpu0 POLL 2647622 78613
cpu0 C1 1615952539 288576
cpu0 C1E 2143481269 4386864
cpu0 C6 3285032407341 347482969
cpu1 POLL 1205227 29985
cpu1 C1 963132652 306254
cpu1 C1E 1514949601 7312616
cpu1 C6 3133199147169 54747634
cpu2 POLL 1787944 86449
cpu2 C1 38143679889 546385
cpu2 C1E 1332060844 7236913
cpu2 C6 3245659618411 96102969
cpu3 POLL 825850 25837
cpu3 C1 3982727676 272706
cpu3 C1E 704645951 4705364
cpu3 C6 3149537777659 25899252
cpu4 POLL 629386 17826
cpu4 C1 891028932 252791
cpu4 C1E 557387903 4159069
cpu4 C6 3088290005338 18222509
cpu5 POLL 725291 22364
cpu5 C1 874070909 226288
cpu5 C1E 459441631 3233985
cpu5 C6 3141585732819 21298855
cpu6 POLL 447787 14214
cpu6 C1 1724713526 153347
cpu6 C1E 687683025 3395188
cpu6 C6 3166005806696 25115813
cpu7 POLL 624229 28765
cpu7 C1 1409009307 206520
cpu7 C1E 533692556 3918447
cpu7 C6 3120583980620 12584378
cpu16 POLL 1823265 38037
cpu16 C1 969632627 247560
cpu16 C1E 4741829770 33458232
cpu16 C6 3151344647702 87630117
cpu17 POLL 688028 19179
cpu17 C1 1341827290 176252
cpu17 C1E 1792626349 10420657
cpu17 C6 3251518458727 10988438
cpu18 POLL 793965 27343
cpu18 C1 83510345 182544
cpu18 C1E 1722748236 9862376
cpu18 C6 3245940363202 23658853
cpu19 POLL 722056 20189
cpu19 C1 2285461315 183811
cpu19 C1E 1469824722 8543991
cpu19 C6 3226895809477 9363448
cpu20 POLL 516040 16309
cpu20 C1 1544063333 153221
cpu20 C1E 701308855 4835786
cpu20 C6 3297735084138 9712593
cpu21 POLL 490691 13981
cpu21 C1 1238386647 133290
cpu21 C1E 724257001 4457079
cpu21 C6 3161292018138 16374667
cpu22 POLL 512743 16545
cpu22 C1 947096454 148695
cpu22 C1E 719858654 4421770
cpu22 C6 3198547163585 12588315
cpu23 POLL 545784 15189
cpu23 C1 1429273561 126659
cpu23 C1E 747454136 4378108
cpu23 C6 3229095880187 13568264
## daemon hilo utime stime cpu
cpu_loop_main 34 7 56
cpu_loop_main 0 15 6
