## stat
cpu  1731823777 127832 73379048 34437325396 22047854 6640645 1776074 0 0 0
cpu0 17753535 2358 823638 328831721 214777 173505 699263 0 0 0
cpu1 33507444 221 1411040 313285463 307164 141433 96874 0 0 0
cpu2 19010187 4456 885172 328189818 364524 94777 205109 0 0 0
cpu3 31873411 226 1295056 315149072 281276 123426 47231 0 0 0
cpu4 38073945 213 1547669 308693997 283467 139254 25743 0 0 0
cpu5 32902947 223 1414234 313887274 409853 125026 25754 0 0 0
cpu6 30507229 3022 1254658 316590545 259350 113268 42675 0 0 0
cpu7 34961302 62 1378284 311868556 382868 123936 7996 0 0 0
cpu8 32116226 576 1291707 315007907 223638 117079 15680 0 0 0
cpu9 38918489 0 1513846 307962816 224131 138865 6858 0 0 0
cpu10 35461303 14 1476975 311354080 342848 127400 6778 0 0 0
cpu11 21964315 199 1013977 325404581 272806 88582 30338 0 0 0
cpu12 35750289 76 1594158 310936271 351307 131157 7025 0 0 0
cpu13 35044794 1714 1427142 311909864 229415 126215 6155 0 0 0
cpu14 36182097 30 1474123 310664689 311313 133106 6056 0 0 0
cpu15 19360037 1174 851536 328256968 237503 75240 5826 0 0 0
cpu16 31491431 13 1301285 315622340 111558 129402 105908 0 0 0
cpu17 22351583 282 883288 325238434 225359 78898 7196 0 0 0
cpu18 22945338 105 940876 324579845 201728 85135 23893 0 0 0
cpu19 24548874 69 1074888 322768301 294083 89848 5498 0 0 0
cpu20 17881269 849 837584 329708999 287085 68809 5216 0 0 0
cpu21 31096805 26 1210167 315984063 344213 117283 5825 0 0 0
cpu22 27428042 34 1214759 319713506 307722 103410 6335 0 0 0
cpu23 24722631 58 836124 322864807 262965 85885 6089 0 0 0
cpu24 26465267 73 1013210 320782608 405269 96773 6376 0 0 0
cpu25 23935090 762 1039555 323426000 275754 92437 6212 0 0 0
cpu26 14419198 9534 663636 333316469 314494 54146 6080 0 0 0
cpu27 30468576 5770 1271986 316635160 290995 104619 2897 0 0 0
cpu28 22808723 5017 1007519 324681584 197081 82627 2639 0 0 0
cpu29 26767221 753 1152445 320470674 298708 92902 2223 0 0 0
cpu30 21621005 213 1002716 325872040 214634 75546 2350 0 0 0
cpu31 31449446 59 1395545 315578496 234776 116259 2648 0 0 0
cpu32 29892817 45 1386595 317190970 198579 108714 2736 0 0 0
cpu33 34347930 1381 1335922 312714953 252248 120661 3077 0 0 0
cpu34 22610144 350 984326 324792627 312111 84799 2262 0 0 0
cpu35 23030710 1942 1056872 324317057 298524 81700 2107 0 0 0
cpu36 37157508 0 1718168 309457797 299809 135381 3287 0 0 0
cpu37 22350258 87 997638 325095794 260493 79907 2811 0 0 0
cpu38 27192735 293 1267651 320065418 152563 101109 2430 0 0 0
cpu39 26302671 148 1239293 320921779 218509 98220 2526 0 0 0
cpu40 18434517 1266 829496 329212261 244795 67693 2183 0 0 0
cpu41 28438644 498 1274591 318719346 239730 105106 2857 0 0 0
cpu42 26858702 2365 1220559 320480318 113629 102558 2401 0 0 0
cpu43 24775891 44 1102250 322559851 250501 94931 2031 0 0 0
cpu44 34570570 717 1551009 312185084 335906 127230 3170 0 0 0
cpu45 25913053 1863 1263952 321271137 234179 97857 2052 0 0 0
cpu46 20601751 25 927781 327017571 165137 76752 1729 0 0 0
cpu47 14719737 2 708364 333285609 25502 55123 1510 0 0 0
cpu48 21519258 11 928931 326057647 201072 79566 1825 0 0 0
cpu49 24994364 3417 958249 322606131 133159 88987 1880 0 0 0
cpu50 24842158 3220 1058046 322644671 139042 93086 2261 0 0 0
cpu51 26289034 8458 1099814 320998756 284312 98105 2541 0 0 0
cpu52 7936493 660 291653 340420715 92046 35576 10187 0 0 0
cpu53 1164794 151 63530 347465471 73668 15618 4565 0 0 0
cpu54 15498408 767 473627 332589153 144429 63833 10280 0 0 0
cpu55 1064042 665 60409 347504794 152342 10868 5402 0 0 0
cpu56 1882666 1304 95449 346722357 73992 15459 8092 0 0 0
cpu57 1981342 240 79817 346604222 98898 16859 13957 0 0 0
cpu58 2855835 1416 127342 345501719 276506 20343 4617 0 0 0
cpu59 968970 209 68498 347332718 127817 11526 9792 0 0 0
cpu60 3326182 67 114003 345197831 145354 13905 5328 0 0 0
cpu61 2860825 627 130064 345581210 213434 13756 3919 0 0 0
cpu62 5074910 153 112104 343281821 311733 17103 5371 0 0 0
cpu63 4193366 256 140822 344166451 211238 18184 73822 0 0 0
cpu64 4204396 1274 158740 344252916 115835 29128 34947 0 0 0
cpu65 3201698 113 128542 345233209 223838 14274 3994 0 0 0
cpu66 3415757 227 103116 345189610 81936 12883 3416 0 0 0
cpu67 3074259 2405 116105 345409644 179482 15451 4078 0 0 0
cpu68 3447038 93 135403 345124211 59918 20867 3728 0 0 0
cpu69 3706285 216 137178 344775301 163691 16379 5952 0 0 0
cpu70 785178 48 50680 347872364 63678 11532 10704 0 0 0
cpu71 6227658 830 186106 342171491 189326 22639 3982 0 0 0
cpu72 18699256 972 699723 328980439 339411 63997 5861 0 0 0
cpu73 7113984 26 213679 341269500 169319 28695 4921 0 0 0
cpu74 7209298 2561 213077 341106984 231345 26448 5377 0 0 0
cpu75 6031890 43 194868 342393260 150529 22727 5045 0 0 0
cpu76 5681951 43 228380 342749028 111590 24379 4004 0 0 0
cpu77 7335539 193 298021 340794313 330070 31243 6221 0 0 0
cpu78 10544608 4101 275102 337801233 146950 28906 1069 0 0 0
cpu79 6840585 7624 287773 341412016 230537 23982 1255 0 0 0
cpu80 5314197 8727 247992 343046221 164830 19799 1789 0 0 0
cpu81 7824914 4176 362099 340342107 238428 28375 1273 0 0 0
cpu82 6390164 842 313030 341899320 177290 22833 862 0 0 0
cpu83 7899575 980 324026 340323642 225701 27827 1084 0 0 0
cpu84 1865167 1470 87322 346707559 139988 7428 763 0 0 0
cpu85 697511 57 41082 347968097 62527 5082 2471 0 0 0
cpu86 7027977 147 301745 341306782 141402 25335 919 0 0 0
cpu87 7501098 1270 371590 340704697 194074 28160 986 0 0 0
cpu88 1421323 232 59373 346936526 160739 8106 5510 0 0 0
cpu89 8314527 708 325757 339981119 151704 27864 1176 0 0 0
cpu90 10458355 16 428143 337677790 198108 37066 1152 0 0 0
cpu91 8133764 20 396725 340100688 138748 30240 1183 0 0 0
cpu92 7939365 1673 354585 340332769 139477 28150 1976 0 0 0
cpu93 10179551 3293 483059 337751072 343969 37968 1122 0 0 0
cpu94 12101520 2640 446637 335945493 256324 42549 1370 0 0 0
cpu95 9373844 1421 442656 338757603 187293 35169 1420 0 0 0
cpu96 580433 2701 33308 348055830 97987 4619 2486 0 0 0
cpu97 9480062 1418 410682 338698348 175724 33379 1103 0 0 0
cpu98 8876067 2 386406 339394729 108438 32828 1090 0 0 0
cpu99 7655246 177 346290 340754721 19255 27059 932 0 0 0
cpu100 9440340 33 361428 338792682 173744 32882 986 0 0 0
cpu101 8948027 159 403776 339294857 118220 34705 1355 0 0 0
cpu102 9915684 1447 424081 338283611 138265 36330 1368 0 0 0
cpu103 9527297 2575 435090 338533372 264190 36545 1342 0 0 0
## interrupts
            CPU0       CPU1       CPU2       CPU3       CPU4       CPU5       CPU6       CPU7       CPU8       CPU9       CPU10      CPU11      CPU12      CPU13      CPU14      CPU15      CPU16      CPU17      CPU18      CPU19      CPU20      CPU21      CPU22      CPU23      CPU24      CPU25      CPU26      CPU27      CPU28      CPU29      CPU30      CPU31      CPU32      CPU33      CPU34      CPU35      CPU36      CPU37      CPU38      CPU39      CPU40      CPU41      CPU42      CPU43      CPU44      CPU45      CPU46      CPU47      CPU48      CPU49      CPU50      CPU51      CPU52      CPU53      CPU54      CPU55      CPU56      CPU57      CPU58      CPU59      CPU60      CPU61      CPU62      CPU63      CPU64      CPU65      CPU66      CPU67      CPU68      CPU69      CPU70      CPU71      CPU72      CPU73      CPU74      CPU75      CPU76      CPU77      CPU78      CPU79      CPU80      CPU81      CPU82      CPU83      CPU84      CPU85      CPU86      CPU87      CPU88      CPU89      CPU90      CPU91      CPU92      CPU93      CPU94      CPU95      CPU96      CPU97      CPU98      CPU99      CPU100     CPU101     CPU102     CPU103     
 LOC:  443493090  392590492  267030927  350891073  407841832  358435659  338252929  374646660  345086643  412350013  376904687  248614958  379311914  371152161  382106805  208210407  342879279  240881162  252918012  263987995  193959151  335827283  295469755  266725823  288491864  260696987  157619853  321729264  241640139  282785703  230123657  332294053  316550902  360672136  239323861  244175443  392692430  236918307  287857520  278985706  195809575  300463798  285607877  262949255  365007449  275061317  218388118  157504657  227522487  263153316  263759556  278068941   92189096   27195377  172344832   20771921   27745455   31416074   44489406   22156672   39464017   35507278   57722841   51851309   49659715   38398078   39409854   40054813   47930508   43588592   15156232   70604673  199426506   79290482   81888203   68817417   65439917   83653027  111465714   74421238   59151316   85411427   69700429   84964688   22857761   12362904   76088135   81583258   21762507   89252124  111677113   88272156   86695307  109753545  129796798  101745811   11514706  101783720   96081585   82955552  101276418   96901520  106558333  102772580   Local timer interrupts
 RES:       7695      15157      12559      13358       9566      11006      11748      11464       9338      13536       8317      12513      12746      12142      11933      10823      10966       7854      10219      11692      11389      11027      11920       9710      12291       7533        387        422        542        570        624        334        288       2238        471        242        920       1936        217        286        202        167        142        276        207        284        746        193        390        286        173        139       7144      10833      20486      12573       8187       9479      10892      10356       7868      12211       7877      11721      11892      11576      11064      10044      17733       8929       8691      11189      10421      10704      11852       9611      11241       7541        287        277        415        390        389        311       2370        329        439        400        497        409        441        473        351        297        293        447        370        410       1201        493        450        526        431        456   Rescheduling interrupts
 CAL:   93919464   13668970   25032696    7125695    3771055    4540863    6874005    2100908    3197203    1761187    1954691    4963524    1705609    1548404    1601371    1600722    1672546    1640427    3876281    1645246    1743746    1729420    1594335    1755430    1746755    1754173    2268649    2268375    2193866    2118506    1971204    1997346    1969278    1971647    1857754    1850408    1744911    1734200    1642247    1708941    1672777    1862179    1531488    1607332    1512883    1556957    1407736    1530203    1503642    1469920    1478043    1420660    1708326    1417661    1829551    1639087    1719130    1696465    1689409    1330689    1529345    1614549    1535055    1537685    1598910    1533256    1424601    1519481    1620766    1712790    1596015    1595873    1619021    1730611    1689456    1461136    1504580    1882835    1684586    1725435    1574477    1680247    1566696    1563617    1597660    1402433    1629511    1515725    1325946    1592178    1646102    1622265    1640734    1892010    1660277    1652183    1475497    1633250    1701965    1722673    1698942    1678800    1607912    1770392   Function call interrupts
 TLB:    2087917    2175684    1798700    1935606    1816028    1806769    1822052    1842268    1721286    1578289    1414428    1521014    1527781    1471889    1518907    1337844    1383428    1473578    1627542    1482183    1422855    1458474    1437311    1439265    1455900    1598504    1968329    1997415    2026781    1839950    1801453    1817147    1791890    1757715    1528108    1556170    1527257    1479144    1434131    1514322    1462067    1538877    1362618    1436221    1355145    1376175    1282286    1417047    1398878    1340392    1345282    1228120    1510551    1217916    1459001    1326328    1488160    1385297    1467995    1330017    1307844    1357234    1297083    1409883    1310339    1387736    1275824    1321866    1449045    1539601    1317886    1413776    1412087    1360045    1490047    1266736    1220079    1377315    1498550    1448486    1403928    1401382    1389795    1399948    1405120    1257010    1380434    1333911    1265023    1417109    1403087    1404809    1422785    1577464    1431569    1427128    1268278    1371857    1495458    1521008    1498558    1385823    1348025    1504925   TLB shootdowns
## cpuidle cpu estado tiempo_us entradas
cpu0 POLL 2647229 78605
cpu0 C1 1615952291 288565
cpu0 C1E 2143481151 4386845
cpu0 C6 3284972146161 347482609
cpu1 POLL 1205227 29985
cpu1 C1 963132632 306251
cpu1 C1E 1486589636 7101679
cpu1 C6 3133167771735 54747524
cpu2 POLL 1787792 86443
cpu2 C1 38138543789 546371
cpu2 C1E 1332047767 7236838
cpu2 C6 3245604495032 96102852
cpu3 POLL 825843 25835
cpu3 C1 3982727660 272704
cpu3 C1E 704617951 4705278
cpu3 C6 3149476227342 25898904
cpu4 POLL 629386 17826
cpu4 C1 891028932 252791
cpu4 C1E 557387383 4159053
cpu4 C6 3088230037639 18222457
cpu5 POLL 725291 22364
cpu5 C1 874070909 226288
cpu5 C1E 459441142 3233969
cpu5 C6 3141524244866 21297651
cpu6 POLL 447787 14214
cpu6 C1 1724713441 153333
cpu6 C1E 656707054 3305738
cpu6 C6 3165977150740 25063183
cpu7 POLL 624229 28765
cpu7 C1 1409009307 206520
cpu7 C1E 533692070 3918431
cpu7 C6 3120523949398 12584313
cpu16 POLL 1823265 38037
cpu16 C1 969632627 247560
cpu16 C1E 4741829330 33458217
cpu16 C6 3151284378122 87629877
cpu17 POLL 688028 19179
cpu17 C1 1341827285 176251
cpu17 C1E 1792618322 10420633
cpu17 C6 3251458176312 10988357
cpu18 POLL 793965 27343
cpu18 C1 83505275 182533
cpu18 C1E 1722712627 9862282
cpu18 C6 3245880185719 23656292
cpu19 POLL 722056 20189
cpu19 C1 2285461315 183811
cpu19 C1E 1469824261 8543976
cpu19 C6 3226835809733 9363413
cpu20 POLL 516040 16309
cpu20 C1 1544063326 153220
cpu20 C1E 701308404 4835770
cpu20 C6 3297675053045 9712524
cpu21 POLL 490691 13981
cpu21 C1 1238386647 133290
cpu21 C1E 724256537 4457064
cpu21 C6 3161232050956 16374601
cpu22 POLL 512743 16545
cpu22 C1 947096448 148694
cpu22 C1E 719858353 4421756
cpu22 C6 3198486888659 12588087
cpu23 POLL 545784 15189
cpu23 C1 1429273561 126659
cpu23 C1E 747453672 4378093
cpu23 C6 3229035849003 13568199
## daemon hilo utime stime cpu
cpu_loop_main 8 1 56
cpu_loop_main 0 1 6
