## stat
cpu  506708363 220658 62951824 13291359083 1596913 3381912 814089 0 0 0
cpu0 36832473 37455 2630112 392932939 151027 271202 118504 0 0 0
cpu1 38559354 13577 2723010 391672492 148481 195195 36838 0 0 0
cpu2 37326839 5256 2504240 393210369 97576 190928 34313 0 0 0
cpu3 36958606 6201 2354941 393723957 102282 188125 31408 0 0 0
cpu4 34593081 9635 2228377 396224146 90047 182476 34541 0 0 0
cpu5 51725169 25654 2449963 378789313 118303 227846 41543 0 0 0
cpu6 12337998 2065 24830327 396068475 59094 146454 73417 0 0 0
cpu7 13321710 6850 900081 418379739 48467 265263 31824 0 0 0
cpu8 9817323 10098 1331484 421055642 50866 99655 69266 0 0 0
cpu9 9796090 4867 999364 422446356 42537 51337 21872 0 0 0
cpu10 11338708 6591 1077570 420881729 38354 56242 13367 0 0 0
cpu11 13215112 5285 1167361 418911587 44089 55449 27463 0 0 0
cpu12 10267317 669 928450 422129605 30718 51997 8038 0 0 0
cpu13 9832118 2370 949095 422551659 26354 49660 7654 0 0 0
cpu14 10298109 806 984335 421728425 49184 349445 7020 0 0 0
cpu15 11159236 1153 1293583 420854530 27590 62958 7459 0 0 0
cpu16 6074490 1932 610032 426597410 16069 52162 25988 0 0 0
cpu17 6603176 4854 669653 426019924 18223 50063 25717 0 0 0
cpu18 7063024 8264 751389 425477352 16672 50827 32786 0 0 0
cpu19 7008960 6245 809576 425411476 17894 82802 43426 0 0 0
cpu20 5529455 7364 904973 426888900 16200 41483 8517 0 0 0
cpu21 7695577 4845 747275 424861393 20311 49789 21026 0 0 0
cpu22 6637197 2448 739858 425945762 24153 30028 14703 0 0 0
cpu23 5141422 9625 801412 427384099 23751 31323 14888 0 0 0
cpu24 12487956 4116 911811 419896346 31288 65309 14603 0 0 0
cpu25 14433717 6367 891775 417965057 45264 65821 6736 0 0 0
cpu26 13301150 9770 957697 419035110 37339 72965 6530 0 0 0
cpu27 13606699 1251 975134 418729129 40870 63017 6533 0 0 0
cpu28 13257682 3180 910343 419128355 39075 69574 6543 0 0 0
cpu29 13680869 4685 972872 418632292 41308 71651 7430 0 0 0
cpu30 13063226 5866 909691 419313143 41187 70071 6900 0 0 0
cpu31 13744505 1302 1036023 418512355 42327 70783 7221 0 0 0
## interrupts
            CPU0       CPU1       CPU2       CPU3       CPU4       CPU5       CPU6       CPU7       CPU8       CPU9       CPU10      CPU11      CPU12      CPU13      CPU14      CPU15      CPU16      CPU17      CPU18      CPU19      CPU20      CPU21      CPU22      CPU23      CPU24      CPU25      CPU26      CPU27      CPU28      CPU29      CPU30      CPU31      
 LOC:  508833783  470113864  440682665  435666874  417895994  581933537  916076956 3326170835  220117931  157520098  176423458  179195277  150818650  143408522  152761046  170172234  115422014  109843234  112776839  106530001   97627068  120882495  108104538  104128290  183153150  193778870  186189812  186889897  182947532  189364436  180109252  188188112   Local timer interrupts
 RES:     133753      74501      68960      60549      51169      46486       9764      11532      77623      16934      14720      12635      11805      11466      11514      11571       7255      11485      10056       8970       8743       6898       7083       6473       9410       9142       8623       8413       9034       8713       8123       8950   Rescheduling interrupts
 CAL: 1433028774 1106829403 1134597163 1113959802  998874562  943944560   99192475   37199266   37250063   28507858   25914958   23819174   22594630   21173867   21573936   22110336   21716767   17044335   16487208   16429017   16360286   16272390   15518766   15572268   29468938   30054762   31332072   32771694   33925092   35755652   35653921   35039599   Function call interrupts
 TLB:   41891603   45786069   46315450   46642780   46598959   45014165   34076735   34250536   28753184   28581582   27369424   25941101   24884003   23378217   23709294   24183044   22746649   19266319   18730537   18566792   18440003   18135786   15874504   15766635   31415332   31663626   32926122   34130884   35158288   36871259   36586174   35517026   TLB shootdowns
## cpuidle cpu estado tiempo_us entradas
cpu0 POLL 13954628 435192
cpu0 C1 2957975669 30328983
cpu0 C1E 25045268444 116076968
cpu0 C6 3900566038541 516660359
cpu1 POLL 5063807 139684
cpu1 C1 32129002 493423
cpu1 C1E 12594660024 74053062
cpu1 C6 3904775647367 151359842
cpu2 POLL 4526960 142557
cpu2 C1 47694657 533336
cpu2 C1E 11528434880 65169045
cpu2 C6 3920829594839 116499898
cpu3 POLL 4124915 112549
cpu3 C1 43782296 484126
cpu3 C1E 11370566462 58996868
cpu3 C6 3926204643172 110530422
cpu4 POLL 3847650 108665
cpu4 C1 50817615 498452
cpu4 C1E 11155448729 62758881
cpu4 C6 3951217538414 126363955
cpu5 POLL 4075767 118445
cpu5 C1 206354990 353719
cpu5 C1E 9940179939 64832503
cpu5 C6 3778381919383 89978704
cpu6 POLL 1111740233 135847316
cpu6 C1 14459113908 49268898
cpu6 C1E 162910123249 554397216
cpu6 C6 3781528416863 386418057
cpu7 POLL 29337224 742352
cpu7 C1 42803137 1946002
cpu7 C1E 424133975554 3170323410
cpu7 C6 3757839074180 87683505
cpu16 POLL 2076806 56840
cpu16 C1 77464284 196698
cpu16 C1E 7065982838 31245750
cpu16 C6 4258379693031 103220583
cpu17 POLL 1716049 47706
cpu17 C1 23708764 192047
cpu17 C1E 7077168016 28464994
cpu17 C6 4252737855926 88663495
cpu18 POLL 1435655 48024
cpu18 C1 27485125 198308
cpu18 C1E 6730356003 26017104
cpu18 C6 4247654320726 80211858
cpu19 POLL 1269212 43564
cpu19 C1 19412474 136486
cpu19 C1E 5875822807 19055384
cpu19 C6 4247550587961 111039946
cpu20 POLL 2155728 52895
cpu20 C1 14020405 167817
cpu20 C1E 6314572978 24962908
cpu20 C6 4262249207862 66205712
cpu21 POLL 2482042 57178
cpu21 C1 35790473 236946
cpu21 C1E 7324047809 32038726
cpu21 C6 4240987243628 66820527
cpu22 POLL 3787751 324448
cpu22 C1 108249536 249756
cpu22 C1E 7647106531 22945133
cpu22 C6 4251491871805 106382701
cpu23 POLL 3644562 225873
cpu23 C1 28253466 276036
cpu23 C1E 9503991673 34015546
cpu23 C6 4264126192701 80298667
## daemon hilo utime stime cpu
cpu_loop_main 41 16 7
cpu_loop_main 6 146 6
