## stat
cpu  506696221 220658 62951186 13291290712 1596901 3381816 814078 0 0 0
cpu0 36830464 37455 2630099 392932445 151026 271191 118504 0 0 0
cpu1 38557346 13577 2723006 391671987 148480 195184 36838 0 0 0
cpu2 37324826 5256 2504235 393209869 97575 190917 34313 0 0 0
cpu3 36956600 6201 2354928 393723459 102281 188114 31407 0 0 0
cpu4 34591029 9635 2228373 396223685 90047 182464 34541 0 0 0
cpu5 51723152 25654 2449958 378788819 118303 227835 41543 0 0 0
cpu6 12337972 2065 24829756 396066113 59094 146447 73416 0 0 0
cpu7 13321708 6850 900080 418377300 48460 265248 31823 0 0 0
cpu8 9817322 10098 1331483 421053143 50866 99650 69261 0 0 0
cpu9 9796090 4867 999363 422443829 42537 51337 21872 0 0 0
cpu10 11338707 6591 1077567 420879205 38353 56242 13367 0 0 0
cpu11 13215112 5285 1167361 418909060 44089 55449 27463 0 0 0
cpu12 10267317 669 928450 422127077 30718 51997 8038 0 0 0
cpu13 9832116 2370 949093 422549136 26354 49659 7654 0 0 0
cpu14 10298107 806 984333 421725902 49183 349444 7020 0 0 0
cpu15 11159236 1153 1293581 420852004 27590 62958 7459 0 0 0
cpu16 6074490 1932 610032 426594882 16069 52162 25988 0 0 0
cpu17 6603176 4854 669653 426017395 18223 50063 25717 0 0 0
cpu18 7063024 8264 751389 425474824 16672 50827 32786 0 0 0
cpu19 7008960 6245 809576 425408947 17894 82802 43426 0 0 0
cpu20 5529455 7364 904973 426886372 16200 41483 8517 0 0 0
cpu21 7695577 4845 747275 424858865 20311 49789 21026 0 0 0
cpu22 6637197 2448 739858 425943234 24153 30028 14703 0 0 0
cpu23 5141422 9625 801412 427381571 23751 31323 14888 0 0 0
cpu24 12487956 4116 911811 419893818 31288 65309 14603 0 0 0
cpu25 14433716 6367 891772 417962534 45263 65821 6736 0 0 0
cpu26 13301150 9770 957697 419032582 37339 72965 6530 0 0 0
cpu27 13606698 1251 975131 418726605 40869 63017 6533 0 0 0
cpu28 13257681 3180 910340 419125831 39074 69574 6543 0 0 0
cpu29 13680869 4685 972872 418629764 41308 71651 7430 0 0 0
cpu30 13063226 5866 909691 419310615 41187 70071 6900 0 0 0
cpu31 13744505 1302 1036023 418509826 42327 70783 7221 0 0 0
## interrupts
            CPU0       CPU1       CPU2       CPU3       CPU4       CPU5       CPU6       CPU7       CPU8       CPU9       CPU10      CPU11      CPU12      CPU13      CPU14      CPU15      CPU16      CPU17      CPU18      CPU19      CPU20      CPU21      CPU22      CPU23      CPU24      CPU25      CPU26      CPU27      CPU28      CPU29      CPU30      CPU31      
 LOC:  508812952  470093384  440662260  435646426  417875232  581913022  916026379 3325992535  220110427  157519906  176423110  179195189  150818644  143407612  152760112  170171932  115421384  109843228  112776833  106529995   97627060  120882489  108104185  104127872  183153132  193778611  186189767  186889582  182947218  189364428  180109246  188188106   Local timer interrupts
 RES:     133750      74498      68957      60545      51165      46481       9763      11532      77623      16931      14720      12635      11805      11465      11514      11567       7255      11485      10056       8970       8743       6898       7083       6473       9410       9141       8623       8412       9034       8713       8123       8950   Rescheduling interrupts
 CAL: 1432845136 1106646515 1134413786 1113776204  998687835  943761040   99192470   37199121   37248888   28507854   25914954   23819170   22594626   21173862   21573909   22110325   21716763   17044331   16487204   16429013   16360281   16272386   15518759   15572258   29468934   30054758   31332068   32771681   33925088   35755648   35653917   35039595   Function call interrupts
 TLB:   41891010   45785263   46314582   46641892   46598277   45013562   34076734   34250536   28753184   28581582   27369424   25941101   24884003   23378217   23709294   24183044   22746649   19266319   18730537   18566792   18440003   18135786   15874504   15766635   31415332   31663626   32926122   34130884   35158288   36871259   36586174   35517026   TLB shootdowns
## cpuidle cpu estado tiempo_us entradas
cpu0 POLL 13954628 435192
cpu0 C1 2957975669 30328983
cpu0 C1E 25045198208 116076883
cpu0 C6 3900561160055 516658984
cpu1 POLL 5063807 139684
cpu1 C1 32129002 493423
cpu1 C1E 12594589162 74052973
cpu1 C6 3904771003537 151359447
cpu2 POLL 4526960 142557
cpu2 C1 47694612 533335
cpu2 C1E 11528377694 65168977
cpu2 C6 3920824502663 116499759
cpu3 POLL 4124915 112549
cpu3 C1 43782241 484124
cpu3 C1E 11370492606 58996741
cpu3 C6 3926199733841 110530164
cpu4 POLL 3847650 108665
cpu4 C1 50817615 498452
cpu4 C1E 11155406277 62758832
cpu4 C6 3951213085248 126363825
cpu5 POLL 4075767 118445
cpu5 C1 206354990 353719
cpu5 C1E 9940071253 64832280
cpu5 C6 3778377058370 89978551
cpu6 POLL 1111575797 135844753
cpu6 C1 14458779965 49262126
cpu6 C1E 162890343304 554368173
cpu6 C6 3781525088159 386410525
cpu7 POLL 29336573 742341
cpu7 C1 42802733 1945925
cpu7 C1E 424109685903 3170145112
cpu7 C6 3757839026080 87683458
cpu16 POLL 2076806 56840
cpu16 C1 77464284 196698
cpu16 C1E 7065858738 31245556
cpu16 C6 4258354522349 103219268
cpu17 POLL 1716049 47706
cpu17 C1 23708764 192047
cpu17 C1E 7077168016 28464994
cpu17 C6 4252712563121 88662762
cpu18 POLL 1435655 48024
cpu18 C1 27485125 198308
cpu18 C1E 6730356003 26017104
cpu18 C6 4247629144285 80211781
cpu19 POLL 1269212 43564
cpu19 C1 19412474 136486
cpu19 C1E 5875822807 19055384
cpu19 C6 4247525122759 111039865
cpu20 POLL 2155728 52895
cpu20 C1 14020405 167817
cpu20 C1E 6314572978 24962908
cpu20 C6 4262223950968 66205621
cpu21 POLL 2482042 57178
cpu21 C1 35790473 236946
cpu21 C1E 7324047809 32038726
cpu21 C6 4240962216436 66820428
cpu22 POLL 3787751 324448
cpu22 C1 108249536 249756
cpu22 C1E 7647072653 22945059
cpu22 C6 4251466625415 106378713
cpu23 POLL 3644562 225873
cpu23 C1 28253466 276036
cpu23 C1E 9503972028 34015504
cpu23 C6 4264100924575 80298127
## daemon hilo utime stime cpu
cpu_loop_main 7 1 7
cpu_loop_main 1 0 6
