## stat
cpu  506841503 220658 62956781 13292471861 1597147 3382802 814277 0 0 0
cpu0 36854473 37455 2630222 392949784 151032 271299 118509 0 0 0
cpu1 38581485 13577 2723091 391689243 148484 195290 36840 0 0 0
cpu2 37348872 5256 2504343 393227192 97586 191024 34315 0 0 0
cpu3 36980610 6201 2355057 393740783 102290 188224 31421 0 0 0
cpu4 34615216 9635 2228457 396240890 90054 182574 34543 0 0 0
cpu5 51747196 25654 2450057 378806149 118308 227943 41544 0 0 0
cpu6 12338131 2065 24834024 396106164 59100 146536 73469 0 0 0
cpu7 13321718 6850 900089 418418438 48499 265320 31870 0 0 0
cpu8 9817368 10098 1331517 421094480 50876 99675 69284 0 0 0
cpu9 9796157 4867 999403 422485288 42551 51344 21875 0 0 0
cpu10 11338714 6591 1077600 420920748 38359 56244 13368 0 0 0
cpu11 13215120 5285 1167401 418950593 44092 55456 27468 0 0 0
cpu12 10267332 669 928475 422168611 30724 52003 8039 0 0 0
cpu13 9832140 2370 949137 422590621 26366 49670 7657 0 0 0
cpu14 10298123 806 984355 421767422 49193 349452 7021 0 0 0
cpu15 11159245 1153 1293605 420893554 27597 62959 7461 0 0 0
cpu16 6074495 1932 610048 426636438 16072 52165 25990 0 0 0
cpu17 6603198 4854 669671 426058939 18226 50067 25720 0 0 0
cpu18 7063026 8264 751400 425516401 16675 50828 32786 0 0 0
cpu19 7009032 6245 809609 425450376 17905 82815 43427 0 0 0
cpu20 5529479 7364 904986 426927921 16203 41487 8517 0 0 0
cpu21 7695579 4845 747289 424900438 20313 49791 21027 0 0 0
cpu22 6637199 2448 739867 425984805 24154 30030 14706 0 0 0
cpu23 5141426 9625 801431 427423125 23754 31327 14891 0 0 0
cpu24 12487957 4116 911814 419935407 31289 65309 14604 0 0 0
cpu25 14433779 6367 891807 418004008 45273 65829 6739 0 0 0
cpu26 13301156 9770 957715 419074150 37341 72966 6531 0 0 0
cpu27 13606728 1251 975172 418768105 40876 63025 6535 0 0 0
cpu28 13257702 3180 910385 419167298 39091 69582 6545 0 0 0
cpu29 13680876 4685 972891 418671326 41312 71652 7431 0 0 0
cpu30 13063316 5866 909751 419352013 41196 70088 6903 0 0 0
cpu31 13744638 1302 1036098 418551133 42339 70813 7226 0 0 0
## interrupts
            CPU0       CPU1       CPU2       CPU3       CPU4       CPU5       CPU6       CPU7       CPU8       CPU9       CPU10      CPU11      CPU12      CPU13      CPU14      CPU15      CPU16      CPU17      CPU18      CPU19      CPU20      CPU21      CPU22      CPU23      CPU24      CPU25      CPU26      CPU27      CPU28      CPU29      CPU30      CPU31      
 LOC:  509061392  470340429  440912254  435894498  418121715  582179340  916534900 3326812388  220151390  157536963  176427438  179293302  150899820  143515900  152841611  170174882  115439525  109856754  112778636  106578903   97638603  120887344  108110472  104139916  183154020  193795578  186191996  186924140  183065187  189368882  180155204  188386909   Local timer interrupts
 RES:     133804      74618      69023      60587      51206      46529       9765      11532      77638      16947      14728      12688      11817      11468      11514      11581       7263      11532      10060       8971       8744       6898       7087       6474       9430       9163       8672       8471       9060       8719       8180       8977   Rescheduling interrupts
 CAL: 1434348418 1108158828 1135914407 1115279776 1000199323  945260968   99209735   37225103   37253087   28507989   25915086   23819327   22594757   21173993   21574088   22110487   21716951   17044516   16487337   16429199   16360405   16272525   15518927   15572442   29469060   30054927   31332220   32771823   33925240   35755827   35654069   35039731   Function call interrupts
 TLB:   41900711   45794197   46324225   46650785   46606830   45021367   34076738   34250540   28753184   28581582   27369424   25941101   24884003   23378224   23709294   24183044   22746649   19266319   18730537   18566792   18440003   18135786   15874525   15766652   31415332   31663626   32926122   34130884   35158307   36871298   36586174   35517026   TLB shootdowns
## cpuidle cpu estado tiempo_us entradas
cpu0 POLL 13954757 435194
cpu0 C1 2957986726 30329001
cpu0 C1E 25046481426 116078784
cpu0 C6 3900733239334 516678596
cpu1 POLL 5063949 139687
cpu1 C1 32130139 493430
cpu1 C1E 12596316032 74056706
cpu1 C6 3904941855691 151365870
cpu2 POLL 4527251 142562
cpu2 C1 47694808 533344
cpu2 C1E 11530652047 65175208
cpu2 C6 3920995777734 116504961
cpu3 POLL 4125574 112560
cpu3 C1 43783678 484168
cpu3 C1E 11372334423 59001868
cpu3 C6 3926371151620 110548059
cpu4 POLL 3847778 108667
cpu4 C1 50820374 498460
cpu4 C1E 11156686798 62760658
cpu4 C6 3951384168073 126369468
cpu5 POLL 4076420 118458
cpu5 C1 206356714 353746
cpu5 C1E 9943925032 64855633
cpu5 C6 3778546679996 89982498
cpu6 POLL 1112024860 135851792
cpu6 C1 14459687038 49279448
cpu6 C1E 163080901875 554731478
cpu6 C6 3781732937323 386583963
cpu7 POLL 29340678 742407
cpu7 C1 42805386 1946339
cpu7 C1E 424215123554 3170920732
cpu7 C6 3758144430688 87807109
cpu16 POLL 2077402 56849
cpu16 C1 77469489 196722
cpu16 C1E 7069995228 31259186
cpu16 C6 4258765927858 103233375
cpu17 POLL 1716448 47713
cpu17 C1 23709577 192074
cpu17 C1E 7081760031 28478189
cpu17 C6 4253123353713 88679985
cpu18 POLL 1435655 48024
cpu18 C1 27485218 198310
cpu18 C1E 6731098792 26017981
cpu18 C6 4248044471063 80215738
cpu19 POLL 1270524 43584
cpu19 C1 19429665 136545
cpu19 C1E 5885140546 19081429
cpu19 C6 4247930300936 111066406
cpu20 POLL 2155931 52898
cpu20 C1 14024738 167826
cpu20 C1E 6317503210 24969699
cpu20 C6 4262636744633 66214781
cpu21 POLL 2482172 57180
cpu21 C1 35790535 236954
cpu21 C1E 7326229509 32041976
cpu21 C6 4241375755415 66826889
cpu22 POLL 3787820 324450
cpu22 C1 108249593 249758
cpu22 C1E 7648166874 22947147
cpu22 C6 4251881042602 106451580
cpu23 POLL 3644693 225875
cpu23 C1 28254585 276047
cpu23 C1E 9507091217 34020276
cpu23 C6 4264513209829 80356211
## daemon hilo utime stime cpu
cpu_loop_main 6 1 27
cpu_loop_main 0 0 6
