## stat
cpu  506853480 220658 62957098 13292539569 1597156 3382850 814289 0 0 0
cpu0 36856505 37455 2630227 392950237 151032 271304 118510 0 0 0
cpu1 38583479 13577 2723095 391689736 148485 195295 36840 0 0 0
cpu2 37350851 5256 2504357 393227688 97586 191029 34315 0 0 0
cpu3 36982595 6201 2355060 393741284 102290 188229 31421 0 0 0
cpu4 34617207 9635 2228462 396241386 90054 182579 34543 0 0 0
cpu5 51749176 25654 2450070 378806648 118308 227948 41545 0 0 0
cpu6 12338140 2065 24834243 396108621 59100 146539 73477 0 0 0
cpu7 13321718 6850 900089 418420934 48499 265320 31870 0 0 0
cpu8 9817368 10098 1331517 421096974 50876 99675 69284 0 0 0
cpu9 9796157 4867 999407 422487772 42552 51347 21875 0 0 0
cpu10 11338715 6591 1077603 420923239 38360 56244 13368 0 0 0
cpu11 13215120 5285 1167401 418953089 44092 55456 27468 0 0 0
cpu12 10267332 669 928475 422171107 30724 52003 8039 0 0 0
cpu13 9832141 2370 949140 422593112 26367 49670 7657 0 0 0
cpu14 10298123 806 984355 421769918 49193 349452 7021 0 0 0
cpu15 11159245 1153 1293607 420896046 27598 62959 7461 0 0 0
cpu16 6074495 1932 610048 426638934 16072 52166 25990 0 0 0
cpu17 6603199 4854 669672 426061434 18226 50067 25720 0 0 0
cpu18 7063026 8264 751400 425518897 16675 50828 32786 0 0 0
cpu19 7009032 6245 809610 425452871 17905 82815 43427 0 0 0
cpu20 5529479 7364 904987 426930415 16203 41487 8517 0 0 0
cpu21 7695579 4845 747290 424902933 20313 49791 21027 0 0 0
cpu22 6637199 2448 739867 425987301 24155 30030 14706 0 0 0
cpu23 5141426 9625 801431 427425620 23754 31327 14891 0 0 0
cpu24 12487957 4116 911814 419937903 31289 65309 14604 0 0 0
cpu25 14433779 6367 891807 418006504 45273 65829 6739 0 0 0
cpu26 13301156 9770 957715 419076646 37341 72966 6531 0 0 0
cpu27 13606728 1251 975198 418770565 40878 63034 6535 0 0 0
cpu28 13257703 3180 910391 419169786 39093 69582 6545 0 0 0
cpu29 13680877 4685 972892 418673820 41312 71652 7431 0 0 0
cpu30 13063318 5866 909753 419354505 41197 70088 6903 0 0 0
cpu31 13744638 1302 1036098 418553629 42339 70813 7226 0 0 0
## interrupts
            CPU0       CPU1       CPU2       CPU3       CPU4       CPU5       CPU6       CPU7       CPU8       CPU9       CPU10      CPU11      CPU12      CPU13      CPU14      CPU15      CPU16      CPU17      CPU18      CPU19      CPU20      CPU21      CPU22      CPU23      CPU24      CPU25      CPU26      CPU27      CPU28      CPU29      CPU30      CPU31      
 LOC:  509082052  470360596  440932390  435914541  418141760  582199358  916545074 3326812402  220151562  157576118  176427856  179293374  150899826  143516886  152841619  170175131  115439971  109857139  112778669  106579015   97638951  120887616  108110524  104140377  183154030  193795584  186192085  187069676  183065520  189368991  180156137  188386915   Local timer interrupts
 RES:     133807      74621      69027      60590      51209      46533       9765      11532      77638      16968      14728      12688      11817      11468      11514      11581       7263      11537      10060       8971       8744       6898       7087       6474       9430       9163       8672       8471       9060       8719       8180       8977   Rescheduling interrupts
 CAL: 1434367695 1108177450 1135933056 1115298538 1000218199  945279584   99212423   37225107   37253088   28507998   25915090   23819331   22594761   21173997   21574092   22110491   21716955   17044523   16487341   16429203   16360414   16272529   15518931   15572446   29469064   30054931   31332224   32771827   33925244   35755831   35654073   35039735   Function call interrupts
 TLB:   41901594   45794786   46324888   46651599   46607706   45022022   34076738   34250540   28753184   28581582   27369424   25941101   24884003   23378224   23709294   24183044   22746649   19266319   18730537   18566792   18440003   18135786   15874525   15766652   31415332   31663626   32926122   34130884   35158307   36871298   36586174   35517026   TLB shootdowns
## cpuidle cpu estado tiempo_us entradas
cpu0 POLL 13954822 435195
cpu0 C1 2957986726 30329001
cpu0 C1E 25046568620 116078967
cpu0 C6 3900737679027 516679207
cpu1 POLL 5063949 139687
cpu1 C1 32130139 493430
cpu1 C1E 12596361557 74056762
cpu1 C6 3904946731572 151366208
cpu2 POLL 4527380 142564
cpu2 C1 47694808 533344
cpu2 C1E 11530718192 65175298
cpu2 C6 3921000679688 116505103
cpu3 POLL 4125574 112560
cpu3 C1 43783678 484168
cpu3 C1E 11372390007 59001952
cpu3 C6 3926376083560 110548418
cpu4 POLL 3847778 108667
cpu4 C1 50820374 498460
cpu4 C1E 11156705552 62760681
cpu4 C6 3951389109488 126369701
cpu5 POLL 4076420 118458
cpu5 C1 206356714 353746
cpu5 C1E 9943978691 64855705
cpu5 C6 3778551599888 89982690
cpu6 POLL 1112024860 135851792
cpu6 C1 14459687085 49279450
cpu6 C1E 163082019556 554732660
cpu6 C6 3781756306521 386607853
cpu7 POLL 29340678 742407
cpu7 C1 42805386 1946339
cpu7 C1E 424215125425 3170920749
cpu7 C6 3758169428893 87809068
cpu16 POLL 2077402 56849
cpu16 C1 77469489 196722
cpu16 C1E 7069995797 31259191
cpu16 C6 4258790876065 103234045
cpu17 POLL 1716484 47715
cpu17 C1 23709590 192076
cpu17 C1E 7081950195 28478719
cpu17 C6 4253148111686 88680508
cpu18 POLL 1435655 48024
cpu18 C1 27487217 198312
cpu18 C1E 6731105428 26017989
cpu18 C6 4248069527906 80215885
cpu19 POLL 1270524 43584
cpu19 C1 19429665 136545
cpu19 C1E 5885167087 19081460
cpu19 C6 4247955362787 111066576
cpu20 POLL 2155931 52898
cpu20 C1 14024738 167826
cpu20 C1E 6317647051 24969932
cpu20 C6 4262661554016 66215437
cpu21 POLL 2482172 57180
cpu21 C1 35790535 236954
cpu21 C1E 7326247347 32041996
cpu21 C6 4241400709093 66827037
cpu22 POLL 3787820 324450
cpu22 C1 108249593 249758
cpu22 C1E 7648166874 22947147
cpu22 C6 4251905977605 106458314
cpu23 POLL 3644693 225875
cpu23 C1 28254585 276047
cpu23 C1E 9507290317 34020571
cpu23 C6 4264537952583 80357036
## daemon hilo utime stime cpu
cpu_loop_main 6 19 27
cpu_loop_main 1 21 6
