## stat
cpu  506623721 220313 62950223 13290671011 1596777 3381378 813968 0 0 0
cpu0 36818447 37455 2630032 392922880 151020 271142 118501 0 0 0
cpu1 38545237 13577 2722948 391662500 148475 195136 36836 0 0 0
cpu2 37312802 5256 2504165 393200312 97568 190869 34311 0 0 0
cpu3 36944567 6187 2354870 393713915 102279 188065 31401 0 0 0
cpu4 34579027 9635 2228324 396214081 90043 182416 34539 0 0 0
cpu5 51711165 25654 2449903 378779205 118299 227787 41541 0 0 0
cpu6 12337963 2065 24829510 396045018 59093 146409 73380 0 0 0
cpu7 13321655 6850 900067 418355797 48446 265219 31801 0 0 0
cpu8 9817293 9950 1331457 421031713 50860 99639 69252 0 0 0
cpu9 9795955 4867 999310 422422347 42522 51321 21868 0 0 0
cpu10 11338697 6591 1077550 420857595 38346 56229 13365 0 0 0
cpu11 13215098 5285 1167338 418887406 44084 55445 27459 0 0 0
cpu12 10267311 669 928437 422105390 30716 51996 8037 0 0 0
cpu13 9832108 2186 949061 422527662 26350 49656 7653 0 0 0
cpu14 10298099 806 984323 421704221 49180 349442 7019 0 0 0
cpu15 11159232 1153 1293568 420830333 27582 62955 7458 0 0 0
cpu16 6074488 1932 610026 426573190 16068 52160 25984 0 0 0
cpu17 6603175 4854 669651 425995692 18223 50062 25715 0 0 0
cpu18 7063023 8264 751387 425453117 16671 50827 32785 0 0 0
cpu19 7008958 6245 809571 425387247 17893 82801 43425 0 0 0
cpu20 5529453 7364 904968 426864671 16199 41482 8516 0 0 0
cpu21 7695574 4845 747272 424837165 20310 49789 21025 0 0 0
cpu22 6637196 2448 739848 425921541 24151 30027 14702 0 0 0
cpu23 5141418 9625 801401 427359884 23748 31321 14886 0 0 0
cpu24 12487954 4116 911806 419872118 31286 65308 14603 0 0 0
cpu25 14433714 6367 891766 417940834 45262 65820 6736 0 0 0
cpu26 13301146 9770 957681 419010898 37335 72964 6529 0 0 0
cpu27 13606689 1251 975119 418704926 40867 63014 6532 0 0 0
cpu28 13257675 3180 910323 419104149 39071 69573 6542 0 0 0
cpu29 13680866 4685 972835 418608118 41305 71637 7429 0 0 0
cpu30 13063218 5866 909679 419288933 41185 70069 6899 0 0 0
cpu31 13744499 1302 1036010 418488139 42324 70782 7220 0 0 0
## interrupts
            CPU0       CPU1       CPU2       CPU3       CPU4       CPU5       CPU6       CPU7       CPU8       CPU9       CPU10      CPU11      CPU12      CPU13      CPU14      CPU15      CPU16      CPU17      CPU18      CPU19      CPU20      CPU21      CPU22      CPU23      CPU24      CPU25      CPU26      CPU27      CPU28      CPU29      CPU30      CPU31      
 LOC:  508686772  469968169  440538321  435522279  417752162  581789659  915808491 3325717573  220085515  157487741  176253387  179186509  150816481  143401275  152755279  170136572  115414974  109842687  112776428  106529278   97624812  120881151  108100939  104122484  183144146  193777689  186187744  186883939  182945078  189154682  180104898  188186812   Local timer interrupts
 RES:     133730      74471      68931      60470      51128      46413       9763      11531      77621      16928      14714      12635      11792      11458      11493      11445       7254      11481      10055       8968       8732       6889       7082       6461       9394       9140       8621       8405       9024       8710       8122       8949   Rescheduling interrupts
 CAL: 1432276996 1106071556 1133841917 1113207124  998119880  943194268   99177312   37187662   37247407   28507587   25914889   23819092   22594554   21173747   21573741   22110239   21716684   17044265   16487136   16428946   16360201   16272300   15518675   15572177   29468852   30054693   31331988   32771604   33925018   35755569   35653758   35039529   Function call interrupts
 TLB:   41886448   45780604   46309903   46637197   46593813   45009841   34076733   34250536   28753184   28581581   27369424   25941101   24884003   23378205   23709292   24183044   22746649   19266319   18730537   18566792   18440003   18135786   15874504   15766635   31415332   31663626   32926122   34130884   35158288   36871259   36586172   35517026   TLB shootdowns
## cpuidle cpu estado tiempo_us entradas
cpu0 POLL 13954296 435186
cpu0 C1 2957975482 30328977
cpu0 C1E 25043839125 116074366
cpu0 C6 3900466855072 516648871
cpu1 POLL 5063807 139684
cpu1 C1 32128916 493420
cpu1 C1E 12593369220 74051261
cpu1 C6 3904677310521 151355255
cpu2 POLL 4526960 142557
cpu2 C1 47694435 533330
cpu2 C1E 11527153570 65166972
cpu2 C6 3920730328973 116496912
cpu3 POLL 4124714 112545
cpu3 C1 43778932 484087
cpu3 C1E 11368917180 58991474
cpu3 C6 3926105870188 110524892
cpu4 POLL 3847650 108665
cpu4 C1 50817595 498451
cpu4 C1E 11154518635 62757618
cpu4 C6 3951118126803 126360633
cpu5 POLL 4075556 118441
cpu5 C1 206354888 353715
cpu5 C1E 9938837134 64830328
cpu5 C6 3778282211139 89975783
cpu6 POLL 1111563519 135844559
cpu6 C1 14458651095 49260350
cpu6 C1E 162805678271 554189047
cpu6 C6 3781399412433 386316321
cpu7 POLL 29334887 742314
cpu7 C1 42801334 1945817
cpu7 C1E 424073449958 3169896118
cpu7 C6 3757660472291 87616639
cpu16 POLL 2076610 56836
cpu16 C1 77464133 196673
cpu16 C1E 7064605615 31242793
cpu16 C6 4258138897366 103209637
cpu17 POLL 1716021 47705
cpu17 C1 23708589 192041
cpu17 C1E 7076865946 28464130
cpu17 C6 4252495852460 88655844
cpu18 POLL 1435655 48024
cpu18 C1 27483447 198305
cpu18 C1E 6730191306 26016850
cpu18 C6 4247412626731 80210147
cpu19 POLL 1269183 43563
cpu19 C1 19411477 136485
cpu19 C1E 5875506697 19054785
cpu19 C6 4247308822390 111037613
cpu20 POLL 2155662 52893
cpu20 C1 14017640 167809
cpu20 C1E 6313673123 24961434
cpu20 C6 4262008105750 66202168
cpu21 POLL 2482042 57178
cpu21 C1 35790458 236944
cpu21 C1E 7323464669 32037704
cpu21 C6 4240745771566 66817839
cpu22 POLL 3787624 324446
cpu22 C1 108249472 249753
cpu22 C1E 7645889782 22942970
cpu22 C6 4251250997038 106340370
cpu23 POLL 3644401 225870
cpu23 C1 28253450 276034
cpu23 C1E 9502586470 34013350
cpu23 C6 4263885510959 80264997
## daemon hilo utime stime cpu
cpu_loop_main 39 20 7
cpu_loop_main 0 148 6
