## stat
cpu  506611716 220313 62950137 13290603111 1596763 3381287 813956 0 0 0
cpu0 36816458 37455 2630024 392922379 151020 271131 118500 0 0 0
cpu1 38543247 13577 2722940 391661999 148474 195126 36836 0 0 0
cpu2 37310771 5256 2504160 393199850 97568 190858 34311 0 0 0
cpu3 36942563 6187 2354863 393713427 102278 188055 31400 0 0 0
cpu4 34577042 9635 2228313 396213580 90043 182404 34539 0 0 0
cpu5 51709170 25654 2449900 378778705 118299 227776 41541 0 0 0
cpu6 12337963 2065 24829490 396042667 59093 146404 73379 0 0 0
cpu7 13321654 6850 900067 418353373 48438 265206 31796 0 0 0
cpu8 9817293 9950 1331456 421029219 50860 99638 69250 0 0 0
cpu9 9795955 4867 999307 422419842 42521 51321 21868 0 0 0
cpu10 11338696 6591 1077547 420855090 38346 56229 13365 0 0 0
cpu11 13215098 5285 1167337 418884897 44084 55445 27459 0 0 0
cpu12 10267311 669 928437 422102880 30716 51996 8037 0 0 0
cpu13 9832106 2186 949059 422525159 26350 49655 7652 0 0 0
cpu14 10298098 806 984322 421701715 49180 349441 7019 0 0 0
cpu15 11159231 1153 1293566 420827826 27582 62955 7458 0 0 0
cpu16 6074488 1932 610026 426570681 16068 52159 25984 0 0 0
cpu17 6603175 4854 669650 425993183 18223 50062 25715 0 0 0
cpu18 7063023 8264 751387 425450608 16671 50827 32785 0 0 0
cpu19 7008957 6245 809569 425384740 17893 82801 43425 0 0 0
cpu20 5529453 7364 904968 426862161 16199 41482 8516 0 0 0
cpu21 7695574 4845 747272 424834655 20310 49789 21025 0 0 0
cpu22 6637196 2448 739847 425919031 24151 30027 14702 0 0 0
cpu23 5141418 9625 801400 427357384 23748 31319 14886 0 0 0
cpu24 12487954 4116 911806 419869608 31286 65308 14603 0 0 0
cpu25 14433714 6367 891766 417938324 45262 65820 6736 0 0 0
cpu26 13301146 9770 957681 419008389 37335 72964 6529 0 0 0
cpu27 13606689 1251 975116 418702420 40867 63014 6532 0 0 0
cpu28 13257674 3180 910321 419101643 39070 69573 6542 0 0 0
cpu29 13680866 4685 972835 418605608 41305 71637 7429 0 0 0
cpu30 13063218 5866 909679 419286423 41185 70069 6899 0 0 0
cpu31 13744499 1302 1036010 418485629 42324 70782 7220 0 0 0
## interrupts
            CPU0       CPU1       CPU2       CPU3       CPU4       CPU5       CPU6       CPU7       CPU8       CPU9       CPU10      CPU11      CPU12      CPU13      CPU14      CPU15      CPU16      CPU17      CPU18      CPU19      CPU20      CPU21      CPU22      CPU23      CPU24      CPU25      CPU26      CPU27      CPU28      CPU29      CPU30      CPU31      
 LOC:  508661900  469947590  440517640  435501916  417731835  581769489  915758241 3325562021  220082590  157487402  176252989  179186445  150816470  143400341  152754523  170136264  115414054  109842214  112776268  106527827   97624779  120881081  108100800  104106372  183144085  193777682  186187692  186883606  182944838  189154627  180104838  188186806   Local timer interrupts
 RES:     133727      74465      68928      60468      51124      46409       9763      11531      77621      16928      14714      12635      11792      11458      11493      11427       7254      11481      10055       8968       8732       6889       7082       6456       9392       9140       8621       8405       9024       8710       8122       8949   Rescheduling interrupts
 CAL: 1432095603 1105890118 1133656807 1113024619  997938338  943012846   99177309   37183389   37246989   28507584   25914886   23819089   22594551   21173741   21573704   22110228   21716677   17044257   16487115   16428942   16360198   16272297   15518672   15572174   29468849   30054690   31331985   32771601   33925015   35755566   35653755   35039526   Function call interrupts
 TLB:   41885642   45780017   46309028   46636631   46592925   45009123   34076733   34250536   28753184   28581581   27369424   25941101   24884003   23378205   23709292   24183044   22746649   19266319   18730537   18566792   18440003   18135786   15874504   15766635   31415332   31663626   32926122   34130884   35158288   36871259   36586172   35517026   TLB shootdowns
## cpuidle cpu estado tiempo_us entradas
cpu0 POLL 13954166 435184
cpu0 C1 2957975448 30328970
cpu0 C1E 25043176141 116069657
cpu0 C6 3900462505668 516648317
cpu1 POLL 5063807 139684
cpu1 C1 32128916 493420
cpu1 C1E 12593259096 74051087
cpu1 C6 3904672415678 151354198
cpu2 POLL 4526960 142557
cpu2 C1 47694435 533330
cpu2 C1E 11527024653 65166769
cpu2 C6 3920725843364 116496640
cpu3 POLL 4124714 112545
cpu3 C1 43778927 484086
cpu3 C1E 11368817253 58991300
cpu3 C6 3926101089991 110524487
cpu4 POLL 3847650 108665
cpu4 C1 50817595 498451
cpu4 C1E 11154435257 62757518
cpu4 C6 3951113244728 126360337
cpu5 POLL 4075556 118441
cpu5 C1 206352402 353712
cpu5 C1E 9938782521 64830251
cpu5 C6 3778277277941 89975663
cpu6 POLL 1111563200 135844554
cpu6 C1 14458651051 49260343
cpu6 C1E 162782219500 554138996
cpu6 C6 3781399402800 386316299
cpu7 POLL 29334821 742313
cpu7 C1 42801141 1945778
cpu7 C1E 424052264689 3169740155
cpu7 C6 3757657383320 87614551
cpu16 POLL 2076610 56836
cpu16 C1 77464133 196673
cpu16 C1E 7064449686 31242485
cpu16 C6 4258113974147 103208508
cpu17 POLL 1716021 47705
cpu17 C1 23708583 192040
cpu17 C1E 7076673314 28463568
cpu17 C6 4252470958538 88654869
cpu18 POLL 1435655 48024
cpu18 C1 27483447 198305
cpu18 C1E 6730177943 26016834
cpu18 C6 4247387545877 80209912
cpu19 POLL 1269183 43563
cpu19 C1 19411477 136485
cpu19 C1E 5875485634 19054749
cpu19 C6 4247283769359 111037243
cpu20 POLL 2155662 52893
cpu20 C1 14017640 167809
cpu20 C1E 6313672418 24961433
cpu20 C6 4261983029839 66201992
cpu21 POLL 2482042 57178
cpu21 C1 35790458 236944
cpu21 C1E 7323464669 32037704
cpu21 C6 4240720668291 66817752
cpu22 POLL 3787624 324446
cpu22 C1 108249472 249753
cpu22 C1E 7645880229 22942944
cpu22 C6 4251225310770 106339980
cpu23 POLL 3644336 225869
cpu23 C1 28253450 276034
cpu23 C1E 9500392176 33997363
cpu23 C6 4263862721975 80264852
## daemon hilo utime stime cpu
cpu_loop_main 6 2 23
cpu_loop_main 0 1 6
