## stat
cpu  506768783 220658 62953114 13291850946 1597015 3382322 814167 0 0 0
cpu0 36842483 37455 2630166 392940144 151029 271246 118507 0 0 0
cpu1 38569338 13577 2723039 391679750 148482 195238 36839 0 0 0
cpu2 37336814 5256 2504293 393217611 97580 190972 34314 0 0 0
cpu3 36968619 6201 2354998 393731150 102287 188170 31414 0 0 0
cpu4 34603182 9635 2228411 396231280 90050 182521 34542 0 0 0
cpu5 51735196 25654 2450005 378796511 118305 227891 41544 0 0 0
cpu6 12338026 2065 24831057 396085194 59097 146483 73439 0 0 0
cpu7 13321715 6850 900085 418396839 48488 265297 31839 0 0 0
cpu8 9817357 10098 1331498 421072840 50867 99668 69277 0 0 0
cpu9 9796149 4867 999383 422463583 42544 51343 21874 0 0 0
cpu10 11338711 6591 1077584 420899026 38356 56243 13367 0 0 0
cpu11 13215116 5285 1167390 418928866 44090 55455 27466 0 0 0
cpu12 10267328 669 928464 422146885 30719 52002 8039 0 0 0
cpu13 9832125 2370 949113 422568927 26359 49667 7656 0 0 0
cpu14 10298117 806 984347 421745718 49188 349446 7021 0 0 0
cpu15 11159236 1153 1293585 420871846 27590 62958 7459 0 0 0
cpu16 6074492 1932 610039 426614712 16071 52164 25989 0 0 0
cpu17 6603196 4854 669663 426037208 18225 50066 25718 0 0 0
cpu18 7063025 8264 751393 425494665 16673 50827 32786 0 0 0
cpu19 7008964 6245 809578 425428789 17895 82802 43426 0 0 0
cpu20 5529476 7364 904981 426906183 16202 41486 8517 0 0 0
cpu21 7695578 4845 747282 424878702 20312 49790 21026 0 0 0
cpu22 6637198 2448 739861 425963071 24153 30029 14705 0 0 0
cpu23 5141424 9625 801421 427401398 23752 31324 14889 0 0 0
cpu24 12487957 4116 911814 419913661 31289 65309 14604 0 0 0
cpu25 14433774 6367 891799 417982277 45271 65828 6738 0 0 0
cpu26 13301152 9770 957703 419052419 37340 72965 6531 0 0 0
cpu27 13606708 1251 975143 418746424 40871 63020 6533 0 0 0
cpu28 13257689 3180 910363 419145637 39082 69575 6544 0 0 0
cpu29 13680874 4685 972884 418649590 41311 71652 7430 0 0 0
cpu30 13063235 5866 909705 419330431 41190 70074 6900 0 0 0
cpu31 13744515 1302 1036053 418529594 42332 70794 7222 0 0 0
## interrupts
            CPU0       CPU1       CPU2       CPU3       CPU4       CPU5       CPU6       CPU7       CPU8       CPU9       CPU10      CPU11      CPU12      CPU13      CPU14      CPU15      CPU16      CPU17      CPU18      CPU19      CPU20      CPU21      CPU22      CPU23      CPU24      CPU25      CPU26      CPU27      CPU28      CPU29      CPU30      CPU31      
 LOC:  508937486  470215880  440788475  435772171  417999119  582057284  916273976 3326561922  220139992  157533752  176425379  179291767  150898304  143509967  152763432  170172618  115434312  109852955  112777605  106530306   97637400  120885126  108107798  104132080  183153728  193794323  186190500  186895152  182949869  189366031  180114481  188350938   Local timer interrupts
 RES:     133769      74531      69002      60565      51187      46509       9764      11532      77627      16934      14727      12688      11817      11468      11514      11579       7255      11523      10056       8971       8744       6898       7084       6473       9430       9162       8626       8414       9034       8716       8124       8953   Rescheduling interrupts
 CAL: 1433615075 1107413500 1135181984 1114548686  999468171  944529177   99198816   37207789   37251948   28507917   25915021   23819262   22594689   21173921   21573994   22110402   21716862   17044423   16487264   16429095   16360342   16272455   15518830   15572344   29468997   30054845   31332129   32771751   33925149   35755716   35653983   35039660   Function call interrupts
 TLB:   41895672   45789790   46319402   46646933   46601912   45017592   34076735   34250536   28753184   28581582   27369424   25941101   24884003   23378217   23709294   24183044   22746649   19266319   18730537   18566792   18440003   18135786   15874504   15766635   31415332   31663626   32926122   34130884   35158288   36871259   36586174   35517026   TLB shootdowns
## cpuidle cpu estado tiempo_us entradas
cpu0 POLL 13954628 435192
cpu0 C1 2957986649 30328997
cpu0 C1E 25045807792 116077740
cpu0 C6 3900637523595 516668328
cpu1 POLL 5063936 139686
cpu1 C1 32129058 493425
cpu1 C1E 12595400443 74054813
cpu1 C6 3904847786082 151362587
cpu2 POLL 4527122 142560
cpu2 C1 47694763 533341
cpu2 C1E 11529750897 65173926
cpu2 C6 3920900809340 116501856
cpu3 POLL 4125491 112558
cpu3 C1 43783426 484160
cpu3 C1E 11371768566 59000866
cpu3 C6 3926275379507 110536883
cpu4 POLL 3847650 108665
cpu4 C1 50817741 498456
cpu4 C1E 11156105192 62759803
cpu4 C6 3951288594899 126367659
cpu5 POLL 4076030 118450
cpu5 C1 206356282 353744
cpu5 C1E 9943476046 64855033
cpu5 C6 3778450684642 89980537
cpu6 POLL 1111892765 135849712
cpu6 C1 14459437641 49276488
cpu6 C1E 162993329086 554558476
cpu6 C6 3781611616310 386472626
cpu7 POLL 29338597 742374
cpu7 C1 42804446 1946184
cpu7 C1E 424185525053 3170703034
cpu7 C6 3757958337880 87717698
cpu16 POLL 2077334 56848
cpu16 C1 77464381 196712
cpu16 C1E 7068313004 31256447
cpu16 C6 4258550360539 103225925
cpu17 POLL 1716179 47709
cpu17 C1 23709125 192054
cpu17 C1E 7079682353 28472321
cpu17 C6 4252908150467 88672861
cpu18 POLL 1435655 48024
cpu18 C1 27485125 198308
cpu18 C1E 6730670205 26017470
cpu18 C6 4247827520028 80213382
cpu19 POLL 1269212 43564
cpu19 C1 19412474 136486
cpu19 C1E 5875918727 19055568
cpu19 C6 4247723685231 111041064
cpu20 POLL 2155931 52898
cpu20 C1 14024738 167826
cpu20 C1E 6317000470 24969121
cpu20 C6 4262419727800 66212680
cpu21 POLL 2482172 57180
cpu21 C1 35790502 236951
cpu21 C1E 7325198298 32040451
cpu21 C6 4241159259070 66823773
cpu22 POLL 3787820 324450
cpu22 C1 108249549 249757
cpu22 C1E 7647648502 22946029
cpu22 C6 4251664339186 106402232
cpu23 POLL 3644562 225873
cpu23 C1 28254469 276037
cpu23 C1E 9505227641 34017449
cpu23 C6 4264297914568 80315110
## daemon hilo utime stime cpu
cpu_loop_main 36 20 7
cpu_loop_main 6 145 6
