## stat
cpu  506756762 220658 62952564 13291783178 1596999 3382227 814156 0 0 0
cpu0 36840494 37455 2630156 392939648 151028 271235 118506 0 0 0
cpu1 38567348 13577 2723036 391679248 148482 195227 36839 0 0 0
cpu2 37334825 5256 2504285 393217112 97579 190961 34314 0 0 0
cpu3 36966582 6201 2354991 393730700 102286 188159 31413 0 0 0
cpu4 34601184 9635 2228405 396230790 90050 182510 34542 0 0 0
cpu5 51733210 25654 2449993 378796014 118305 227880 41543 0 0 0
cpu6 12338003 2065 24830575 396082855 59096 146476 73437 0 0 0
cpu7 13321714 6850 900083 418394425 48478 265283 31838 0 0 0
cpu8 9817356 10098 1331497 421070362 50867 99664 69272 0 0 0
cpu9 9796149 4867 999383 422461077 42544 51343 21874 0 0 0
cpu10 11338711 6591 1077584 420896521 38356 56243 13367 0 0 0
cpu11 13215116 5285 1167389 418926363 44090 55455 27465 0 0 0
cpu12 10267327 669 928463 422144382 30719 52002 8038 0 0 0
cpu13 9832124 2370 949110 422566425 26358 49667 7656 0 0 0
cpu14 10298117 806 984347 421743212 49188 349446 7021 0 0 0
cpu15 11159236 1153 1293585 420869340 27590 62958 7459 0 0 0
cpu16 6074492 1932 610038 426612206 16071 52164 25989 0 0 0
cpu17 6603196 4854 669662 426034703 18225 50065 25718 0 0 0
cpu18 7063024 8264 751392 425492159 16673 50827 32786 0 0 0
cpu19 7008964 6245 809578 425426282 17895 82802 43426 0 0 0
cpu20 5529476 7364 904980 426903678 16201 41486 8517 0 0 0
cpu21 7695578 4845 747280 424876198 20312 49790 21026 0 0 0
cpu22 6637198 2448 739861 425960566 24153 30029 14705 0 0 0
cpu23 5141424 9625 801421 427398893 23752 31324 14889 0 0 0
cpu24 12487957 4116 911814 419911155 31289 65309 14604 0 0 0
cpu25 14433773 6367 891796 417979775 45271 65828 6738 0 0 0
cpu26 13301152 9770 957703 419049913 37340 72965 6531 0 0 0
cpu27 13606705 1251 975141 418743924 40870 63019 6533 0 0 0
cpu28 13257689 3180 910363 419143131 39082 69574 6544 0 0 0
cpu29 13680874 4685 972884 418647084 41311 71652 7430 0 0 0
cpu30 13063233 5866 909703 419327931 41189 70073 6900 0 0 0
cpu31 13744514 1302 1036051 418527091 42332 70794 7222 0 0 0
## interrupts
            CPU0       CPU1       CPU2       CPU3       CPU4       CPU5       CPU6       CPU7       CPU8       CPU9       CPU10      CPU11      CPU12      CPU13      CPU14      CPU15      CPU16      CPU17      CPU18      CPU19      CPU20      CPU21      CPU22      CPU23      CPU24      CPU25      CPU26      CPU27      CPU28      CPU29      CPU30      CPU31      
 LOC:  508916846  470195749  440768334  435751374  417978866  582037153  916223850 3326385477  220133243  157533723  176425258  179291629  150898004  143509726  152763425  170172589  115434202  109852763  112777447  106530300   97637256  120884633  108107265  104131998  183153716  193794007  186190437  186894268  182949833  189366003  180113589  188350737   Local timer interrupts
 RES:     133766      74528      68998      60561      51185      46505       9764      11532      77627      16934      14727      12688      11817      11467      11514      11579       7255      11514      10056       8971       8744       6898       7084       6473       9430       9157       8624       8413       9034       8716       8124       8953   Rescheduling interrupts
 CAL: 1433433504 1107232283 1135000569 1114363226  999286057  944347812   99198811   37207314   37250945   28507913   25915017   23819258   22594682   21173916   21573990   22110398   21716858   17044408   16487260   16429091   16360338   16272450   15518826   15572338   29468993   30054832   31332125   32771747   33925145   35755712   35653979   35039656   Function call interrupts
 TLB:   41894793   45788980   46318579   46646291   46601180   45017018   34076735   34250536   28753184   28581582   27369424   25941101   24884003   23378217   23709294   24183044   22746649   19266319   18730537   18566792   18440003   18135786   15874504   15766635   31415332   31663626   32926122   34130884   35158288   36871259   36586174   35517026   TLB shootdowns
## cpuidle cpu estado tiempo_us entradas
cpu0 POLL 13954628 435192
cpu0 C1 2957986649 30328997
cpu0 C1E 25045714140 116077616
cpu0 C6 3900632647174 516667036
cpu1 POLL 5063936 139686
cpu1 C1 32129058 493425
cpu1 C1E 12595373893 74054781
cpu1 C6 3904842836690 151362381
cpu2 POLL 4527092 142559
cpu2 C1 47694700 533340
cpu2 C1E 11529699530 65173849
cpu2 C6 3920895883847 116501685
cpu3 POLL 4125491 112558
cpu3 C1 43783426 484160
cpu3 C1E 11371648459 59000613
cpu3 C6 3926271006355 110534997
cpu4 POLL 3847650 108665
cpu4 C1 50817741 498456
cpu4 C1E 11156024782 62759696
cpu4 C6 3951283792965 126367466
cpu5 POLL 4076030 118450
cpu5 C1 206356282 353744
cpu5 C1E 9943456569 64855008
cpu5 C6 3778445769644 89980337
cpu6 POLL 1111742475 135847351
cpu6 C1 14459149216 49269487
cpu6 C1E 162973133272 554528140
cpu6 C6 3781608870292 386466395
cpu7 POLL 29337943 742364
cpu7 C1 42804256 1946146
cpu7 C1E 424161524901 3170526638
cpu7 C6 3757958237652 87717668
cpu16 POLL 2077270 56847
cpu16 C1 77464381 196712
cpu16 C1E 7068208406 31256288
cpu16 C6 4258525407712 103225219
cpu17 POLL 1716179 47709
cpu17 C1 23709125 192054
cpu17 C1E 7079580996 28472057
cpu17 C6 4252883206951 88672131
cpu18 POLL 1435655 48024
cpu18 C1 27485125 198308
cpu18 C1E 6730659378 26017458
cpu18 C6 4247802521275 80213274
cpu19 POLL 1269212 43564
cpu19 C1 19412474 136486
cpu19 C1E 5875918727 19055568
cpu19 C6 4247698704074 111040962
cpu20 POLL 2155931 52898
cpu20 C1 14024738 167826
cpu20 C1E 6316989788 24969109
cpu20 C6 4262394742316 66212537
cpu21 POLL 2482172 57180
cpu21 C1 35790502 236951
cpu21 C1E 7325084259 32040279
cpu21 C6 4241134523387 66823405
cpu22 POLL 3787820 324450
cpu22 C1 108249549 249757
cpu22 C1E 7647647566 22946028
cpu22 C6 4251639301366 106398550
cpu23 POLL 3644562 225873
cpu23 C1 28254469 276037
cpu23 C1E 9505199738 34017413
cpu23 C6 4264272898818 80314819
## daemon hilo utime stime cpu
cpu_loop_main 5 2 7
cpu_loop_main 0 1 6
