## stat
cpu  506684138 220658 62951052 13291162151 1596869 3381706 814056 0 0 0
cpu0 36828470 37455 2630081 392930061 151025 271178 118503 0 0 0
cpu1 38555306 13577 2722996 391669640 148478 195172 36837 0 0 0
cpu2 37322819 5256 2504225 393207487 97574 190905 34312 0 0 0
cpu3 36954608 6201 2354914 393721067 102281 188102 31406 0 0 0
cpu4 34589028 9635 2228369 396221291 90047 182452 34540 0 0 0
cpu5 51721149 25654 2449954 378786426 118303 227823 41542 0 0 0
cpu6 12337972 2065 24829756 396061891 59094 146435 73414 0 0 0
cpu7 13321707 6850 900079 418372911 48460 265244 31813 0 0 0
cpu8 9817317 10098 1331479 421048748 50864 99650 69261 0 0 0
cpu9 9796076 4867 999354 422439443 42534 51336 21872 0 0 0
cpu10 11338700 6591 1077562 420874871 38350 56230 13366 0 0 0
cpu11 13215111 5285 1167353 418904661 44087 55448 27462 0 0 0
cpu12 10267316 669 928450 422122665 30718 51997 8038 0 0 0
cpu13 9832115 2370 949090 422544729 26354 49659 7654 0 0 0
cpu14 10298104 806 984327 421721501 49181 349443 7019 0 0 0
cpu15 11159234 1153 1293573 420847622 27582 62955 7458 0 0 0
cpu16 6074490 1932 610031 426590473 16069 52161 25987 0 0 0
cpu17 6603176 4854 669653 426012984 18223 50063 25716 0 0 0
cpu18 7063023 8264 751389 425470412 16672 50827 32786 0 0 0
cpu19 7008960 6245 809575 425404536 17894 82802 43426 0 0 0
cpu20 5529455 7364 904972 426881960 16200 41483 8516 0 0 0
cpu21 7695577 4845 747275 424854453 20311 49789 21026 0 0 0
cpu22 6637197 2448 739857 425938823 24153 30027 14703 0 0 0
cpu23 5141421 9625 801408 427377165 23750 31322 14887 0 0 0
cpu24 12487955 4116 911810 419889411 31287 65308 14603 0 0 0
cpu25 14433715 6367 891769 417958126 45263 65820 6736 0 0 0
cpu26 13301148 9770 957694 419028174 37338 72965 6530 0 0 0
cpu27 13606696 1251 975128 418722200 40869 63016 6533 0 0 0
cpu28 13257678 3180 910330 419121434 39072 69573 6542 0 0 0
cpu29 13680869 4685 972872 418625353 41308 71651 7430 0 0 0
cpu30 13063226 5866 909689 419306205 41187 70071 6900 0 0 0
cpu31 13744505 1302 1036023 418505414 42327 70783 7221 0 0 0
## interrupts
            CPU0       CPU1       CPU2       CPU3       CPU4       CPU5       CPU6       CPU7       CPU8       CPU9       CPU10      CPU11      CPU12      CPU13      CPU14      CPU15      CPU16      CPU17      CPU18      CPU19      CPU20      CPU21      CPU22      CPU23      CPU24      CPU25      CPU26      CPU27      CPU28      CPU29      CPU30      CPU31      
 LOC:  508791592  470072116  440641497  435625928  417854605  581892354  915961732 3325961043  220109632  157518894  176255215  179194273  150818576  143406904  152758220  170137720  115420310  109843185  112776757  106529915   97626631  120882344  108103350  104126452  183144877  193778316  186189380  186888318  182946198  189364225  180109047  188188090   Local timer interrupts
 RES:     133747      74495      68955      60541      51161      46445       9763      11532      77623      16928      14719      12635      11805      11460      11495      11521       7255      11485      10056       8970       8743       6896       7083       6462       9410       9141       8623       8410       9033       8713       8123       8950   Rescheduling interrupts
 CAL: 1432662475 1106460702 1134230984 1113593977  998505620  943578900   99192453   37193886   37248877   28507817   25914937   23819151   22594610   21173843   21573879   22110306   21716746   17044315   16487188   16428997   16360256   16272365   15518738   15572230   29468906   30054741   31332050   32771664   33925069   35755629   35653899   35039579   Function call interrupts
 TLB:   41890250   45784452   46313952   46640999   46597514   45012954   34076734   34250536   28753184   28581582   27369424   25941101   24884003   23378217   23709294   24183044   22746649   19266319   18730537   18566792   18440003   18135786   15874504   15766635   31415332   31663626   32926122   34130884   35158288   36871259   36586174   35517026   TLB shootdowns
## cpuidle cpu estado tiempo_us entradas
cpu0 POLL 13954494 435189
cpu0 C1 2957975566 30328981
cpu0 C1E 25044921045 116076488
cpu0 C6 3900537586290 516656405
cpu1 POLL 5063807 139684
cpu1 C1 32129002 493423
cpu1 C1E 12594322171 74052614
cpu1 C6 3904747774448 151358620
cpu2 POLL 4526960 142557
cpu2 C1 47694612 533335
cpu2 C1E 11528191888 65168731
cpu2 C6 3920801099290 116499163
cpu3 POLL 4124915 112549
cpu3 C1 43782224 484122
cpu3 C1E 11370353780 58996520
cpu3 C6 3926175944029 110529111
cpu4 POLL 3847650 108665
cpu4 C1 50817615 498452
cpu4 C1E 11155195683 62758544
cpu4 C6 3951189627842 126363113
cpu5 POLL 4075767 118445
cpu5 C1 206354990 353719
cpu5 C1E 9939811493 64831738
cpu5 C6 3778353500604 89978202
cpu6 POLL 1111575797 135844753
cpu6 C1 14458779965 49262126
cpu6 C1E 162863242653 554308069
cpu6 C6 3781510095143 386401913
cpu7 POLL 29336381 742338
cpu7 C1 42802558 1945896
cpu7 C1E 424106702735 3170122588
cpu7 C6 3757798206038 87653753
cpu16 POLL 2076806 56840
cpu16 C1 77464272 196697
cpu16 C1E 7065679423 31245277
cpu16 C6 4258310629192 103217232
cpu17 POLL 1716021 47705
cpu17 C1 23708680 192045
cpu17 C1E 7077152331 28464965
cpu17 C6 4252668469083 88661121
cpu18 POLL 1435655 48024
cpu18 C1 27485072 198307
cpu18 C1E 6730325122 26017069
cpu18 C6 4247585435178 80211451
cpu19 POLL 1269212 43564
cpu19 C1 19412474 136486
cpu19 C1E 5875786217 19055332
cpu19 C6 4247481419666 111039643
cpu20 POLL 2155728 52895
cpu20 C1 14020405 167817
cpu20 C1E 6314473499 24962760
cpu20 C6 4262180197777 66205064
cpu21 POLL 2482042 57178
cpu21 C1 35790473 236946
cpu21 C1E 7324000905 32038615
cpu21 C6 4240918146798 66820180
cpu22 POLL 3787688 324447
cpu22 C1 108249536 249756
cpu22 C1E 7646817917 22944611
cpu22 C6 4251422812134 106372741
cpu23 POLL 3644498 225872
cpu23 C1 28253466 276036
cpu23 C1E 9503657914 34015031
cpu23 C6 4264057200312 80286549
## daemon hilo utime stime cpu
