## stat
cpu  506672161 220658 62950986 13291094398 1596862 3381678 814042 0 0 0
cpu0 36826442 37455 2630071 392929607 151024 271174 118503 0 0 0
cpu1 38553313 13577 2722991 391669146 148478 195168 36837 0 0 0
cpu2 37320833 5256 2504215 393206993 97573 190901 34312 0 0 0
cpu3 36952623 6201 2354907 393720567 102281 188098 31405 0 0 0
cpu4 34587037 9635 2228367 396220792 90047 182448 34540 0 0 0
cpu5 51719162 25654 2449943 378785934 118302 227819 41542 0 0 0
cpu6 12337972 2065 24829756 396059411 59094 146432 73403 0 0 0
cpu7 13321707 6850 900079 418370416 48460 265244 31813 0 0 0
cpu8 9817316 10098 1331478 421046259 50864 99650 69261 0 0 0
cpu9 9796076 4867 999352 422436950 42534 51336 21872 0 0 0
cpu10 11338700 6591 1077561 420872378 38350 56229 13366 0 0 0
cpu11 13215110 5285 1167353 418902166 44087 55448 27462 0 0 0
cpu12 10267316 669 928447 422120171 30718 51997 8038 0 0 0
cpu13 9832114 2370 949088 422542236 26354 49658 7654 0 0 0
cpu14 10298104 806 984326 421719007 49181 349443 7019 0 0 0
cpu15 11159234 1153 1293573 420845126 27582 62955 7458 0 0 0
cpu16 6074490 1932 610030 426587979 16069 52161 25987 0 0 0
cpu17 6603176 4854 669653 426010489 18223 50062 25716 0 0 0
cpu18 7063023 8264 751388 425467917 16671 50827 32786 0 0 0
cpu19 7008960 6245 809574 425402042 17894 82802 43426 0 0 0
cpu20 5529454 7364 904971 426879466 16200 41482 8516 0 0 0
cpu21 7695577 4845 747275 424851958 20311 49789 21026 0 0 0
cpu22 6637196 2448 739855 425936331 24152 30027 14703 0 0 0
cpu23 5141420 9625 801406 427374675 23749 31322 14887 0 0 0
cpu24 12487955 4116 911810 419886916 31287 65308 14603 0 0 0
cpu25 14433715 6367 891769 417955630 45263 65820 6736 0 0 0
cpu26 13301148 9770 957694 419025679 37338 72965 6530 0 0 0
cpu27 13606695 1251 975127 418719707 40869 63016 6533 0 0 0
cpu28 13257678 3180 910330 419118939 39072 69573 6542 0 0 0
cpu29 13680869 4685 972872 418622857 41308 71651 7430 0 0 0
cpu30 13063224 5866 909687 419303715 41187 70071 6899 0 0 0
cpu31 13744504 1302 1036021 418502922 42326 70783 7221 0 0 0
## interrupts
            CPU0       CPU1       CPU2       CPU3       CPU4       CPU5       CPU6       CPU7       CPU8       CPU9       CPU10      CPU11      CPU12      CPU13      CPU14      CPU15      CPU16      CPU17      CPU18      CPU19      CPU20      CPU21      CPU22      CPU23      CPU24      CPU25      CPU26      CPU27      CPU28      CPU29      CPU30      CPU31      
 LOC:  508770996  470052000  440621382  435605919  417834561  581872092  915950867 3325961036  220109295  157518698  176255050  179194040  150818354  143406631  152758065  170137713  115419722  109843046  112776589  106529758   97626318  120882258  108102874  104125854  183144864  193778283  186189280  186887588  182946164  189364214  180108253  188187899   Local timer interrupts
 RES:     133744      74492      68952      60537      51157      46441       9763      11532      77623      16928      14719      12635      11792      11459      11494      11521       7255      11485      10056       8970       8735       6890       7083       6461       9410       9141       8623       8410       9033       8713       8123       8950   Rescheduling interrupts
 CAL: 1432661763 1106460000 1134230192 1113593085  998504824  943578325   99186819   37193883   37248877   28507814   25914934   23819147   22594603   21173840   21573876   22110303   21716743   17044312   16487185   16428994   16360246   16272362   15518732   15572226   29468903   30054738   31332047   32771661   33925066   35755626   35653860   35039575   Function call interrupts
 TLB:   41889547   45783754   46313166   46640111   46596721   45012382   34076734   34250536   28753184   28581582   27369424   25941101   24884003   23378217   23709294   24183044   22746649   19266319   18730537   18566792   18440003   18135786   15874504   15766635   31415332   31663626   32926122   34130884   35158288   36871259   36586174   35517026   TLB shootdowns
## cpuidle cpu estado tiempo_us entradas
cpu0 POLL 13954494 435189
cpu0 C1 2957975554 30328980
cpu0 C1E 25044855273 116076339
cpu0 C6 3900533125268 516655914
cpu1 POLL 5063807 139684
cpu1 C1 32129002 493423
cpu1 C1E 12594274983 74052537
cpu1 C6 3904742875729 151358397
cpu2 POLL 4526960 142557
cpu2 C1 47694612 533335
cpu2 C1E 11528146144 65168657
cpu2 C6 3920796213602 116498910
cpu3 POLL 4124915 112549
cpu3 C1 43782224 484122
cpu3 C1E 11370322844 58996473
cpu3 C6 3926170995002 110528802
cpu4 POLL 3847650 108665
cpu4 C1 50817615 498452
cpu4 C1E 11155182983 62758529
cpu4 C6 3951184660160 126362916
cpu5 POLL 4075767 118445
cpu5 C1 206354990 353719
cpu5 C1E 9939729756 64831625
cpu5 C6 3778348681592 89977973
cpu6 POLL 1111575797 135844753
cpu6 C1 14458779965 49262126
cpu6 C1E 162863230817 554308054
cpu6 C6 3781485403944 386372232
cpu7 POLL 29336381 742338
cpu7 C1 42802558 1945896
cpu7 C1E 424106702735 3170122588
cpu7 C6 3757773254136 87653390
cpu16 POLL 2076806 56840
cpu16 C1 77464272 196697
cpu16 C1E 7065617292 31245185
cpu16 C6 4258285764636 103216712
cpu17 POLL 1716021 47705
cpu17 C1 23708618 192044
cpu17 C1E 7077114651 28464897
cpu17 C6 4252643576355 88660792
cpu18 POLL 1435655 48024
cpu18 C1 27485072 198307
cpu18 C1E 6730293132 26017035
cpu18 C6 4247560536001 80211309
cpu19 POLL 1269212 43564
cpu19 C1 19412474 136486
cpu19 C1E 5875745217 19055284
cpu19 C6 4247456547018 111039503
cpu20 POLL 2155723 52894
cpu20 C1 14020405 167817
cpu20 C1E 6314355282 24962576
cpu20 C6 4262155387483 66204665
cpu21 POLL 2482042 57178
cpu21 C1 35790473 236946
cpu21 C1E 7323915818 32038384
cpu21 C6 4240893298409 66820051
cpu22 POLL 3787688 324447
cpu22 C1 108249518 249755
cpu22 C1E 7646666365 22944369
cpu22 C6 4251398063000 106361334
cpu23 POLL 3644434 225871
cpu23 C1 28253460 276035
cpu23 C1E 9503541564 34014864
cpu23 C6 4264032408741 80285801
## daemon hilo utime stime cpu
