## stat
cpu  506901757 220658 62957652 13292933186 1597229 3383135 814351 0 0 0
cpu0 36864540 37455 2630267 392955978 151036 271335 118511 0 0 0
cpu1 38591578 13577 2723119 391695430 148486 195327 36841 0 0 0
cpu2 37358889 5256 2504404 393233422 97589 191060 34316 0 0 0
cpu3 36990591 6201 2355097 393747060 102293 188262 31425 0 0 0
cpu4 34625217 9635 2228487 396247172 90055 182610 34543 0 0 0
cpu5 51757152 25654 2450114 378812451 118309 227978 41545 0 0 0
cpu6 12338169 2065 24834374 396122070 59102 146560 73501 0 0 0
cpu7 13321722 6850 900094 418434667 48509 265340 31879 0 0 0
cpu8 9817371 10098 1331529 421110762 50878 99682 69290 0 0 0
cpu9 9796162 4867 999436 422501575 42554 51355 21876 0 0 0
cpu10 11338721 6591 1077620 420937063 38363 56245 13370 0 0 0
cpu11 13215122 5285 1167406 418966934 44092 55456 27469 0 0 0
cpu12 10267334 669 928477 422184957 30724 52003 8040 0 0 0
cpu13 9832148 2370 949156 422606934 26371 49672 7658 0 0 0
cpu14 10298125 806 984361 421783766 49193 349452 7021 0 0 0
cpu15 11159246 1153 1293608 420909898 27598 62959 7461 0 0 0
cpu16 6074495 1932 610050 426652780 16073 52166 25992 0 0 0
cpu17 6603200 4854 669677 426075171 18232 50081 25721 0 0 0
cpu18 7063026 8264 751401 425532750 16675 50828 32786 0 0 0
cpu19 7009039 6245 809615 425466688 17905 82822 43427 0 0 0
cpu20 5529480 7364 904989 426944262 16204 41488 8518 0 0 0
cpu21 7695581 4845 747295 424916779 20314 49791 21027 0 0 0
cpu22 6637200 2448 739868 426001122 24159 30034 14707 0 0 0
cpu23 5141427 9625 801434 427439464 23755 31329 14893 0 0 0
cpu24 12487957 4116 911814 419951757 31289 65309 14604 0 0 0
cpu25 14433780 6367 891808 418020356 45273 65829 6739 0 0 0
cpu26 13301158 9770 957718 419090494 37342 72966 6531 0 0 0
cpu27 13606741 1251 975216 418784377 40882 63037 6536 0 0 0
cpu28 13257708 3180 910412 419183607 39098 69583 6546 0 0 0
cpu29 13680888 4685 972900 418687652 41313 71653 7431 0 0 0
cpu30 13063328 5866 909771 419368321 41201 70091 6904 0 0 0
cpu31 13744645 1302 1036120 418567448 42345 70814 7227 0 0 0
## interrupts
            CPU0       CPU1       CPU2       CPU3       CPU4       CPU5       CPU6       CPU7       CPU8       CPU9       CPU10      CPU11      CPU12      CPU13      CPU14      CPU15      CPU16      CPU17      CPU18      CPU19      CPU20      CPU21      CPU22      CPU23      CPU24      CPU25      CPU26      CPU27      CPU28      CPU29      CPU30      CPU31      
 LOC:  509165721  470458076  441015013  436023912  418223083  582280395  916659383 3327028669  220172554  157709740  176430762  179294025  150899996  143520319  152842357  170175272  115442757  109974203  112778964  106642476   97641465  120890232  108179040  104144814  183154124  193795900  186192428  187076442  183067974  189370369  180161339  188389433   Local timer interrupts
 RES:     133822      74640      69056      60605      51225      46546       9766      11536      77647      16987      14759      12688      11818      11469      11555      11581       7263      11568      10061       8974       8757       6915       7088       6474       9430       9163       8672       8473       9078       8735       8182       8997   Rescheduling interrupts
 CAL: 1434759018 1108565043 1136323807 1115684310 1000605130  945665621   99225997   37229608   37254210   28508049   25915149   23819378   22594818   21174045   21574148   22110539   21717011   17044629   16487389   16429250   16360476   16272594   15518978   15572510   29469111   30054986   31332271   32771875   33925305   35755878   35654122   35039791   Function call interrupts
 TLB:   41905022   45797811   46328043   46654560   46610558   45024766   34076740   34250540   28753184   28581582   27369424   25941101   24884003   23378224   23709294   24183044   22746649   19266319   18730537   18566792   18440003   18135786   15874525   15766652   31415332   31663626   32926122   34130884   35158307   36871298   36586174   35517026   TLB shootdowns
## cpuidle cpu estado tiempo_us entradas
cpu0 POLL 13954822 435195
cpu0 C1 2959458933 30329007
cpu0 C1E 25047327042 116079982
cpu0 C6 3900792876275 516685564
cpu1 POLL 5064013 139688
cpu1 C1 32130163 493434
cpu1 C1E 12598816662 74071999
cpu1 C6 3905001109199 151368871
cpu2 POLL 4527380 142564
cpu2 C1 47694813 533345
cpu2 C1E 11531412021 65176263
cpu2 C6 3921057246509 116506770
cpu3 POLL 4125773 112564
cpu3 C1 43785955 484214
cpu3 C1E 11376631675 59030789
cpu3 C6 3926429622845 110551943
cpu4 POLL 3847778 108667
cpu4 C1 50820442 498462
cpu4 C1E 11157031366 62761216
cpu4 C6 3951446646782 126371578
cpu5 POLL 4076420 118458
cpu5 C1 206357702 353747
cpu5 C1E 9944177745 64855954
cpu5 C6 3778609446570 89984163
cpu6 POLL 1112026613 135851824
cpu6 C1 14459704414 49279622
cpu6 C1E 163120988920 554803641
cpu6 C6 3781851587270 386696209
cpu7 POLL 29342165 742430
cpu7 C1 42806120 1946478
cpu7 C1E 424243437535 3171128984
cpu7 C6 3758278274966 87835062
cpu16 POLL 2077425 56852
cpu16 C1 77469616 196730
cpu16 C1E 7070201495 31259436
cpu16 C6 4258929136881 103239288
cpu17 POLL 1718238 47744
cpu17 C1 23712551 192170
cpu17 C1E 7097697759 28596147
cpu17 C6 4253269670796 88684639
cpu18 POLL 1435655 48024
cpu18 C1 27487217 198312
cpu18 C1E 6731209600 26018112
cpu18 C6 4248207957105 80217056
cpu19 POLL 1271679 43602
cpu19 C1 19429846 136579
cpu19 C1E 5893794644 19144772
cpu19 C6 4248084846346 111067339
cpu20 POLL 2156142 52901
cpu20 C1 14024796 167832
cpu20 C1E 6318712496 24971723
cpu20 C6 4262798963489 66218527
cpu21 POLL 2482299 57182
cpu21 C1 35790604 236959
cpu21 C1E 7327644421 32044525
cpu21 C6 4241537758411 66829883
cpu22 POLL 3788036 324455
cpu22 C1 108249763 249772
cpu22 C1E 7657549690 23015387
cpu22 C6 4252034733203 106490504
cpu23 POLL 3644839 225878
cpu23 C1 28254622 276052
cpu23 C1E 9508138724 34021892
cpu23 C6 4264675528132 80370682
## daemon hilo utime stime cpu
