## stat
cpu  506889818 220658 62957581 13292865637 1597222 3383105 814334 0 0 0
cpu0 36862569 37455 2630251 392955482 151035 271331 118511 0 0 0
cpu1 38589552 13577 2723112 391694978 148485 195323 36841 0 0 0
cpu2 37356904 5256 2504397 393232932 97588 191056 34316 0 0 0
cpu3 36988613 6201 2355084 393746569 102293 188258 31424 0 0 0
cpu4 34623230 9635 2228482 396246680 90054 182606 34543 0 0 0
cpu5 51755176 25654 2450105 378811951 118309 227975 41545 0 0 0
cpu6 12338169 2065 24834372 396119603 59101 146556 73488 0 0 0
cpu7 13321722 6850 900094 418432179 48509 265340 31879 0 0 0
cpu8 9817371 10098 1331528 421108281 50878 99682 69290 0 0 0
cpu9 9796162 4867 999436 422499088 42554 51355 21876 0 0 0
cpu10 11338720 6591 1077619 420934577 38363 56245 13370 0 0 0
cpu11 13215122 5285 1167404 418964450 44092 55456 27469 0 0 0
cpu12 10267334 669 928477 422182469 30724 52003 8040 0 0 0
cpu13 9832148 2370 949155 422604447 26371 49672 7658 0 0 0
cpu14 10298125 806 984360 421781279 49193 349452 7021 0 0 0
cpu15 11159246 1153 1293608 420907410 27598 62959 7461 0 0 0
cpu16 6074495 1932 610050 426650293 16073 52166 25991 0 0 0
cpu17 6603200 4854 669677 426072683 18232 50081 25721 0 0 0
cpu18 7063026 8264 751401 425530262 16675 50828 32786 0 0 0
cpu19 7009039 6245 809615 425464200 17905 82822 43427 0 0 0
cpu20 5529480 7364 904989 426941775 16204 41487 8518 0 0 0
cpu21 7695580 4845 747293 424914293 20314 49791 21027 0 0 0
cpu22 6637200 2448 739868 425998636 24158 30034 14707 0 0 0
cpu23 5141427 9625 801434 427436977 23754 31328 14892 0 0 0
cpu24 12487957 4116 911814 419949269 31289 65309 14604 0 0 0
cpu25 14433780 6367 891808 418017868 45273 65829 6739 0 0 0
cpu26 13301158 9770 957718 419088006 37342 72966 6531 0 0 0
cpu27 13606739 1251 975215 418781893 40882 63036 6536 0 0 0
cpu28 13257708 3180 910411 419181120 39097 69583 6546 0 0 0
cpu29 13680879 4685 972899 418685173 41313 71653 7431 0 0 0
cpu30 13063327 5866 909770 419365836 41201 70090 6904 0 0 0
cpu31 13744645 1302 1036119 418564961 42344 70814 7227 0 0 0
## interrupts
            CPU0       CPU1       CPU2       CPU3       CPU4       CPU5       CPU6       CPU7       CPU8       CPU9       CPU10      CPU11      CPU12      CPU13      CPU14      CPU15      CPU16      CPU17      CPU18      CPU19      CPU20      CPU21      CPU22      CPU23      CPU24      CPU25      CPU26      CPU27      CPU28      CPU29      CPU30      CPU31      
 LOC:  509145447  470437430  440994777  436003660  418203031  582260410  916644452 3327028649  220172206  157709570  176430483  179293798  150899985  143520172  152842178  170175261  115442373  109974192  112778953  106642464   97641060  120889823  108178904  104144267  183154109  193795887  186192416  187075689  183067895  189370184  180160569  188389237   Local timer interrupts
 RES:     133819      74636      69053      60601      51222      46543       9766      11536      77647      16987      14759      12688      11818      11469      11546      11581       7263      11568      10061       8974       8757       6903       7087       6474       9430       9163       8672       8473       9078       8733       8181       8997   Rescheduling interrupts
 CAL: 1434758093 1108564203 1136322916 1115683570 1000604621  945664926   99218149   37229595   37254210   28508040   25915138   23819369   22594809   21174036   21574138   22110530   21717001   17044619   16487380   16429241   16360466   16272576   15518969   15572500   29469102   30054977   31332262   32771866   33925296   35755869   35654112   35039782   Function call interrupts
 TLB:   41904134   45796983   46327162   46653829   46610064   45024083   34076740   34250540   28753184   28581582   27369424   25941101   24884003   23378224   23709294   24183044   22746649   19266319   18730537   18566792   18440003   18135786   15874525   15766652   31415332   31663626   32926122   34130884   35158307   36871298   36586174   35517026   TLB shootdowns
## cpuidle cpu estado tiempo_us entradas
cpu0 POLL 13954822 435195
cpu0 C1 2959458933 30329007
cpu0 C1E 25047175226 116079783
cpu0 C6 3900788053474 516685009
cpu1 POLL 5064013 139688
cpu1 C1 32130163 493434
cpu1 C1E 12598679486 74071783
cpu1 C6 3904996824947 151368614
cpu2 POLL 4527380 142564
cpu2 C1 47694808 533344
cpu2 C1E 11531303037 65176118
cpu2 C6 3921052548514 116506540
cpu3 POLL 4125769 112563
cpu3 C1 43785922 484213
cpu3 C1E 11376504703 59030573
cpu3 C6 3926424821888 110551628
cpu4 POLL 3847778 108667
cpu4 C1 50820374 498460
cpu4 C1E 11156997555 62761168
cpu4 C6 3951441756706 126371231
cpu5 POLL 4076420 118458
cpu5 C1 206356714 353746
cpu5 C1E 9944151797 64855917
cpu5 C6 3778604467489 89983991
cpu6 POLL 1112026613 135851824
cpu6 C1 14459704396 49279621
cpu6 C1E 163120796274 554803374
cpu6 C6 3781827191603 386662195
cpu7 POLL 29342165 742430
cpu7 C1 42806114 1946477
cpu7 C1E 424243414024 3171128946
cpu7 C6 3758253474973 87834704
cpu16 POLL 2077409 56850
cpu16 C1 77469592 196727
cpu16 C1E 7070200548 31259434
cpu16 C6 4258904264412 103238710
cpu17 POLL 1718238 47744
cpu17 C1 23712551 192170
cpu17 C1E 7097697595 28596142
cpu17 C6 4253244791091 88684298
cpu18 POLL 1435655 48024
cpu18 C1 27487217 198312
cpu18 C1E 6731209443 26018107
cpu18 C6 4248183078208 80216907
cpu19 POLL 1271679 43602
cpu19 C1 19429846 136579
cpu19 C1E 5893794450 19144766
cpu19 C6 4248059969947 111067230
cpu20 POLL 2156078 52900
cpu20 C1 14024789 167831
cpu20 C1E 6318545647 24971472
cpu20 C6 4262774258255 66218055
cpu21 POLL 2482299 57182
cpu21 C1 35790596 236958
cpu21 C1E 7327428875 32043971
cpu21 C6 4241513109389 66829624
cpu22 POLL 3787951 324452
cpu22 C1 108249716 249769
cpu22 C1E 7657547728 23015370
cpu22 C6 4252009892305 106475716
cpu23 POLL 3644832 225877
cpu23 C1 28254605 276050
cpu23 C1E 9508095469 34021836
cpu23 C6 4264650695408 80370074
## daemon hilo utime stime cpu
