## stat
cpu  1731823377 127832 73378418 34428018360 22047655 6640117 1775961 0 0 0
cpu0 17753534 2358 823634 328742222 214775 173503 699256 0 0 0
cpu1 33507443 221 1411030 313195975 307163 141427 96873 0 0 0
cpu2 19010186 4456 885165 328100312 364523 94775 205108 0 0 0
cpu3 31873409 226 1295051 315059561 281275 123425 47231 0 0 0
cpu4 38073943 213 1547664 308604485 283465 139254 25742 0 0 0
cpu5 32902946 223 1414229 313797761 409851 125025 25753 0 0 0
cpu6 30507125 3022 1254546 316501948 259349 113026 42645 0 0 0
cpu7 34961299 62 1378277 311779273 382854 123884 7995 0 0 0
cpu8 32116224 576 1291701 314918445 223637 117066 15679 0 0 0
cpu9 38918487 0 1513842 307873303 224129 138865 6858 0 0 0
cpu10 35461302 14 1476971 311264565 342847 127400 6778 0 0 0
cpu11 21964309 199 1013974 325315103 272800 88576 30338 0 0 0
cpu12 35750289 76 1594155 310846757 351305 131156 7025 0 0 0
cpu13 35044793 1714 1427140 311820347 229414 126214 6155 0 0 0
cpu14 36182097 30 1474121 310575172 311312 133106 6055 0 0 0
cpu15 19360035 1174 851528 328167474 237500 75239 5822 0 0 0
cpu16 31491431 13 1301282 315532838 111558 129399 105898 0 0 0
cpu17 22351581 282 883273 325148981 225359 78882 7195 0 0 0
cpu18 22945300 105 940852 324490428 201726 85119 23892 0 0 0
cpu19 24548873 69 1074885 322678785 294083 89848 5498 0 0 0
cpu20 17881269 849 837583 329619480 287085 68808 5216 0 0 0
cpu21 31096805 26 1210167 315894543 344213 117283 5825 0 0 0
cpu22 27428042 34 1214758 319623991 307721 103409 6334 0 0 0
cpu23 24722631 58 836123 322775290 262964 85885 6089 0 0 0
cpu24 26465267 73 1013210 320693087 405269 96773 6376 0 0 0
cpu25 23935090 762 1039555 323336481 275753 92436 6212 0 0 0
cpu26 14419198 9534 663636 333226952 314494 54146 6079 0 0 0
cpu27 30468576 5770 1271985 316545646 290995 104617 2897 0 0 0
cpu28 22808723 5017 1007519 324592065 197081 82627 2639 0 0 0
cpu29 26767221 753 1152445 320381153 298708 92902 2223 0 0 0
cpu30 21621003 213 1002707 325782533 214631 75545 2349 0 0 0
cpu31 31449438 59 1395538 315489048 234766 116247 2647 0 0 0
cpu32 29892816 45 1386593 317101453 198578 108713 2736 0 0 0
cpu33 34347930 1381 1335919 312625438 252247 120660 3077 0 0 0
cpu34 22610141 350 984321 324703116 312109 84799 2261 0 0 0
cpu35 23030709 1942 1056869 324227541 298523 81700 2107 0 0 0
cpu36 37157508 0 1718167 309368278 299809 135381 3286 0 0 0
cpu37 22350258 87 997636 325006276 260492 79906 2811 0 0 0
cpu38 27192734 293 1267646 319975903 152562 101109 2429 0 0 0
cpu39 26302671 148 1239291 320832259 218509 98220 2526 0 0 0
cpu40 18434515 1266 829493 329122746 244795 67692 2183 0 0 0
cpu41 28438644 498 1274590 318629827 239730 105106 2856 0 0 0
cpu42 26858702 2365 1220558 320390800 113629 102557 2401 0 0 0
cpu43 24775891 44 1102250 322470332 250500 94930 2031 0 0 0
cpu44 34570570 717 1551009 312095564 335906 127229 3170 0 0 0
cpu45 25913053 1863 1263951 321181618 234179 97857 2052 0 0 0
cpu46 20601745 25 927766 326928072 165137 76751 1729 0 0 0
cpu47 14719737 2 708364 333196091 25502 55123 1509 0 0 0
cpu48 21519258 11 928931 325968126 201072 79566 1825 0 0 0
cpu49 24994364 3417 958249 322516611 133159 88987 1880 0 0 0
cpu50 24842158 3220 1058046 322555150 139042 93086 2261 0 0 0
cpu51 26289034 8458 1099814 320909235 284312 98105 2541 0 0 0
cpu52 7936493 660 291652 340331197 92046 35575 10186 0 0 0
cpu53 1164794 151 63530 347375950 73668 15618 4565 0 0 0
cpu54 15498373 767 473602 332499741 144428 63817 10279 0 0 0
cpu55 1064042 665 60407 347415277 152342 10867 5402 0 0 0
cpu56 1882661 1304 95445 346632850 73991 15458 8092 0 0 0
cpu57 1981341 240 79816 346514705 98897 16858 13957 0 0 0
cpu58 2855834 1416 127340 345412205 276505 20342 4616 0 0 0
cpu59 968970 209 68496 347243200 127816 11525 9792 0 0 0
cpu60 3326182 67 113999 345108317 145353 13905 5328 0 0 0
cpu61 2860822 627 130058 345491700 213431 13756 3919 0 0 0
cpu62 5074903 153 112092 343192329 311729 17101 5370 0 0 0
cpu63 4193363 256 140815 344076955 211234 18183 73810 0 0 0
cpu64 4204395 1274 158734 344163406 115833 29127 34946 0 0 0
cpu65 3201696 113 128536 345143698 223836 14274 3994 0 0 0
cpu66 3415755 227 103110 345100099 81935 12882 3415 0 0 0
cpu67 3074259 2405 116104 345320124 179482 15451 4078 0 0 0
cpu68 3447037 93 135401 345034696 59918 20866 3727 0 0 0
cpu69 3706284 216 137177 344685784 163690 16379 5952 0 0 0
cpu70 785177 48 50676 347782853 63677 11531 10703 0 0 0
cpu71 6227656 830 186100 342081980 189325 22639 3982 0 0 0
cpu72 18699251 972 699718 328890978 339410 63984 5861 0 0 0
cpu73 7113982 26 213677 341179990 169317 28693 4919 0 0 0
cpu74 7209297 2561 213074 341017470 231344 26448 5377 0 0 0
cpu75 6031889 43 194862 342303749 150526 22727 5045 0 0 0
cpu76 5681949 43 228375 342659516 111588 24379 4003 0 0 0
cpu77 7335538 193 298017 340704800 330068 31243 6221 0 0 0
cpu78 10544608 4101 275101 337711714 146950 28905 1069 0 0 0
cpu79 6840585 7624 287773 341322495 230537 23982 1255 0 0 0
cpu80 5314196 8727 247986 342956799 164816 19781 1788 0 0 0
cpu81 7824907 4176 362077 340252759 238413 28343 1271 0 0 0
cpu82 6390159 842 313012 341809829 177284 22832 862 0 0 0
cpu83 7899570 980 324011 340234149 225697 27826 1083 0 0 0
cpu84 1865133 1470 87299 346618191 139977 7406 761 0 0 0
cpu85 697505 57 41065 347878618 62521 5081 2470 0 0 0
cpu86 7027970 147 301728 341217292 141396 25334 918 0 0 0
cpu87 7501077 1270 371575 340615220 194069 28159 985 0 0 0
cpu88 1421320 232 59360 346847214 160734 8102 5505 0 0 0
cpu89 8314523 708 325741 339891625 151699 27863 1175 0 0 0
cpu90 10458351 16 428129 337588293 198103 37066 1151 0 0 0
cpu91 8133759 20 396713 340011190 138742 30239 1182 0 0 0
cpu92 7939362 1673 354575 340243266 139473 28149 1975 0 0 0
cpu93 10179550 3293 483055 337661563 343967 37967 1120 0 0 0
cpu94 12101519 2640 446634 335855979 256323 42548 1370 0 0 0
cpu95 9373844 1421 442654 338668086 187292 35168 1420 0 0 0
cpu96 580415 2701 33306 347966338 97987 4619 2485 0 0 0
cpu97 9480062 1418 410681 338608829 175724 33379 1103 0 0 0
cpu98 8876067 2 386405 339305209 108438 32828 1090 0 0 0
cpu99 7655246 177 346290 340665200 19255 27058 932 0 0 0
cpu100 9440339 33 361427 338703163 173744 32882 986 0 0 0
cpu101 8948027 159 403775 339205336 118220 34705 1355 0 0 0
cpu102 9915684 1447 424081 338194090 138265 36330 1368 0 0 0
cpu103 9527297 2575 435090 338443851 264190 36544 1342 0 0 0
## interrupts
            CPU0       CPU1       CPU2       CPU3       CPU4       CPU5       CPU6       CPU7       CPU8       CPU9       CPU10      CPU11      CPU12      CPU13      CPU14      CPU15      CPU16      CPU17      CPU18      CPU19      CPU20      CPU21      CPU22      CPU23      CPU24      CPU25      CPU26      CPU27      CPU28      CPU29      CPU30      CPU31      CPU32      CPU33      CPU34      CPU35      CPU36      CPU37      CPU38      CPU39      CPU40      CPU41      CPU42      CPU43      CPU44      CPU45      CPU46      CPU47      CPU48      CPU49      CPU50      CPU51      CPU52      CPU53      CPU54      CPU55      CPU56      CPU57      CPU58      CPU59      CPU60      CPU61      CPU62      CPU63      CPU64      CPU65      CPU66      CPU67      CPU68      CPU69      CPU70      CPU71      CPU72      CPU73      CPU74      CPU75      CPU76      CPU77      CPU78      CPU79      CPU80      CPU81      CPU82      CPU83      CPU84      CPU85      CPU86      CPU87      CPU88      CPU89      CPU90      CPU91      CPU92      CPU93      CPU94      CPU95      CPU96      CPU97      CPU98      CPU99      CPU100     CPU101     CPU102     CPU103     
 LOC:  443489805  392490768  267027430  350889588  407840502  358434352  337446357  373590323  344833794  412347973  376903628  248496523  379310515  371151243  382105962  208206224  342874945  240614036  252894442  263986723  193958158  335826731  295467834  266725160  288491346  260696411  157618243  321727247  241639364  282785239  230120943  332083661  316550118  360671123  239322765  244174576  392691796  236917497  287856557  278985082  195808722  300463041  285607176  262948363  365006891  275060759  218386138  157503625  227521997  263152865  263759089  278068492   92187385   27194925  172319904   20771118   27725916   31415353   44488432   22155816   39462606   35505878   57694139   51848736   49658361   38396683   39407782   40053801   47927496   43587452   15154088   70603298  199183670   79288070   81887140   68816159   65438795   83652008  111465041   74420788   58818205   84818580   69697064   84961331   22467521   12358935   76084892   81580112   21755753   89249190  111674561   88269407   86693081  109750980  129795300  101744893   11513098  101783088   96080929   82955059  101275895   96901029  106557883  102772098   Local timer interrupts
 RES:       7694      15157      12559      13358       9566      11006      11748      11464       9338      13535       8317      12513      12746      12142      11933      10823      10966       7854      10219      11692      11389      11027      11916       9710      12291       7533        387        422        542        570        624        334        288       2237        471        242        920       1936        217        286        202        167        142        276        207        284        746        193        390        286        173        139       7144      10833      20486      12573       8187       9479      10892      10356       7868      12211       7877      11720      11892      11576      11064      10044      17731       8929       8691      11186      10420      10699      11852       9610      11241       7541        287        277        415        390        388        311       2370        327        437        398        494        407        439        471        350        296        293        447        368        410       1201        493        450        526        431        456   Rescheduling interrupts
 CAL:   93918720   13668768   25032530    7125534    3770900    4540710    6873853    2100736    3197051    1761035    1954539    4963337    1705457    1548252    1601219    1600559    1672366    1640251    3876119    1645090    1743594    1729268    1594178    1755278    1746603    1754021    2268497    2268218    2193714    2118353    1971024    1997175    1969126    1971495    1857601    1850256    1744759    1734048    1642074    1708786    1672625    1862018    1531336    1607180    1512731    1556805    1407584    1530050    1503490    1469768    1477862    1420508    1708174    1417509    1829399    1638935    1718978    1696311    1689257    1330537    1529192    1614397    1534902    1537533    1598758    1533104    1424443    1519328    1620579    1712637    1595844    1595719    1618858    1730450    1689302    1460984    1504428    1882682    1684434    1725283    1574310    1680049    1566538    1563463    1597496    1402254    1629359    1515572    1325908    1592021    1645950    1622112    1640580    1891854    1660117    1652031    1475345    1633098    1701813    1722521    1698790    1678648    1607760    1770239   Function call interrupts
 TLB:    2087917    2175684    1798700    1935606    1816028    1806769    1822052    1842268    1721286    1578289    1414428    1521004    1527781    1471889    1518907    1337842    1383428    1473578    1627542    1482183    1422855    1458474    1437311    1439265    1455900    1598504    1968329    1997409    2026781    1839950    1801427    1817147    1791890    1757715    1528108    1556170    1527257    1479144    1434111    1514321    1462067    1538868    1362618    1436221    1355145    1376175    1282286    1417047    1398878    1340392    1345253    1228120    1510551    1217916    1459001    1326328    1488160    1385297    1467995    1330017    1307844    1357234    1297083    1409883    1310339    1387736    1275824    1321866    1449045    1539601    1317866    1413774    1412067    1360045    1490047    1266736    1220079    1377315    1498550    1448486    1403928    1401382    1389795    1399948    1405100    1256984    1380434    1333911    1265023    1417106    1403087    1404809    1422785    1577464    1431561    1427128    1268278    1371857    1495458    1521008    1498558    1385823    1348025    1504925   TLB shootdowns
## cpuidle cpu estado tiempo_us entradas
cpu0 POLL 2645942 78572
cpu0 C1 1615161479 288448
cpu0 C1E 2143400058 4386527
cpu0 C6 3284078065255 347474115
cpu1 POLL 1205161 29984
cpu1 C1 963115557 306221
cpu1 C1E 1472860400 7001608
cpu1 C6 3132286672868 54745508
cpu2 POLL 1786778 86384
cpu2 C1 38120357759 546227
cpu2 C1E 1331798315 7236092
cpu2 C6 3244727897218 96091437
cpu3 POLL 825749 25829
cpu3 C1 3982719344 272673
cpu3 C1E 704583900 4704979
cpu3 C6 3148582342134 25896818
cpu4 POLL 629386 17826
cpu4 C1 891020880 252780
cpu4 C1E 557346941 4158744
cpu4 C6 3087334165765 18220602
cpu5 POLL 725291 22364
cpu5 C1 874062803 226277
cpu5 C1E 459406631 3233676
cpu5 C6 3140630340096 21295839
cpu6 POLL 442339 14123
cpu6 C1 1724411499 152876
cpu6 C1E 379852654 2666876
cpu6 C6 3165369254850 24859799
cpu7 POLL 622415 28734
cpu7 C1 1409008653 206491
cpu7 C1E 392485623 2861766
cpu7 C6 3119771916339 12582207
cpu16 POLL 1823178 38034
cpu16 C1 969632140 247512
cpu16 C1E 4740514745 33452464
cpu16 C6 3150390728210 87616584
cpu17 POLL 687428 19165
cpu17 C1 1341786677 176136
cpu17 C1E 1756541290 10156308
cpu17 C6 3250601708544 10982004
cpu18 POLL 793828 27341
cpu18 C1 83488644 182487
cpu18 C1E 1722184746 9860812
cpu18 C6 3244986672334 23629753
cpu19 POLL 721992 20188
cpu19 C1 2285461264 183808
cpu19 C1E 1469736559 8543538
cpu19 C6 3225939941633 9362074
cpu20 POLL 516031 16308
cpu20 C1 1544055224 153208
cpu20 C1E 701295007 4835515
cpu20 C6 3296781084659 9710919
cpu21 POLL 490691 13981
cpu21 C1 1238386647 133290
cpu21 C1E 724248128 4456834
cpu21 C6 3160338306898 16373362
cpu22 POLL 512740 16544
cpu22 C1 947096331 148679
cpu22 C1E 719845234 4421556
cpu22 C6 3197591489732 12584972
cpu23 POLL 545784 15189
cpu23 C1 1429273561 126659
cpu23 C1E 747441139 4377849
cpu23 C6 3228139895811 13567055
## daemon hilo utime stime cpu
