## stat
cpu  1731823388 127832 73378442 34428645254 22047661 6640124 1775966 0 0 0
cpu0 17753534 2358 823634 328748249 214775 173503 699257 0 0 0
cpu1 33507443 221 1411030 313202003 307163 141427 96873 0 0 0
cpu2 19010186 4456 885166 328106340 364523 94775 205108 0 0 0
cpu3 31873409 226 1295051 315065589 281275 123425 47231 0 0 0
cpu4 38073943 213 1547664 308610513 283465 139254 25742 0 0 0
cpu5 32902946 223 1414229 313803790 409851 125025 25754 0 0 0
cpu6 30507125 3022 1254546 316507976 259349 113026 42645 0 0 0
cpu7 34961299 62 1378277 311785302 382854 123884 7995 0 0 0
cpu8 32116224 576 1291701 314924473 223637 117066 15679 0 0 0
cpu9 38918487 0 1513842 307879332 224129 138865 6858 0 0 0
cpu10 35461302 14 1476971 311270594 342847 127400 6778 0 0 0
cpu11 21964309 199 1013974 325321131 272800 88576 30338 0 0 0
cpu12 35750289 76 1594155 310852786 351305 131156 7025 0 0 0
cpu13 35044793 1714 1427140 311826376 229414 126214 6155 0 0 0
cpu14 36182097 30 1474121 310581201 311312 133106 6055 0 0 0
cpu15 19360035 1174 851528 328173501 237500 75239 5822 0 0 0
cpu16 31491431 13 1301282 315538866 111558 129399 105898 0 0 0
cpu17 22351581 282 883274 325155009 225359 78882 7195 0 0 0
cpu18 22945303 105 940853 324496448 201726 85121 23892 0 0 0
cpu19 24548873 69 1074885 322684813 294083 89848 5498 0 0 0
cpu20 17881269 849 837583 329625509 287085 68808 5216 0 0 0
cpu21 31096805 26 1210167 315900571 344213 117283 5825 0 0 0
cpu22 27428042 34 1214758 319630020 307721 103409 6334 0 0 0
cpu23 24722631 58 836123 322781318 262964 85885 6089 0 0 0
cpu24 26465267 73 1013210 320699116 405269 96773 6376 0 0 0
cpu25 23935090 762 1039555 323342509 275753 92436 6212 0 0 0
cpu26 14419198 9534 663636 333232980 314494 54146 6079 0 0 0
cpu27 30468576 5770 1271985 316551674 290995 104617 2897 0 0 0
cpu28 22808723 5017 1007519 324598094 197081 82627 2639 0 0 0
cpu29 26767221 753 1152445 320387182 298708 92902 2223 0 0 0
cpu30 21621003 213 1002707 325788561 214631 75545 2349 0 0 0
cpu31 31449438 59 1395538 315495076 234766 116247 2647 0 0 0
cpu32 29892816 45 1386593 317107482 198578 108714 2736 0 0 0
cpu33 34347930 1381 1335919 312631467 252247 120660 3077 0 0 0
cpu34 22610141 350 984321 324709145 312109 84799 2261 0 0 0
cpu35 23030709 1942 1056869 324233569 298523 81700 2107 0 0 0
cpu36 37157508 0 1718167 309374307 299809 135381 3286 0 0 0
cpu37 22350258 87 997636 325012304 260492 79906 2811 0 0 0
cpu38 27192734 293 1267646 319981932 152562 101109 2429 0 0 0
cpu39 26302671 148 1239291 320838288 218509 98220 2526 0 0 0
cpu40 18434515 1266 829493 329128774 244795 67692 2183 0 0 0
cpu41 28438644 498 1274590 318635855 239730 105106 2856 0 0 0
cpu42 26858702 2365 1220558 320396828 113629 102557 2401 0 0 0
cpu43 24775891 44 1102250 322476360 250500 94930 2031 0 0 0
cpu44 34570570 717 1551009 312101593 335906 127229 3170 0 0 0
cpu45 25913053 1863 1263951 321187646 234179 97857 2052 0 0 0
cpu46 20601746 25 927767 326934099 165137 76751 1729 0 0 0
cpu47 14719737 2 708364 333202119 25502 55123 1509 0 0 0
cpu48 21519258 11 928931 325974155 201072 79566 1825 0 0 0
cpu49 24994364 3417 958249 322522639 133159 88987 1880 0 0 0
cpu50 24842158 3220 1058046 322561179 139042 93086 2261 0 0 0
cpu51 26289034 8458 1099814 320915263 284312 98105 2541 0 0 0
cpu52 7936493 660 291652 340337226 92046 35575 10186 0 0 0
cpu53 1164794 151 63530 347381979 73668 15618 4565 0 0 0
cpu54 15498375 767 473604 332505759 144428 63818 10279 0 0 0
cpu55 1064042 665 60407 347421305 152342 10867 5402 0 0 0
cpu56 1882661 1304 95445 346638879 73991 15458 8092 0 0 0
cpu57 1981341 240 79816 346520733 98897 16858 13957 0 0 0
cpu58 2855834 1416 127340 345418234 276505 20342 4616 0 0 0
cpu59 968970 209 68496 347249229 127816 11525 9792 0 0 0
cpu60 3326182 67 113999 345114346 145353 13905 5328 0 0 0
cpu61 2860822 627 130058 345497729 213431 13756 3919 0 0 0
cpu62 5074903 153 112092 343198357 311729 17101 5370 0 0 0
cpu63 4193363 256 140815 344082982 211234 18183 73811 0 0 0
cpu64 4204395 1274 158734 344169434 115833 29127 34946 0 0 0
cpu65 3201696 113 128536 345149727 223836 14274 3994 0 0 0
cpu66 3415755 227 103111 345106127 81935 12882 3415 0 0 0
cpu67 3074259 2405 116104 345326153 179482 15451 4078 0 0 0
cpu68 3447037 93 135401 345040725 59918 20866 3727 0 0 0
cpu69 3706284 216 137177 344691812 163690 16379 5952 0 0 0
cpu70 785177 48 50676 347788881 63677 11531 10703 0 0 0
cpu71 6227656 830 186100 342088009 189325 22639 3982 0 0 0
cpu72 18699251 972 699718 328897007 339410 63984 5861 0 0 0
cpu73 7113982 26 213677 341186018 169317 28693 4919 0 0 0
cpu74 7209297 2561 213074 341023499 231344 26448 5377 0 0 0
cpu75 6031889 43 194862 342309778 150526 22727 5045 0 0 0
cpu76 5681949 43 228375 342665545 111588 24379 4003 0 0 0
cpu77 7335538 193 298017 340710828 330068 31243 6221 0 0 0
cpu78 10544608 4101 275101 337717743 146950 28905 1069 0 0 0
cpu79 6840585 7624 287773 341328524 230537 23982 1255 0 0 0
cpu80 5314197 8727 247989 342962825 164816 19781 1788 0 0 0
cpu81 7824907 4176 362077 340258785 238414 28343 1271 0 0 0
cpu82 6390159 842 313013 341815856 177285 22832 862 0 0 0
cpu83 7899571 980 324012 340240175 225697 27826 1083 0 0 0
cpu84 1865133 1470 87301 346624217 139977 7406 761 0 0 0
cpu85 697505 57 41068 347884642 62521 5081 2470 0 0 0
cpu86 7027971 147 301730 341223318 141397 25334 918 0 0 0
cpu87 7501077 1270 371577 340621245 194070 28159 985 0 0 0
cpu88 1421320 232 59361 346853226 160734 8102 5505 0 0 0
cpu89 8314523 708 325741 339897652 151700 27863 1175 0 0 0
cpu90 10458351 16 428130 337594320 198103 37066 1151 0 0 0
cpu91 8133759 20 396714 340017217 138742 30239 1182 0 0 0
cpu92 7939363 1673 354576 340249293 139473 28149 1975 0 0 0
cpu93 10179550 3293 483055 337667591 343967 37967 1120 0 0 0
cpu94 12101519 2640 446634 335862008 256323 42548 1370 0 0 0
cpu95 9373844 1421 442654 338674115 187292 35168 1420 0 0 0
cpu96 580415 2701 33306 347972366 97987 4619 2485 0 0 0
cpu97 9480062 1418 410681 338614858 175724 33379 1103 0 0 0
cpu98 8876067 2 386405 339311238 108438 32828 1090 0 0 0
cpu99 7655246 177 346290 340671229 19255 27058 932 0 0 0
cpu100 9440339 33 361427 338709192 173744 32882 986 0 0 0
cpu101 8948027 159 403775 339211365 118220 34705 1355 0 0 0
cpu102 9915684 1447 424081 338200119 138265 36330 1368 0 0 0
cpu103 9527297 2575 435090 338449880 264190 36544 1342 0 0 0
## interrupts
            CPU0       CPU1       CPU2       CPU3       CPU4       CPU5       CPU6       CPU7       CPU8       CPU9       CPU10      CPU11      CPU12      CPU13      CPU14      CPU15      CPU16      CPU17      CPU18      CPU19      CPU20      CPU21      CPU22      CPU23      CPU24      CPU25      CPU26      CPU27      CPU28      CPU29      CPU30      CPU31      CPU32      CPU33      CPU34      CPU35      CPU36      CPU37      CPU38      CPU39      CPU40      CPU41      CPU42      CPU43      CPU44      CPU45      CPU46      CPU47      CPU48      CPU49      CPU50      CPU51      CPU52      CPU53      CPU54      CPU55      CPU56      CPU57      CPU58      CPU59      CPU60      CPU61      CPU62      CPU63      CPU64      CPU65      CPU66      CPU67      CPU68      CPU69      CPU70      CPU71      CPU72      CPU73      CPU74      CPU75      CPU76      CPU77      CPU78      CPU79      CPU80      CPU81      CPU82      CPU83      CPU84      CPU85      CPU86      CPU87      CPU88      CPU89      CPU90      CPU91      CPU92      CPU93      CPU94      CPU95      CPU96      CPU97      CPU98      CPU99      CPU100     CPU101     CPU102     CPU103     
 LOC:  443490135  392490814  267027519  350889627  407840532  358434382  337446387  373590353  344833825  412348003  376903658  248496575  379310546  371151275  382105992  208206357  342875038  240614405  252896111  263986753  193958191  335826761  295467864  266725190  288491376  260696441  157618320  321727322  241639421  282785269  230121022  332083692  316550148  360671153  239322795  244174606  392691826  236917530  287856587  278985112  195808754  300463071  285607206  262948409  365006921  275060790  218386288  157503706  227522027  263152895  263759119  278068522   92187466   27194955  172321550   20771148   27725946   31415383   44488463   22155849   39462637   35505908   57694169   51848820   49658392   38396713   39407835   40053831   47927526   43587494   15154161   70603329  199183700   79288198   81887170   68816189   65438825   83652039  111465079   74420817   58818564   84818866   69697314   84961660   22467811   12359269   76085154   81580334   21756191   89249431  111674735   88269567   86693229  109751066  129795330  101744924   11513171  101783118   96080959   82955089  101275926   96901059  106557913  102772128   Local timer interrupts
 RES:       7694      15157      12559      13358       9566      11006      11748      11464       9338      13535       8317      12513      12746      12142      11933      10823      10966       7854      10219      11692      11389      11027      11916       9710      12291       7533        387        422        542        570        624        334        288       2237        471        242        920       1936        217        286        202        167        142        276        207        284        746        193        390        286        173        139       7144      10833      20486      12573       8187       9479      10892      10356       7868      12211       7877      11720      11892      11576      11064      10044      17731       8929       8691      11186      10420      10700      11852       9610      11241       7541        287        277        415        390        388        311       2370        329        437        398        494        407        440        471        350        296        293        447        368        410       1201        493        450        526        431        456   Rescheduling interrupts
 CAL:   93918804   13668786   25032538    7125542    3770908    4540718    6873861    2100744    3197059    1761043    1954547    4963345    1705465    1548260    1601227    1600567    1672374    1640259    3876129    1645098    1743602    1729276    1594186    1755286    1746611    1754029    2268505    2268226    2193722    2118361    1971032    1997183    1969134    1971503    1857609    1850264    1744767    1734056    1642082    1708794    1672633    1862026    1531344    1607188    1512739    1556813    1407592    1530058    1503498    1469776    1477870    1420516    1708182    1417517    1829407    1638943    1718986    1696319    1689265    1330545    1529200    1614405    1534910    1537541    1598766    1533112    1424452    1519336    1620587    1712645    1595852    1595727    1618866    1730459    1689310    1460992    1504436    1882690    1684442    1725291    1574323    1680057    1566546    1563471    1597504    1402262    1629367    1515580    1325908    1592030    1645958    1622120    1640588    1891862    1660125    1652039    1475353    1633106    1701821    1722529    1698798    1678656    1607768    1770247   Function call interrupts
 TLB:    2087917    2175684    1798700    1935606    1816028    1806769    1822052    1842268    1721286    1578289    1414428    1521004    1527781    1471889    1518907    1337842    1383428    1473578    1627542    1482183    1422855    1458474    1437311    1439265    1455900    1598504    1968329    1997409    2026781    1839950    1801427    1817147    1791890    1757715    1528108    1556170    1527257    1479144    1434111    1514321    1462067    1538868    1362618    1436221    1355145    1376175    1282286    1417047    1398878    1340392    1345253    1228120    1510551    1217916    1459001    1326328    1488160    1385297    1467995    1330017    1307844    1357234    1297083    1409883    1310339    1387736    1275824    1321866    1449045    1539601    1317866    1413774    1412067    1360045    1490047    1266736    1220079    1377315    1498550    1448486    1403928    1401382    1389795    1399948    1405100    1256984    1380434    1333911    1265023    1417106    1403087    1404809    1422785    1577464    1431561    1427128    1268278    1371857    1495458    1521008    1498558    1385823    1348025    1504925   TLB shootdowns
## cpuidle cpu estado tiempo_us entradas
cpu0 POLL 2645942 78572
cpu0 C1 1615161531 288450
cpu0 C1E 2143424957 4386593
cpu0 C6 3284138308427 347474512
cpu1 POLL 1205161 29984
cpu1 C1 963115557 306221
cpu1 C1E 1472860669 7001622
cpu1 C6 3132346848191 54745608
cpu2 POLL 1786783 86385
cpu2 C1 38122221778 546229
cpu2 C1E 1331803186 7236105
cpu2 C6 3244786335724 96091556
cpu3 POLL 825749 25829
cpu3 C1 3982719373 272675
cpu3 C1E 704584127 4704993
cpu3 C6 3148642740711 25896885
cpu4 POLL 629386 17826
cpu4 C1 891020880 252780
cpu4 C1E 557347214 4158759
cpu4 C6 3087395268504 18220660
cpu5 POLL 725291 22364
cpu5 C1 874062803 226277
cpu5 C1E 459406915 3233691
cpu5 C6 3140690739027 21295897
cpu6 POLL 442339 14123
cpu6 C1 1724411499 152876
cpu6 C1E 379852934 2666891
cpu6 C6 3165430613958 24859858
cpu7 POLL 622415 28734
cpu7 C1 1409008653 206491
cpu7 C1E 392485906 2861781
cpu7 C6 3119833275271 12582266
cpu16 POLL 1823178 38034
cpu16 C1 969632148 247513
cpu16 C1E 4740563122 33452607
cpu16 C6 3150450954862 87616875
cpu17 POLL 687428 19165
cpu17 C1 1341786784 176139
cpu17 C1E 1756553202 10156347
cpu17 C6 3250661869320 10982227
cpu18 POLL 793828 27341
cpu18 C1 83489942 182489
cpu18 C1E 1722233701 9860928
cpu18 C6 3245046831326 23631558
cpu19 POLL 721992 20188
cpu19 C1 2285461264 183808
cpu19 C1E 1469736834 8543553
cpu19 C6 3226003613940 9362104
cpu20 POLL 516031 16308
cpu20 C1 1544055224 153208
cpu20 C1E 701295284 4835530
cpu20 C6 3296841608299 9710984
cpu21 POLL 490691 13981
cpu21 C1 1238386647 133290
cpu21 C1E 724248403 4456849
cpu21 C6 3160398579986 16373427
cpu22 POLL 512740 16544
cpu22 C1 947096331 148679
cpu22 C1E 719845517 4421571
cpu22 C6 3197652013461 12585032
cpu23 POLL 545784 15189
cpu23 C1 1429273561 126659
cpu23 C1E 747441413 4377864
cpu23 C6 3228201379843 13567115
## daemon hilo utime stime cpu
