## stat
cpu  506865776 220658 62957213 13292639032 1597176 3382947 814303 0 0 0
cpu0 36858544 37455 2630240 392951682 151033 271315 118510 0 0 0
cpu1 38585524 13577 2723098 391691185 148485 195306 36841 0 0 0
cpu2 37352935 5256 2504370 393229089 97587 191040 34316 0 0 0
cpu3 36984635 6201 2355073 393742721 102292 188242 31422 0 0 0
cpu4 34619248 9635 2228469 396242836 90054 182590 34543 0 0 0
cpu5 51751205 25654 2450084 378808102 118309 227959 41545 0 0 0
cpu6 12338143 2065 24834250 396111957 59100 146546 73478 0 0 0
cpu7 13321718 6850 900090 418424432 48499 265322 31877 0 0 0
cpu8 9817368 10098 1331519 421100472 50877 99675 69284 0 0 0
cpu9 9796158 4867 999409 422491276 42552 51347 21875 0 0 0
cpu10 11338716 6591 1077607 420926741 38361 56244 13369 0 0 0
cpu11 13215121 5285 1167403 418956595 44092 55456 27468 0 0 0
cpu12 10267332 669 928475 422174616 30724 52003 8039 0 0 0
cpu13 9832143 2370 949145 422596611 26368 49671 7657 0 0 0
cpu14 10298123 806 984355 421773428 49193 349452 7021 0 0 0
cpu15 11159245 1153 1293607 420899555 27598 62959 7461 0 0 0
cpu16 6074495 1932 610049 426642441 16073 52166 25991 0 0 0
cpu17 6603199 4854 669676 426064832 18229 50080 25721 0 0 0
cpu18 7063026 8264 751400 425522405 16675 50828 32786 0 0 0
cpu19 7009032 6245 809610 425456380 17905 82815 43427 0 0 0
cpu20 5529479 7364 904987 426933922 16204 41487 8518 0 0 0
cpu21 7695579 4845 747290 424906441 20313 49791 21027 0 0 0
cpu22 6637200 2448 739867 425990782 24158 30034 14706 0 0 0
cpu23 5141427 9625 801432 427429126 23754 31328 14892 0 0 0
cpu24 12487957 4116 911814 419941412 31289 65309 14604 0 0 0
cpu25 14433779 6367 891807 418010013 45273 65829 6739 0 0 0
cpu26 13301156 9770 957715 419080154 37341 72966 6531 0 0 0
cpu27 13606729 1251 975200 418774067 40878 63035 6535 0 0 0
cpu28 13257704 3180 910397 419173287 39094 69583 6546 0 0 0
cpu29 13680877 4685 972894 418677326 41312 71653 7431 0 0 0
cpu30 13063321 5866 909759 419358002 41198 70089 6903 0 0 0
cpu31 13744641 1302 1036103 418557127 42341 70813 7226 0 0 0
## interrupts
            CPU0       CPU1       CPU2       CPU3       CPU4       CPU5       CPU6       CPU7       CPU8       CPU9       CPU10      CPU11      CPU12      CPU13      CPU14      CPU15      CPU16      CPU17      CPU18      CPU19      CPU20      CPU21      CPU22      CPU23      CPU24      CPU25      CPU26      CPU27      CPU28      CPU29      CPU30      CPU31      
 LOC:  509103556  470381371  440953819  435962984  418162483  582220180  916573996 3326820304  220152106  157583937  176428459  179293544  150899836  143517706  152841630  170175142  115440616  109969686  112778819  106579025   97639722  120888086  108173126  104141936  183154048  193795643  186192100  187072827  183066274  189369312  180157698  188387547   Local timer interrupts
 RES:     133810      74625      69031      60594      51212      46536       9765      11536      77638      16981      14728      12688      11817      11468      11514      11581       7263      11568      10060       8971       8744       6898       7087       6474       9430       9163       8672       8471       9078       8733       8181       8977   Rescheduling interrupts
 CAL: 1434553763 1108363327 1136122950 1115484134 1000404354  945464881   99215304   37228498   37253094   28508013   25915103   23819342   22594772   21174008   21574103   22110502   21716967   17044542   16487352   16429214   16360436   16272542   15518942   15572463   29469075   30054943   31332235   32771839   33925268   35755842   35654085   35039746   Function call interrupts
 TLB:   41902527   45795394   46325545   46652483   46608578   45022833   34076738   34250540   28753184   28581582   27369424   25941101   24884003   23378224   23709294   24183044   22746649   19266319   18730537   18566792   18440003   18135786   15874525   15766652   31415332   31663626   32926122   34130884   35158307   36871298   36586174   35517026   TLB shootdowns
## cpuidle cpu estado tiempo_us entradas
cpu0 POLL 13954822 435195
cpu0 C1 2957986726 30329001
cpu0 C1E 25046789820 116079243
cpu0 C6 3900751908712 516681246
cpu1 POLL 5063949 139687
cpu1 C1 32130139 493430
cpu1 C1E 12596385596 74056797
cpu1 C6 3904961195758 151366733
cpu2 POLL 4527380 142564
cpu2 C1 47694808 533344
cpu2 C1E 11530911777 65175587
cpu2 C6 3921014505291 116505559
cpu3 POLL 4125769 112563
cpu3 C1 43785910 484212
cpu3 C1E 11376221110 59029946
cpu3 C6 3926386623279 110548919
cpu4 POLL 3847778 108667
cpu4 C1 50820374 498460
cpu4 C1E 11156800619 62760828
cpu4 C6 3951403481958 126370213
cpu5 POLL 4076420 118458
cpu5 C1 206356714 353746
cpu5 C1E 9944083561 64855836
cpu5 C6 3778566054368 89983124
cpu6 POLL 1112024860 135851792
cpu6 C1 14459687085 49279450
cpu6 C1E 163091603538 554743020
cpu6 C6 3781780049064 386635969
cpu7 POLL 29340678 742407
cpu7 C1 42805386 1946339
cpu7 C1E 424215183996 3170920872
cpu7 C6 3758204288670 87832617
cpu16 POLL 2077402 56849
cpu16 C1 77469546 196723
cpu16 C1E 7070087131 31259302
cpu16 C6 4258825850692 103235599
cpu17 POLL 1718175 47743
cpu17 C1 23712236 192155
cpu17 C1E 7097049593 28592058
cpu17 C6 4253166897681 88681447
cpu18 POLL 1435655 48024
cpu18 C1 27487217 198312
cpu18 C1E 6731162875 26018053
cpu18 C6 4248104547449 80216272
cpu19 POLL 1270524 43584
cpu19 C1 19429665 136545
cpu19 C1E 5885167087 19081460
cpu19 C6 4247990445381 111066763
cpu20 POLL 2155931 52898
cpu20 C1 14024738 167826
cpu20 C1E 6317823779 24970207
cpu20 C6 4262696423021 66216283
cpu21 POLL 2482236 57181
cpu21 C1 35790543 236955
cpu21 C1E 7326509852 32042350
cpu21 C6 4241435467203 66827853
cpu22 POLL 3787951 324452
cpu22 C1 108249643 249766
cpu22 C1E 7656849080 23010472
cpu22 C6 4251932066216 106468069
cpu23 POLL 3644756 225876
cpu23 C1 28254585 276047
cpu23 C1E 9507631556 34021074
cpu23 C6 4264572645199 80366768
## daemon hilo utime stime cpu
cpu_loop_main 58 41 22
cpu_loop_main 151 0 6
