## stat
cpu  506865794 220658 62957244 13292669416 1597185 3382952 814306 0 0 0
cpu0 36858544 37455 2630241 392952633 151033 271315 118510 0 0 0
cpu1 38585524 13577 2723098 391692134 148485 195307 36841 0 0 0
cpu2 37352935 5256 2504371 393230039 97588 191040 34316 0 0 0
cpu3 36984635 6201 2355074 393743670 102292 188242 31422 0 0 0
cpu4 34619248 9635 2228469 396243787 90054 182590 34543 0 0 0
cpu5 51751205 25654 2450084 378809054 118309 227959 41545 0 0 0
cpu6 12338143 2065 24834251 396112907 59101 146547 73479 0 0 0
cpu7 13321718 6850 900090 418425384 48499 265322 31877 0 0 0
cpu8 9817369 10098 1331521 421101417 50877 99676 69285 0 0 0
cpu9 9796158 4867 999411 422492225 42553 51347 21876 0 0 0
cpu10 11338717 6591 1077609 420927688 38361 56244 13369 0 0 0
cpu11 13215121 5285 1167403 418957547 44092 55456 27469 0 0 0
cpu12 10267333 669 928475 422175568 30724 52003 8039 0 0 0
cpu13 9832144 2370 949146 422597562 26368 49671 7657 0 0 0
cpu14 10298123 806 984355 421774379 49193 349452 7021 0 0 0
cpu15 11159245 1153 1293607 420900507 27598 62959 7461 0 0 0
cpu16 6074495 1932 610049 426643391 16073 52166 25991 0 0 0
cpu17 6603199 4854 669677 426065779 18232 50081 25721 0 0 0
cpu18 7063026 8264 751401 425523357 16675 50828 32786 0 0 0
cpu19 7009037 6245 809611 425457324 17905 82816 43427 0 0 0
cpu20 5529479 7364 904987 426934874 16204 41487 8518 0 0 0
cpu21 7695579 4845 747291 424907392 20314 49791 21027 0 0 0
cpu22 6637200 2448 739867 425991732 24158 30034 14706 0 0 0
cpu23 5141427 9625 801432 427430077 23754 31328 14892 0 0 0
cpu24 12487957 4116 911814 419942364 31289 65309 14604 0 0 0
cpu25 14433779 6367 891808 418010964 45273 65829 6739 0 0 0
cpu26 13301157 9770 957717 419081104 37341 72966 6531 0 0 0
cpu27 13606731 1251 975204 418775013 40879 63036 6535 0 0 0
cpu28 13257705 3180 910399 419174234 39094 69583 6546 0 0 0
cpu29 13680878 4685 972897 418678274 41313 71653 7431 0 0 0
cpu30 13063322 5866 909763 419358948 41199 70089 6903 0 0 0
cpu31 13744642 1302 1036107 418558076 42341 70814 7226 0 0 0
## interrupts
            CPU0       CPU1       CPU2       CPU3       CPU4       CPU5       CPU6       CPU7       CPU8       CPU9       CPU10      CPU11      CPU12      CPU13      CPU14      CPU15      CPU16      CPU17      CPU18      CPU19      CPU20      CPU21      CPU22      CPU23      CPU24      CPU25      CPU26      CPU27      CPU28      CPU29      CPU30      CPU31      
 LOC:  509103768  470394098  440954009  435963193  418162695  582220182  916575802 3326820310  220152497  157584094  176428823  179293571  150899839  143518055  152841632  170175144  115441025  109973960  112778828  106588081   97639737  120888253  108178755  104142449  183154052  193795772  186192241  187073451  183066684  189369646  180158112  188388037   Local timer interrupts
 RES:     133810      74626      69031      60594      51217      46536       9765      11536      77638      16981      14728      12688      11817      11468      11514      11581       7263      11568      10061       8971       8744       6898       7087       6474       9430       9163       8672       8471       9078       8733       8181       8997   Rescheduling interrupts
 CAL: 1434553782 1108363340 1136122958 1115484142 1000404364  945464889   99215315   37228507   37253100   28508021   25915111   23819350   22594780   21174016   21574111   22110511   21716978   17044596   16487361   16429219   16360444   16272550   15518950   15572473   29469083   30054954   31332243   32771847   33925276   35755850   35654093   35039762   Function call interrupts
 TLB:   41902527   45795394   46325545   46652483   46608578   45022833   34076739   34250540   28753184   28581582   27369424   25941101   24884003   23378224   23709294   24183044   22746649   19266319   18730537   18566792   18440003   18135786   15874525   15766652   31415332   31663626   32926122   34130884   35158307   36871298   36586174   35517026   TLB shootdowns
## cpuidle cpu estado tiempo_us entradas
cpu0 POLL 13954822 435195
cpu0 C1 2957986726 30329001
cpu0 C1E 25046868513 116079336
cpu0 C6 3900761335641 516681896
cpu1 POLL 5063949 139687
cpu1 C1 32130139 493430
cpu1 C1E 12598083700 74069449
cpu1 C6 3904968981769 151367049
cpu2 POLL 4527380 142564
cpu2 C1 47694808 533344
cpu2 C1E 11530970087 65175656
cpu2 C6 3921023953875 116505730
cpu3 POLL 4125769 112563
cpu3 C1 43785910 484212
cpu3 C1E 11376283771 59030048
cpu3 C6 3926396057503 110549735
cpu4 POLL 3847778 108667
cpu4 C1 50820374 498460
cpu4 C1E 11156924565 62761077
cpu4 C6 3951412876564 126370404
cpu5 POLL 4076420 118458
cpu5 C1 206356714 353746
cpu5 C1E 9944083561 64855836
cpu5 C6 3778575571854 89983235
cpu6 POLL 1112024864 135851793
cpu6 C1 14459687089 49279451
cpu6 C1E 163091872297 554743410
cpu6 C6 3781789267267 386638103
cpu7 POLL 29340678 742407
cpu7 C1 42805386 1946339
cpu7 C1E 424215185329 3170920889
cpu7 C6 3758213801947 87832846
cpu16 POLL 2077402 56849
cpu16 C1 77469546 196723
cpu16 C1E 7070162899 31259384
cpu16 C6 4258835274443 103236269
cpu17 POLL 1718238 47744
cpu17 C1 23712542 192169
cpu17 C1E 7097660985 28596086
cpu17 C6 4253175775593 88681911
cpu18 POLL 1435655 48024
cpu18 C1 27487217 198312
cpu18 C1E 6731196332 26018091
cpu18 C6 4248113998479 80216416
cpu19 POLL 1270587 43585
cpu19 C1 19429671 136546
cpu19 C1E 5886466156 19091083
cpu19 C6 4247998555876 111066858
cpu20 POLL 2155931 52898
cpu20 C1 14024738 167826
cpu20 C1E 6317860083 24970246
cpu20 C6 4262705835653 66216422
cpu21 POLL 2482236 57181
cpu21 C1 35790543 236955
cpu21 C1E 7326644574 32042530
cpu21 C6 4241444881368 66828134
cpu22 POLL 3787951 324452
cpu22 C1 108249669 249768
cpu22 C1E 7657502001 23015308
cpu22 C6 4251940903585 106468781
cpu23 POLL 3644756 225876
cpu23 C1 28254589 276048
cpu23 C1E 9507770682 34021275
cpu23 C6 4264582006832 80367185
## daemon hilo utime stime cpu
cpu_loop_main 5 2 19
cpu_loop_main 0 0 6
