## stat
cpu  506877809 220658 62957422 13292737133 1597191 3383001 814318 0 0 0
cpu0 36860533 37455 2630244 392953132 151033 271320 118511 0 0 0
cpu1 38587558 13577 2723104 391692586 148485 195312 36841 0 0 0
cpu2 37354924 5256 2504381 393230532 97588 191045 34316 0 0 0
cpu3 36986628 6201 2355078 393744165 102292 188247 31423 0 0 0
cpu4 34621237 9635 2228478 396244281 90054 182595 34543 0 0 0
cpu5 51753192 25654 2450092 378809552 118309 227963 41545 0 0 0
cpu6 12338167 2065 24834345 396115365 59101 146550 73487 0 0 0
cpu7 13321718 6850 900090 418427880 48499 265322 31877 0 0 0
cpu8 9817370 10098 1331525 421103907 50878 99676 69285 0 0 0
cpu9 9796160 4867 999431 422494691 42553 51355 21876 0 0 0
cpu10 11338718 6591 1077612 420930180 38362 56244 13369 0 0 0
cpu11 13215121 5285 1167403 418960044 44092 55456 27469 0 0 0
cpu12 10267333 669 928475 422178065 30724 52003 8039 0 0 0
cpu13 9832144 2370 949147 422600055 26369 49671 7658 0 0 0
cpu14 10298123 806 984355 421776877 49193 349452 7021 0 0 0
cpu15 11159245 1153 1293607 420903004 27598 62959 7461 0 0 0
cpu16 6074495 1932 610049 426645887 16073 52166 25991 0 0 0
cpu17 6603200 4854 669677 426068275 18232 50081 25721 0 0 0
cpu18 7063026 8264 751401 425525854 16675 50828 32786 0 0 0
cpu19 7009039 6245 809615 425459793 17905 82822 43427 0 0 0
cpu20 5529480 7364 904988 426937370 16204 41487 8518 0 0 0
cpu21 7695580 4845 747292 424909888 20314 49791 21027 0 0 0
cpu22 6637200 2448 739868 425994228 24158 30034 14706 0 0 0
cpu23 5141427 9625 801433 427432572 23754 31328 14892 0 0 0
cpu24 12487957 4116 911814 419944861 31289 65309 14604 0 0 0
cpu25 14433779 6367 891808 418013461 45273 65829 6739 0 0 0
cpu26 13301157 9770 957717 419083601 37341 72966 6531 0 0 0
cpu27 13606733 1251 975205 418777506 40879 63036 6535 0 0 0
cpu28 13257706 3180 910402 419176725 39095 69583 6546 0 0 0
cpu29 13680878 4685 972897 418680771 41313 71653 7431 0 0 0
cpu30 13063324 5866 909766 419361440 41199 70089 6903 0 0 0
cpu31 13744642 1302 1036109 418560569 42342 70814 7226 0 0 0
## interrupts
            CPU0       CPU1       CPU2       CPU3       CPU4       CPU5       CPU6       CPU7       CPU8       CPU9       CPU10      CPU11      CPU12      CPU13      CPU14      CPU15      CPU16      CPU17      CPU18      CPU19      CPU20      CPU21      CPU22      CPU23      CPU24      CPU25      CPU26      CPU27      CPU28      CPU29      CPU30      CPU31      
 LOC:  509124168  470416454  440974208  435983285  418182852  582240272  916585296 3326820344  220161926  157701517  176429264  179293621  150899845  143518343  152841640  170175150  115441561  109974178  112778933  106642377   97639997  120888793  108178818  104143106  183154062  193795778  186192247  187074358  183067032  189369703  180159021  188388348   Local timer interrupts
 RES:     133814      74631      69050      60598      51219      46539       9765      11536      77647      16986      14729      12688      11817      11468      11514      11581       7263      11568      10061       8972       8744       6898       7087       6474       9430       9163       8672       8471       9078       8733       8181       8997   Rescheduling interrupts
 CAL: 1434572729 1108382643 1136141893 1115502645 1000423026  945483625   99218128   37228511   37253103   28508026   25915114   23819353   22594783   21174019   21574114   22110514   21716983   17044603   16487364   16429222   16360447   16272555   15518953   15572477   29469086   30054957   31332246   32771850   33925279   35755853   35654096   35039765   Function call interrupts
 TLB:   41903419   45796286   46326417   46652955   46609196   45023547   34076739   34250540   28753184   28581582   27369424   25941101   24884003   23378224   23709294   24183044   22746649   19266319   18730537   18566792   18440003   18135786   15874525   15766652   31415332   31663626   32926122   34130884   35158307   36871298   36586174   35517026   TLB shootdowns
## cpuidle cpu estado tiempo_us entradas
cpu0 POLL 13954822 435195
cpu0 C1 2957986726 30329001
cpu0 C1E 25046896584 116079369
cpu0 C6 3900766306745 516683252
cpu1 POLL 5064013 139688
cpu1 C1 32130159 493433
cpu1 C1E 12598385642 74071340
cpu1 C6 3904973190818 151367258
cpu2 POLL 4527380 142564
cpu2 C1 47694808 533344
cpu2 C1E 11531072249 65175814
cpu2 C6 3921028776845 116505952
cpu3 POLL 4125769 112563
cpu3 C1 43785910 484212
cpu3 C1E 11376310026 59030086
cpu3 C6 3926400988175 110550111
cpu4 POLL 3847778 108667
cpu4 C1 50820374 498460
cpu4 C1E 11156959914 62761126
cpu4 C6 3951417797957 126370573
cpu5 POLL 4076420 118458
cpu5 C1 206356714 353746
cpu5 C1E 9944128583 64855889
cpu5 C6 3778580506381 89983518
cpu6 POLL 1112025780 135851811
cpu6 C1 14459688308 49279499
cpu6 C1E 163093074733 554744942
cpu6 C6 3781812563391 386661615
cpu7 POLL 29340678 742407
cpu7 C1 42805386 1946339
cpu7 C1E 424215241768 3170920966
cpu7 C6 3758238656134 87834324
cpu16 POLL 2077402 56849
cpu16 C1 77469546 196723
cpu16 C1E 7070190813 31259419
cpu16 C6 4258860191862 103237318
cpu17 POLL 1718238 47744
cpu17 C1 23712542 192169
cpu17 C1E 7097697574 28596141
cpu17 C6 4253200707934 88682441
cpu18 POLL 1435655 48024
cpu18 C1 27487217 198312
cpu18 C1E 6731206258 26018101
cpu18 C6 4248138887950 80216558
cpu19 POLL 1271679 43602
cpu19 C1 19429846 136579
cpu19 C1E 5893794414 19144764
cpu19 C6 4248015744692 111066986
cpu20 POLL 2155931 52898
cpu20 C1 14024761 167828
cpu20 C1E 6318037544 24970592
cpu20 C6 4262730693691 66216847
cpu21 POLL 2482236 57181
cpu21 C1 35790543 236955
cpu21 C1E 7326842870 32042834
cpu21 C6 4241469643384 66828765
cpu22 POLL 3787951 324452
cpu22 C1 108249669 249768
cpu22 C1E 7657502001 23015308
cpu22 C6 4251965851837 106475223
cpu23 POLL 3644756 225876
cpu23 C1 28254589 276048
cpu23 C1E 9507806008 34021314
cpu23 C6 4264606925430 80368283
## daemon hilo utime stime cpu
cpu_loop_main 8 25 9
cpu_loop_main 4 17 6
