## stat
cpu  506732659 220658 62952332 13291586463 1596962 3382074 814128 0 0 0
cpu0 36836447 37455 2630141 392936806 151028 271218 118505 0 0 0
cpu1 38563352 13577 2723018 391676360 148481 195211 36838 0 0 0
cpu2 37330832 5256 2504258 393214229 97577 190944 34313 0 0 0
cpu3 36962594 6201 2354971 393727805 102284 188142 31411 0 0 0
cpu4 34597142 9635 2228387 396227946 90048 182493 34541 0 0 0
cpu5 51729211 25654 2449977 378793128 118304 227862 41543 0 0 0
cpu6 12338001 2065 24830547 396076142 59094 146467 73428 0 0 0
cpu7 13321712 6850 900082 418387605 48469 265266 31835 0 0 0
cpu8 9817355 10098 1331493 421063471 50866 99659 69268 0 0 0
cpu9 9796148 4867 999381 422454159 42543 51343 21874 0 0 0
cpu10 11338709 6591 1077576 420889609 38355 56242 13367 0 0 0
cpu11 13215116 5285 1167387 418919442 44090 55455 27464 0 0 0
cpu12 10267327 669 928455 422137469 30719 52000 8038 0 0 0
cpu13 9832123 2370 949107 422559508 26357 49667 7655 0 0 0
cpu14 10298113 806 984342 421736300 49187 349445 7020 0 0 0
cpu15 11159236 1153 1293583 420862420 27590 62958 7459 0 0 0
cpu16 6074491 1932 610035 426605291 16069 52163 25988 0 0 0
cpu17 6603196 4854 669662 426027781 18225 50065 25717 0 0 0
cpu18 7063024 8264 751392 425485237 16672 50827 32786 0 0 0
cpu19 7008960 6245 809576 425419364 17894 82802 43426 0 0 0
cpu20 5529476 7364 904979 426896756 16201 41486 8517 0 0 0
cpu21 7695578 4845 747278 424869278 20312 49789 21026 0 0 0
cpu22 6637197 2448 739859 425953646 24153 30028 14704 0 0 0
cpu23 5141423 9625 801417 427391976 23752 31324 14889 0 0 0
cpu24 12487956 4116 911813 419904233 31289 65309 14604 0 0 0
cpu25 14433771 6367 891790 417972862 45269 65828 6738 0 0 0
cpu26 13301151 9770 957699 419042994 37339 72965 6530 0 0 0
cpu27 13606701 1251 975138 418737009 40870 63018 6533 0 0 0
cpu28 13257687 3180 910357 419136219 39079 69574 6543 0 0 0
cpu29 13680871 4685 972877 418640173 41309 71651 7430 0 0 0
cpu30 13063231 5866 909698 419321016 41189 70073 6900 0 0 0
cpu31 13744512 1302 1036041 418520213 42330 70783 7222 0 0 0
## interrupts
            CPU0       CPU1       CPU2       CPU3       CPU4       CPU5       CPU6       CPU7       CPU8       CPU9       CPU10      CPU11      CPU12      CPU13      CPU14      CPU15      CPU16      CPU17      CPU18      CPU19      CPU20      CPU21      CPU22      CPU23      CPU24      CPU25      CPU26      CPU27      CPU28      CPU29      CPU30      CPU31      
 LOC:  508875011  470154428  440723491  435708033  417937420  581974607  916150129 3326191677  220126681  157533248  176424381  179291196  150862990  143509248  152761877  170172254  115423875  109852431  112777288  106530088   97636974  120883296  108106228  104130859  183153404  193793203  186190130  186892169  182949104  189365126  180112247  188189895   Local timer interrupts
 RES:     133760      74508      68969      60556      51176      46492       9764      11532      77624      16934      14727      12688      11808      11467      11514      11571       7255      11513      10056       8971       8743       6898       7083       6473       9410       9142       8623       8413       9034       8714       8124       8952   Rescheduling interrupts
 CAL: 1433231128 1107031205 1134799333 1114162184  999080576  944146439   99195929   37204870   37250095   28507891   25914994   23819233   22594654   21173893   21573968   22110366   21716810   17044385   16487238   16429067   16360316   16272421   15518803   15572315   29468968   30054798   31332103   32771724   33925122   35755690   35653957   35039631   Function call interrupts
 TLB:   41893364   45787637   46317217   46644554   46599686   45015503   34076735   34250536   28753184   28581582   27369424   25941101   24884003   23378217   23709294   24183044   22746649   19266319   18730537   18566792   18440003   18135786   15874504   15766635   31415332   31663626   32926122   34130884   35158288   36871259   36586174   35517026   TLB shootdowns
## cpuidle cpu estado tiempo_us entradas
cpu0 POLL 13954628 435192
cpu0 C1 2957975669 30328983
cpu0 C1E 25045505008 116077303
cpu0 C6 3900604460311 516664198
cpu1 POLL 5063936 139686
cpu1 C1 32129002 493423
cpu1 C1E 12594774558 74053228
cpu1 C6 3904814536684 151361318
cpu2 POLL 4527026 142558
cpu2 C1 47694684 533337
cpu2 C1E 11528727144 65169538
cpu2 C6 3920868012752 116500689
cpu3 POLL 4124979 112550
cpu3 C1 43782907 484133
cpu3 C1E 11370954418 58997545
cpu3 C6 3926242744671 110533341
cpu4 POLL 3847650 108665
cpu4 C1 50817662 498453
cpu4 C1E 11155716524 62759244
cpu4 C6 3951255652451 126366568
cpu5 POLL 4075767 118445
cpu5 C1 206355122 353721
cpu5 C1E 9940345260 64832799
cpu5 C6 3778420022345 89979436
cpu6 POLL 1111740364 135847318
cpu6 C1 14459114056 49268921
cpu6 C1E 162940243421 554459912
cpu6 C6 3781574808797 386444456
cpu7 POLL 29337421 742355
cpu7 C1 42803229 1946021
cpu7 C1E 424135154980 3170332045
cpu7 C6 3757916480995 87716957
cpu16 POLL 2076885 56841
cpu16 C1 77464284 196698
cpu16 C1E 7066620259 31246708
cpu16 C6 4258457854943 103223270
cpu17 POLL 1716179 47709
cpu17 C1 23709125 192054
cpu17 C1E 7079354492 28471424
cpu17 C6 4252814231462 88669922
cpu18 POLL 1435655 48024
cpu18 C1 27485125 198308
cpu18 C1E 6730594568 26017385
cpu18 C6 4247733426903 80212678
cpu19 POLL 1269212 43564
cpu19 C1 19412474 136486
cpu19 C1E 5875887779 19055459
cpu19 C6 4247629620500 111040511
cpu20 POLL 2155931 52898
cpu20 C1 14024738 167826
cpu20 C1E 6316871601 24968970
cpu20 C6 4262325737356 66211821
cpu21 POLL 2482042 57178
cpu21 C1 35790496 236950
cpu21 C1E 7324412642 32039200
cpu21 C6 4241065972835 66821704
cpu22 POLL 3787820 324450
cpu22 C1 108249536 249756
cpu22 C1E 7647607621 22945966
cpu22 C6 4251570169077 106392647
cpu23 POLL 3644562 225873
cpu23 C1 28254469 276037
cpu23 C1E 9504795887 34016810
cpu23 C6 4264204052700 80313333
## daemon hilo utime stime cpu
cpu_loop_main 6 2 31
cpu_loop_main 0 0 6
