## stat
cpu  506744661 220658 62952412 13291654494 1596968 3382123 814139 0 0 0
cpu0 36838488 37455 2630147 392937260 151028 271224 118506 0 0 0
cpu1 38565346 13577 2723027 391676857 148481 195216 36839 0 0 0
cpu2 37332823 5256 2504270 393214727 97578 190949 34313 0 0 0
cpu3 36964581 6201 2354981 393728309 102285 188147 31411 0 0 0
cpu4 34599136 9635 2228391 396228448 90049 182499 34541 0 0 0
cpu5 51731201 25654 2449986 378793630 118305 227868 41543 0 0 0
cpu6 12338001 2065 24830548 396078610 59095 146469 73436 0 0 0
cpu7 13321712 6850 900082 418390112 48469 265266 31835 0 0 0
cpu8 9817356 10098 1331494 421065975 50866 99660 69268 0 0 0
cpu9 9796149 4867 999381 422456666 42543 51343 21874 0 0 0
cpu10 11338710 6591 1077578 420892113 38355 56243 13367 0 0 0
cpu11 13215116 5285 1167387 418921949 44090 55455 27465 0 0 0
cpu12 10267327 669 928462 422139967 30719 52002 8038 0 0 0
cpu13 9832123 2370 949107 422562015 26358 49667 7655 0 0 0
cpu14 10298113 806 984342 421738808 49187 349445 7020 0 0 0
cpu15 11159236 1153 1293583 420864927 27590 62958 7459 0 0 0
cpu16 6074491 1932 610036 426607797 16069 52163 25988 0 0 0
cpu17 6603196 4854 669662 426030288 18225 50065 25718 0 0 0
cpu18 7063024 8264 751392 425487743 16673 50827 32786 0 0 0
cpu19 7008960 6245 809577 425421871 17894 82802 43426 0 0 0
cpu20 5529476 7364 904979 426899263 16201 41486 8517 0 0 0
cpu21 7695578 4845 747279 424871784 20312 49789 21026 0 0 0
cpu22 6637197 2448 739860 425956151 24153 30029 14704 0 0 0
cpu23 5141423 9625 801419 427394480 23752 31324 14889 0 0 0
cpu24 12487956 4116 911813 419906740 31289 65309 14604 0 0 0
cpu25 14433772 6367 891792 417975366 45270 65828 6738 0 0 0
cpu26 13301151 9770 957699 419045501 37339 72965 6530 0 0 0
cpu27 13606702 1251 975139 418739515 40870 63018 6533 0 0 0
cpu28 13257687 3180 910357 419138726 39079 69574 6543 0 0 0
cpu29 13680871 4685 972879 418642678 41310 71651 7430 0 0 0
cpu30 13063232 5866 909700 419323520 41189 70073 6900 0 0 0
cpu31 13744512 1302 1036047 418522684 42330 70794 7222 0 0 0
## interrupts
            CPU0       CPU1       CPU2       CPU3       CPU4       CPU5       CPU6       CPU7       CPU8       CPU9       CPU10      CPU11      CPU12      CPU13      CPU14      CPU15      CPU16      CPU17      CPU18      CPU19      CPU20      CPU21      CPU22      CPU23      CPU24      CPU25      CPU26      CPU27      CPU28      CPU29      CPU30      CPU31      
 LOC:  508895756  470174910  440743784  435728255  417957655  581994808  916158563 3326191736  220126967  157533296  176424627  179291246  150897025  143509328  152761895  170172272  115424351  109852547  112777390  106530169   97637051  120883472  108106807  104131099  183153415  193793403  186190139  186892894  182949185  189365325  180113100  188341423   Local timer interrupts
 RES:     133763      74516      68972      60559      51180      46496       9764      11532      77624      16934      14727      12688      11816      11467      11514      11571       7255      11513      10056       8971       8743       6898       7084       6473       9410       9142       8623       8413       9034       8714       8124       8952   Rescheduling interrupts
 CAL: 1433250314 1107049867 1134818117 1114181065  999099467  944165098   99198792   37204875   37250097   28507895   25914998   23819237   22594660   21173897   21573972   22110370   21716819   17044390   16487242   16429071   16360320   16272425   15518808   15572320   29468972   30054802   31332107   32771729   33925127   35755694   35653961   35039635   Function call interrupts
 TLB:   41894062   45788230   46317956   46645429   46600574   45016150   34076735   34250536   28753184   28581582   27369424   25941101   24884003   23378217   23709294   24183044   22746649   19266319   18730537   18566792   18440003   18135786   15874504   15766635   31415332   31663626   32926122   34130884   35158288   36871259   36586174   35517026   TLB shootdowns
## cpuidle cpu estado tiempo_us entradas
cpu0 POLL 13954628 435192
cpu0 C1 2957975669 30328983
cpu0 C1E 25045571781 116077437
cpu0 C6 3900608929110 516664711
cpu1 POLL 5063936 139686
cpu1 C1 32129008 493424
cpu1 C1E 12595025084 74053988
cpu1 C6 3904819258953 151361681
cpu2 POLL 4527026 142558
cpu2 C1 47694684 533337
cpu2 C1E 11528829462 65169696
cpu2 C6 3920872884367 116500953
cpu3 POLL 4124979 112550
cpu3 C1 43783011 484134
cpu3 C1E 11371060870 58997715
cpu3 C6 3926247675411 110533752
cpu4 POLL 3847650 108665
cpu4 C1 50817700 498454
cpu4 C1E 11155806857 62759368
cpu4 C6 3951260576305 126366835
cpu5 POLL 4075767 118445
cpu5 C1 206355122 353721
cpu5 C1E 9940424340 64832902
cpu5 C6 3778424983640 89979654
cpu6 POLL 1111740364 135847318
cpu6 C1 14459114056 49268921
cpu6 C1E 162942478014 554464008
cpu6 C6 3781597167694 386465654
cpu7 POLL 29337421 742355
cpu7 C1 42803229 1946021
cpu7 C1E 424135155592 3170332048
cpu7 C6 3757941553154 87717219
cpu16 POLL 2076885 56841
cpu16 C1 77464284 196698
cpu16 C1E 7066736951 31246874
cpu16 C6 4258482780137 103223901
cpu17 POLL 1716179 47709
cpu17 C1 23709125 192054
cpu17 C1E 7079372204 28471468
cpu17 C6 4252839271501 88670438
cpu18 POLL 1435655 48024
cpu18 C1 27485125 198308
cpu18 C1E 6730594568 26017385
cpu18 C6 4247758491749 80212798
cpu19 POLL 1269212 43564
cpu19 C1 19412474 136486
cpu19 C1E 5875887779 19055459
cpu19 C6 4247654690298 111040631
cpu20 POLL 2155931 52898
cpu20 C1 14024738 167826
cpu20 C1E 6316871601 24968970
cpu20 C6 4262350795639 66211990
cpu21 POLL 2482042 57178
cpu21 C1 35790496 236950
cpu21 C1E 7324528190 32039399
cpu21 C6 4241090932223 66822055
cpu22 POLL 3787820 324450
cpu22 C1 108249536 249756
cpu22 C1E 7647608573 22945967
cpu22 C6 4251595198234 106397779
cpu23 POLL 3644562 225873
cpu23 C1 28254469 276037
cpu23 C1E 9504928793 34017019
cpu23 C6 4264229025045 80313775
## daemon hilo utime stime cpu
cpu_loop_main 7 18 12
cpu_loop_main 22 0 6
