## stat
cpu  506696204 220658 62951154 13291260373 1596893 3381811 814074 0 0 0
cpu0 36830463 37455 2630097 392931498 151026 271190 118504 0 0 0
cpu1 38557346 13577 2723003 391671041 148480 195184 36838 0 0 0
cpu2 37324826 5256 2504233 393208922 97574 190917 34313 0 0 0
cpu3 36956599 6201 2354926 393722512 102281 188114 31407 0 0 0
cpu4 34591029 9635 2228372 396222736 90047 182464 34540 0 0 0
cpu5 51723151 25654 2449957 378787869 118303 227835 41543 0 0 0
cpu6 12337972 2065 24829756 396065169 59094 146445 73416 0 0 0
cpu7 13321707 6850 900079 418376357 48460 265246 31823 0 0 0
cpu8 9817318 10098 1331481 421052201 50865 99650 69261 0 0 0
cpu9 9796087 4867 999359 422442887 42536 51337 21872 0 0 0
cpu10 11338705 6591 1077565 420878260 38352 56242 13367 0 0 0
cpu11 13215112 5285 1167359 418908113 44088 55449 27463 0 0 0
cpu12 10267316 669 928450 422126127 30718 51997 8038 0 0 0
cpu13 9832115 2370 949092 422548187 26354 49659 7654 0 0 0
cpu14 10298106 806 984331 421724955 49183 349444 7020 0 0 0
cpu15 11159235 1153 1293579 420851056 27590 62958 7458 0 0 0
cpu16 6074490 1932 610032 426593932 16069 52162 25987 0 0 0
cpu17 6603176 4854 669653 426016445 18223 50063 25717 0 0 0
cpu18 7063024 8264 751389 425473873 16672 50827 32786 0 0 0
cpu19 7008960 6245 809576 425407997 17894 82802 43426 0 0 0
cpu20 5529455 7364 904973 426885421 16200 41483 8517 0 0 0
cpu21 7695577 4845 747275 424857914 20311 49789 21026 0 0 0
cpu22 6637197 2448 739857 425942284 24153 30028 14703 0 0 0
cpu23 5141422 9625 801411 427380621 23751 31323 14888 0 0 0
cpu24 12487956 4116 911811 419892871 31287 65308 14603 0 0 0
cpu25 14433716 6367 891772 417961583 45263 65821 6736 0 0 0
cpu26 13301150 9770 957697 419031631 37339 72965 6530 0 0 0
cpu27 13606698 1251 975131 418725656 40869 63017 6533 0 0 0
cpu28 13257681 3180 910338 419124884 39074 69573 6543 0 0 0
cpu29 13680869 4685 972872 418628814 41308 71651 7430 0 0 0
cpu30 13063226 5866 909690 419309666 41187 70071 6900 0 0 0
cpu31 13744505 1302 1036023 418508876 42327 70783 7221 0 0 0
## interrupts
            CPU0       CPU1       CPU2       CPU3       CPU4       CPU5       CPU6       CPU7       CPU8       CPU9       CPU10      CPU11      CPU12      CPU13      CPU14      CPU15      CPU16      CPU17      CPU18      CPU19      CPU20      CPU21      CPU22      CPU23      CPU24      CPU25      CPU26      CPU27      CPU28      CPU29      CPU30      CPU31      
 LOC:  508812626  470093085  440662033  435646237  417875066  581912776  916017875 3325970889  220110162  157519502  176421230  179194956  150818586  143407284  152759676  170171405  115421178  109843225  112776830  106529992   97627056  120882462  108103784  104127450  183145034  193778572  186189762  186889504  182946923  189364309  180109174  188188102   Local timer interrupts
 RES:     133750      74498      68957      60545      51165      46461       9763      11532      77623      16931      14720      12635      11805      11465      11514      11542       7255      11485      10056       8970       8743       6898       7083       6473       9410       9141       8623       8411       9034       8713       8123       8950   Rescheduling interrupts
 CAL: 1432845114 1106646503 1134413775 1113776197  998687826  943761028   99192463   37199115   37248881   28507847   25914946   23819163   22594619   21173854   21573896   22110315   21716756   17044324   16487197   16429006   16360274   16272379   15518749   15572246   29468917   30054751   31332061   32771673   33925080   35755641   35653910   35039588   Function call interrupts
 TLB:   41891010   45785263   46314582   46641892   46598277   45013562   34076734   34250536   28753184   28581582   27369424   25941101   24884003   23378217   23709294   24183044   22746649   19266319   18730537   18566792   18440003   18135786   15874504   15766635   31415332   31663626   32926122   34130884   35158288   36871259   36586174   35517026   TLB shootdowns
## cpuidle cpu estado tiempo_us entradas
cpu0 POLL 13954564 435191
cpu0 C1 2957975566 30328981
cpu0 C1E 25045074138 116076727
cpu0 C6 3900551812868 516658387
cpu1 POLL 5063807 139684
cpu1 C1 32129002 493423
cpu1 C1E 12594502183 74052865
cpu1 C6 3904761616247 151359080
cpu2 POLL 4526960 142557
cpu2 C1 47694612 533335
cpu2 C1E 11528293059 65168867
cpu2 C6 3920815360303 116499575
cpu3 POLL 4124915 112549
cpu3 C1 43782241 484124
cpu3 C1E 11370423892 58996629
cpu3 C6 3926190325177 110529628
cpu4 POLL 3847650 108665
cpu4 C1 50817615 498452
cpu4 C1E 11155341111 62758754
cpu4 C6 3951203935696 126363667
cpu5 POLL 4075767 118445
cpu5 C1 206354990 353719
cpu5 C1E 9939950750 64832002
cpu5 C6 3778367830299 89978435
cpu6 POLL 1111575797 135844753
cpu6 C1 14458779965 49262126
cpu6 C1E 162886628478 554360358
cpu6 C6 3781519389851 386409339
cpu7 POLL 29336381 742338
cpu7 C1 42802558 1945896
cpu7 C1E 424106704652 3170122590
cpu7 C6 3757832607503 87683274
cpu16 POLL 2076806 56840
cpu16 C1 77464284 196698
cpu16 C1E 7065858738 31245556
cpu16 C6 4258345052126 103218837
cpu17 POLL 1716049 47706
cpu17 C1 23708764 192047
cpu17 C1E 7077168016 28464994
cpu17 C6 4252703076128 88662302
cpu18 POLL 1435655 48024
cpu18 C1 27485125 198308
cpu18 C1E 6730356003 26017104
cpu18 C6 4247620034723 80211734
cpu19 POLL 1269212 43564
cpu19 C1 19412474 136486
cpu19 C1E 5875822807 19055384
cpu19 C6 4247516027117 111039833
cpu20 POLL 2155728 52895
cpu20 C1 14020405 167817
cpu20 C1E 6314572978 24962908
cpu20 C6 4262214719538 66205582
cpu21 POLL 2482042 57178
cpu21 C1 35790473 236946
cpu21 C1E 7324047134 32038725
cpu21 C6 4240952732072 66820363
cpu22 POLL 3787751 324448
cpu22 C1 108249536 249756
cpu22 C1E 7646973283 22944885
cpu22 C6 4251457245071 106377700
cpu23 POLL 3644562 225873
cpu23 C1 28253466 276036
cpu23 C1E 9503891977 34015362
cpu23 C6 4264091520872 80297737
## daemon hilo utime stime cpu
cpu_loop_main 35 17 24
cpu_loop_main 162 0 6
