## stat
cpu  506684166 220658 62951085 13291192356 1596875 3381713 814059 0 0 0
cpu0 36828470 37455 2630083 392931003 151025 271178 118503 0 0 0
cpu1 38555307 13577 2722997 391670584 148479 195172 36837 0 0 0
cpu2 37322820 5256 2504227 393208432 97574 190905 34312 0 0 0
cpu3 36954608 6201 2354914 393722012 102281 188102 31406 0 0 0
cpu4 34589028 9635 2228369 396222237 90047 182452 34540 0 0 0
cpu5 51721149 25654 2449954 378787372 118303 227823 41542 0 0 0
cpu6 12337972 2065 24829756 396062826 59094 146437 73414 0 0 0
cpu7 13321707 6850 900079 418373858 48460 265244 31813 0 0 0
cpu8 9817318 10098 1331480 421049691 50865 99650 69261 0 0 0
cpu9 9796086 4867 999355 422440379 42534 51336 21872 0 0 0
cpu10 11338705 6591 1077564 420875805 38350 56231 13366 0 0 0
cpu11 13215112 5285 1167355 418905604 44087 55449 27463 0 0 0
cpu12 10267316 669 928450 422123612 30718 51997 8038 0 0 0
cpu13 9832115 2370 949092 422545672 26354 49659 7654 0 0 0
cpu14 10298106 806 984329 421722445 49182 349444 7020 0 0 0
cpu15 11159234 1153 1293576 420848564 27583 62956 7458 0 0 0
cpu16 6074490 1932 610031 426591419 16069 52161 25987 0 0 0
cpu17 6603176 4854 669653 426013930 18223 50063 25716 0 0 0
cpu18 7063023 8264 751389 425471359 16672 50827 32786 0 0 0
cpu19 7008960 6245 809575 425405483 17894 82802 43426 0 0 0
cpu20 5529455 7364 904973 426882906 16200 41483 8517 0 0 0
cpu21 7695577 4845 747275 424855399 20311 49789 21026 0 0 0
cpu22 6637197 2448 739857 425939769 24153 30028 14703 0 0 0
cpu23 5141421 9625 801410 427378109 23750 31322 14887 0 0 0
cpu24 12487955 4116 911810 419890358 31287 65308 14603 0 0 0
cpu25 14433716 6367 891772 417959068 45263 65821 6736 0 0 0
cpu26 13301150 9770 957697 419029116 37339 72965 6530 0 0 0
cpu27 13606697 1251 975129 418723145 40869 63017 6533 0 0 0
cpu28 13257680 3180 910334 419122373 39073 69573 6542 0 0 0
cpu29 13680869 4685 972872 418626299 41308 71651 7430 0 0 0
cpu30 13063226 5866 909690 419307151 41187 70071 6900 0 0 0
cpu31 13744505 1302 1036023 418506361 42327 70783 7221 0 0 0
## interrupts
            CPU0       CPU1       CPU2       CPU3       CPU4       CPU5       CPU6       CPU7       CPU8       CPU9       CPU10      CPU11      CPU12      CPU13      CPU14      CPU15      CPU16      CPU17      CPU18      CPU19      CPU20      CPU21      CPU22      CPU23      CPU24      CPU25      CPU26      CPU27      CPU28      CPU29      CPU30      CPU31      
 LOC:  508791911  470072271  440641653  435626054  417854611  581892423  915967573 3325961045  220109866  157519134  176276866  179194575  150818580  143407243  152758747  170138154  115420356  109843187  112776759  106529917   97627025  120882447  108103689  104126851  183144924  193778565  186189753  186888725  182946587  189364280  180109168  188188094   Local timer interrupts
 RES:     133747      74495      68955      60541      51161      46445       9763      11532      77623      16931      14719      12635      11805      11465      11514      11523       7255      11485      10056       8970       8743       6898       7083       6473       9410       9141       8623       8411       9034       8713       8123       8950   Rescheduling interrupts
 CAL: 1432662496 1106460707 1134230989 1113593982  998505628  943578905   99192458   37193891   37248881   28507825   25914941   23819159   22594615   21173850   21573892   22110311   21716752   17044320   16487193   16429002   16360270   16272375   15518744   15572236   29468913   30054747   31332057   32771669   33925076   35755637   35653906   35039584   Function call interrupts
 TLB:   41890250   45784452   46313952   46640999   46597514   45012954   34076734   34250536   28753184   28581582   27369424   25941101   24884003   23378217   23709294   24183044   22746649   19266319   18730537   18566792   18440003   18135786   15874504   15766635   31415332   31663626   32926122   34130884   35158288   36871259   36586174   35517026   TLB shootdowns
## cpuidle cpu estado tiempo_us entradas
cpu0 POLL 13954559 435190
cpu0 C1 2957975566 30328981
cpu0 C1E 25045012239 116076608
cpu0 C6 3900546929609 516656999
cpu1 POLL 5063807 139684
cpu1 C1 32129002 493423
cpu1 C1E 12594377116 74052681
cpu1 C6 3904756747557 151358776
cpu2 POLL 4526960 142557
cpu2 C1 47694612 533335
cpu2 C1E 11528239419 65168788
cpu2 C6 3920808918254 116499270
cpu3 POLL 4124915 112549
cpu3 C1 43782241 484124
cpu3 C1E 11370396558 58996589
cpu3 C6 3926185355101 110529395
cpu4 POLL 3847650 108665
cpu4 C1 50817615 498452
cpu4 C1E 11155210309 62758569
cpu4 C6 3951199078741 126363375
cpu5 POLL 4075767 118445
cpu5 C1 206354990 353719
cpu5 C1E 9939813705 64831742
cpu5 C6 3778362995729 89978233
cpu6 POLL 1111575797 135844753
cpu6 C1 14458779965 49262126
cpu6 C1E 162865042077 554312589
cpu6 C6 3781517617191 386404751
cpu7 POLL 29336381 742338
cpu7 C1 42802558 1945896
cpu7 C1E 424106702735 3170122588
cpu7 C6 3757807687525 87653930
cpu16 POLL 2076806 56840
cpu16 C1 77464272 196697
cpu16 C1E 7065743030 31245383
cpu16 C6 4258320030211 103217580
cpu17 POLL 1716021 47705
cpu17 C1 23708764 192047
cpu17 C1E 7077167547 28464992
cpu17 C6 4252677921111 88661456
cpu18 POLL 1435655 48024
cpu18 C1 27485125 198308
cpu18 C1E 6730353062 26017102
cpu18 C6 4247594885113 80211565
cpu19 POLL 1269212 43564
cpu19 C1 19412474 136486
cpu19 C1E 5875815324 19055373
cpu19 C6 4247490862732 111039735
cpu20 POLL 2155728 52895
cpu20 C1 14020405 167817
cpu20 C1E 6314572978 24962908
cpu20 C6 4262189578075 66205418
cpu21 POLL 2482042 57178
cpu21 C1 35790473 236946
cpu21 C1E 7324039367 32038715
cpu21 C6 4240927538126 66820235
cpu22 POLL 3787751 324448
cpu22 C1 108249536 249756
cpu22 C1E 7646868207 22944709
cpu22 C6 4251432230047 106374635
cpu23 POLL 3644498 225872
cpu23 C1 28253466 276036
cpu23 C1E 9503718225 34015101
cpu23 C6 4264066596443 80286930
## daemon hilo utime stime cpu
cpu_loop_main 6 3 15
cpu_loop_main 6 0 6
