## stat
cpu  1731823628 127832 73378811 34434074839 22047783 6640478 1776037 0 0 0
cpu0 17753535 2358 823638 328800461 214777 173504 699261 0 0 0
cpu1 33507443 221 1411033 313254225 307164 141427 96874 0 0 0
cpu2 19010187 4456 885169 328158558 364524 94776 205109 0 0 0
cpu3 31873410 226 1295054 315117811 281276 123425 47231 0 0 0
cpu4 38073944 213 1547665 308662737 283466 139254 25743 0 0 0
cpu5 32902947 223 1414231 313856014 409852 125026 25754 0 0 0
cpu6 30507177 3022 1254603 316559566 259349 113189 42664 0 0 0
cpu7 34961299 62 1378278 311837484 382854 123895 7995 0 0 0
cpu8 32116224 576 1291701 314976652 223637 117079 15680 0 0 0
cpu9 38918487 0 1513842 307931559 224129 138865 6858 0 0 0
cpu10 35461302 14 1476971 311322821 342847 127400 6778 0 0 0
cpu11 21964309 199 1013974 325373357 272800 88576 30338 0 0 0
cpu12 35750289 76 1594155 310905012 351305 131156 7025 0 0 0
cpu13 35044793 1714 1427140 311878603 229414 126214 6155 0 0 0
cpu14 36182097 30 1474121 310633428 311312 133106 6055 0 0 0
cpu15 19360036 1174 851532 328225715 237501 75240 5825 0 0 0
cpu16 31491431 13 1301284 315591080 111558 129402 105905 0 0 0
cpu17 22351583 282 883285 325207172 225359 78897 7196 0 0 0
cpu18 22945327 105 940869 324548615 201727 85130 23893 0 0 0
cpu19 24548873 69 1074885 322737040 294083 89848 5498 0 0 0
cpu20 17881269 849 837583 329677735 287085 68809 5216 0 0 0
cpu21 31096805 26 1210167 315952798 344213 117283 5825 0 0 0
cpu22 27428042 34 1214758 319682244 307721 103410 6334 0 0 0
cpu23 24722631 58 836123 322833545 262965 85885 6089 0 0 0
cpu24 26465267 73 1013210 320751343 405269 96773 6376 0 0 0
cpu25 23935090 762 1039555 323394735 275754 92437 6212 0 0 0
cpu26 14419198 9534 663636 333285205 314494 54146 6079 0 0 0
cpu27 30468576 5770 1271985 316603898 290995 104618 2897 0 0 0
cpu28 22808723 5017 1007519 324650320 197081 82627 2639 0 0 0
cpu29 26767221 753 1152445 320439409 298708 92902 2223 0 0 0
cpu30 21621005 213 1002714 325840778 214633 75546 2350 0 0 0
cpu31 31449445 59 1395544 315547234 234775 116258 2648 0 0 0
cpu32 29892817 45 1386595 317159705 198579 108714 2736 0 0 0
cpu33 34347930 1381 1335922 312683688 252248 120661 3077 0 0 0
cpu34 22610143 350 984324 324761365 312111 84799 2262 0 0 0
cpu35 23030710 1942 1056872 324285792 298524 81700 2107 0 0 0
cpu36 37157508 0 1718168 309426531 299809 135381 3287 0 0 0
cpu37 22350258 87 997638 325064528 260493 79907 2811 0 0 0
cpu38 27192735 293 1267651 320034152 152563 101109 2430 0 0 0
cpu39 26302671 148 1239293 320890513 218509 98220 2526 0 0 0
cpu40 18434517 1266 829496 329180996 244795 67692 2183 0 0 0
cpu41 28438644 498 1274591 318688081 239730 105106 2857 0 0 0
cpu42 26858702 2365 1220559 320449053 113629 102557 2401 0 0 0
cpu43 24775891 44 1102250 322528586 250501 94931 2031 0 0 0
cpu44 34570570 717 1551009 312153819 335906 127229 3170 0 0 0
cpu45 25913053 1863 1263952 321239872 234179 97857 2052 0 0 0
cpu46 20601749 25 927776 326986314 165137 76752 1729 0 0 0
cpu47 14719737 2 708364 333254345 25502 55123 1510 0 0 0
cpu48 21519258 11 928931 326026382 201072 79566 1825 0 0 0
cpu49 24994364 3417 958249 322574866 133159 88987 1880 0 0 0
cpu50 24842158 3220 1058046 322613406 139042 93086 2261 0 0 0
cpu51 26289034 8458 1099814 320967490 284312 98105 2541 0 0 0
cpu52 7936493 660 291653 340389450 92046 35576 10186 0 0 0
cpu53 1164794 151 63530 347434206 73668 15618 4565 0 0 0
cpu54 15498398 767 473618 332557923 144428 63828 10280 0 0 0
cpu55 1064042 665 60407 347473532 152342 10868 5402 0 0 0
cpu56 1882661 1304 95446 346691105 73991 15458 8092 0 0 0
cpu57 1981341 240 79816 346572960 98897 16859 13957 0 0 0
cpu58 2855834 1416 127340 345470458 276505 20343 4617 0 0 0
cpu59 968970 209 68496 347301455 127816 11525 9792 0 0 0
cpu60 3326182 67 114002 345166567 145354 13905 5328 0 0 0
cpu61 2860824 627 130063 345549948 213433 13756 3919 0 0 0
cpu62 5074908 153 112099 343250564 311732 17103 5371 0 0 0
cpu63 4193365 256 140820 344135193 211237 18184 73818 0 0 0
cpu64 4204396 1274 158738 344221654 115834 29128 34947 0 0 0
cpu65 3201697 113 128540 345201948 223837 14274 3994 0 0 0
cpu66 3415756 227 103113 345158349 81936 12883 3415 0 0 0
cpu67 3074259 2405 116104 345378379 179482 15451 4078 0 0 0
cpu68 3447038 93 135402 345092949 59918 20867 3727 0 0 0
cpu69 3706285 216 137177 344744037 163691 16379 5952 0 0 0
cpu70 785178 48 50679 347841101 63678 11532 10704 0 0 0
cpu71 6227657 830 186105 342140227 189326 22639 3982 0 0 0
cpu72 18699256 972 699723 328949174 339411 63997 5861 0 0 0
cpu73 7113983 26 213679 341238236 169318 28694 4920 0 0 0
cpu74 7209298 2561 213077 341075719 231345 26448 5377 0 0 0
cpu75 6031890 43 194868 342361995 150529 22727 5045 0 0 0
cpu76 5681951 43 228380 342717763 111590 24379 4004 0 0 0
cpu77 7335539 193 298021 340763048 330070 31243 6221 0 0 0
cpu78 10544608 4101 275101 337769969 146950 28905 1069 0 0 0
cpu79 6840585 7624 287773 341380751 230537 23982 1255 0 0 0
cpu80 5314197 8727 247992 343014956 164830 19799 1789 0 0 0
cpu81 7824912 4176 362094 340310851 238428 28374 1273 0 0 0
cpu82 6390162 842 313025 341868063 177288 22833 862 0 0 0
cpu83 7899573 980 324021 340292387 225700 27827 1083 0 0 0
cpu84 1865165 1470 87314 346676307 139986 7427 762 0 0 0
cpu85 697510 57 41078 347936843 62525 5082 2471 0 0 0
cpu86 7027976 147 301739 341275526 141400 25335 918 0 0 0
cpu87 7501097 1270 371585 340673441 194072 28160 986 0 0 0
cpu88 1421322 232 59369 346905345 160737 8104 5508 0 0 0
cpu89 8314526 708 325752 339949863 151702 27864 1175 0 0 0
cpu90 10458354 16 428137 337646534 198106 37066 1151 0 0 0
cpu91 8133761 20 396721 340069431 138746 30240 1182 0 0 0
cpu92 7939364 1673 354583 340301507 139476 28149 1976 0 0 0
cpu93 10179550 3293 483059 337719810 343969 37968 1121 0 0 0
cpu94 12101520 2640 446636 335914230 256324 42549 1370 0 0 0
cpu95 9373844 1421 442656 338726338 187293 35169 1420 0 0 0
cpu96 580416 2701 33307 348024586 97987 4619 2486 0 0 0
cpu97 9480062 1418 410682 338667083 175724 33379 1103 0 0 0
cpu98 8876067 2 386406 339363464 108438 32828 1090 0 0 0
cpu99 7655246 177 346290 340723455 19255 27059 932 0 0 0
cpu100 9440339 33 361427 338761419 173744 32882 986 0 0 0
cpu101 8948027 159 403775 339263592 118220 34705 1355 0 0 0
cpu102 9915684 1447 424081 338252346 138265 36330 1368 0 0 0
cpu103 9527297 2575 435090 338502107 264190 36545 1342 0 0 0
## interrupts
            CPU0       CPU1       CPU2       CPU3       CPU4       CPU5       CPU6       CPU7       CPU8       CPU9       CPU10      CPU11      CPU12      CPU13      CPU14      CPU15      CPU16      CPU17      CPU18      CPU19      CPU20      CPU21      CPU22      CPU23      CPU24      CPU25      CPU26      CPU27      CPU28      CPU29      CPU30      CPU31      CPU32      CPU33      CPU34      CPU35      CPU36      CPU37      CPU38      CPU39      CPU40      CPU41      CPU42      CPU43      CPU44      CPU45      CPU46      CPU47      CPU48      CPU49      CPU50      CPU51      CPU52      CPU53      CPU54      CPU55      CPU56      CPU57      CPU58      CPU59      CPU60      CPU61      CPU62      CPU63      CPU64      CPU65      CPU66      CPU67      CPU68      CPU69      CPU70      CPU71      CPU72      CPU73      CPU74      CPU75      CPU76      CPU77      CPU78      CPU79      CPU80      CPU81      CPU82      CPU83      CPU84      CPU85      CPU86      CPU87      CPU88      CPU89      CPU90      CPU91      CPU92      CPU93      CPU94      CPU95      CPU96      CPU97      CPU98      CPU99      CPU100     CPU101     CPU102     CPU103     
 LOC:  443492202  392491637  267029876  350890377  407841196  358434906  337978338  373813788  345084534  412348271  376903921  248497070  379311061  371151568  382106257  208208717  342878115  240878640  252909161  263987459  193958505  335827025  295468674  266725485  288491640  260696796  157619324  321728506  241639859  282785538  230122922  332293677  316550746  360671980  239323547  244175263  392692274  236918151  287857363  278985551  195809322  300463613  285607721  262948966  365007293  275061162  218387336  157504255  227522331  263153159  263759383  278068785   92188488   27195221  172335947   20771438   27726253   31415655   44488844   22156230   39463660   35506896   57722156   51850368   49659274   38397513   39409069   40054608   47928609   43588219   15155659   70604327  199426321   79290051   81888025   68817261   65439761   83652871  111465462   74421082   59151156   85409923   69699409   84963731   22856513   12361708   76087114   81582206   21760220   89251221  111676184   88271275   86694672  109752745  129796362  101745595   11514052  101783490   96081394   82955396  101276190   96901324  106558177  102772393   Local timer interrupts
 RES:       7695      15157      12559      13358       9566      11006      11748      11464       9338      13535       8317      12513      12746      12142      11933      10823      10966       7854      10219      11692      11389      11027      11918       9710      12291       7533        387        422        542        570        624        334        288       2238        471        242        920       1936        217        286        202        167        142        276        207        284        746        193        390        286        173        139       7144      10833      20486      12573       8187       9479      10892      10356       7868      12211       7877      11721      11892      11576      11064      10044      17732       8929       8691      11189      10421      10703      11852       9611      11241       7541        287        277        415        390        388        311       2370        329        438        400        495        408        441        473        351        296        293        447        369        410       1201        493        450        526        431        456   Rescheduling interrupts
 CAL:   93919216   13668907   25032641    7125642    3771003    4540810    6873955    2100837    3197151    1761135    1954639    4963446    1705557    1548352    1601319    1600666    1672483    1640364    3876229    1645194    1743694    1729368    1594280    1755378    1746703    1754121    2268597    2268323    2193814    2118454    1971151    1997294    1969226    1971595    1857701    1850356    1744859    1734148    1642194    1708887    1672725    1862127    1531436    1607280    1512831    1556905    1407684    1530150    1503590    1469868    1477978    1420608    1708274    1417609    1829499    1639035    1719078    1696411    1689357    1330637    1529293    1614497    1535002    1537633    1598858    1533204    1424549    1519429    1620696    1712738    1595957    1595821    1618953    1730559    1689403    1461084    1504528    1882783    1684534    1725383    1574425    1680184    1566643    1563564    1597608    1402380    1629459    1515672    1325933    1592126    1646050    1622212    1640681    1891957    1660217    1652131    1475445    1633198    1701913    1722621    1698890    1678748    1607860    1770339   Function call interrupts
 TLB:    2087917    2175684    1798700    1935606    1816028    1806769    1822052    1842268    1721286    1578289    1414428    1521014    1527781    1471889    1518907    1337842    1383428    1473578    1627542    1482183    1422855    1458474    1437311    1439265    1455900    1598504    1968329    1997415    2026781    1839950    1801453    1817147    1791890    1757715    1528108    1556170    1527257    1479144    1434131    1514321    1462067    1538877    1362618    1436221    1355145    1376175    1282286    1417047    1398878    1340392    1345269    1228120    1510551    1217916    1459001    1326328    1488160    1385297    1467995    1330017    1307844    1357234    1297083    1409883    1310339    1387736    1275824    1321866    1449045    1539601    1317880    1413776    1412067    1360045    1490047    1266736    1220079    1377315    1498550    1448486    1403928    1401382    1389795    1399948    1405120    1257010    1380434    1333911    1265023    1417109    1403087    1404809    1422785    1577464    1431561    1427128    1268278    1371857    1495458    1521008    1498558    1385823    1348025    1504925   TLB shootdowns
## cpuidle cpu estado tiempo_us entradas
cpu0 POLL 2646647 78589
cpu0 C1 1615570764 288533
cpu0 C1E 2143476766 4386778
cpu0 C6 3284659945058 347479641
cpu1 POLL 1205161 29984
cpu1 C1 963123602 306231
cpu1 C1E 1472889814 7001807
cpu1 C6 3132867124683 54746664
cpu2 POLL 1787347 86423
cpu2 C1 38129366846 546299
cpu2 C1E 1332001146 7236620
cpu2 C6 3245301092939 96098734
cpu3 POLL 825780 25834
cpu3 C1 3982727610 272698
cpu3 C1E 704605152 4705177
cpu3 C6 3149164273564 25897921
cpu4 POLL 629386 17826
cpu4 C1 891028932 252791
cpu4 C1E 557366022 4158925
cpu4 C6 3087917082231 18221656
cpu5 POLL 725291 22364
cpu5 C1 874070879 226287
cpu5 C1E 459414307 3233833
cpu5 C6 3141212312278 21296714
cpu6 POLL 445693 14183
cpu6 C1 1724581100 153129
cpu6 C1E 565325838 3097214
cpu6 C6 3165759543194 24987275
cpu7 POLL 622415 28734
cpu7 C1 1409008721 206497
cpu7 C1E 422521972 3085308
cpu7 C6 3120324960725 12583148
cpu16 POLL 1823257 38036
cpu16 C1 969632525 247546
cpu16 C1E 4741499901 33456648
cpu16 C6 3150972131187 87625182
cpu17 POLL 687753 19172
cpu17 C1 1341811141 176212
cpu17 C1E 1792323495 10419817
cpu17 C6 3251147675794 10985605
cpu18 POLL 793828 27341
cpu18 C1 83498625 182513
cpu18 C1E 1722548279 9861819
cpu18 C6 3245568106260 23645404
cpu19 POLL 722056 20189
cpu19 C1 2285461278 183810
cpu19 C1E 1469805374 8543860
cpu19 C6 3226523859223 9362869
cpu20 POLL 516031 16308
cpu20 C1 1544055264 153211
cpu20 C1E 701298201 4835665
cpu20 C6 3297363090001 9711590
cpu21 POLL 490691 13981
cpu21 C1 1238386647 133290
cpu21 C1E 724251420 4456980
cpu21 C6 3160920811475 16374132
cpu22 POLL 512740 16544
cpu22 C1 947096386 148685
cpu22 C1E 719853833 4421696
cpu22 C6 3198173464178 12586343
cpu23 POLL 545784 15189
cpu23 C1 1429273561 126659
cpu23 C1E 747444490 4377996
cpu23 C6 3228722923610 13567702
## daemon hilo utime stime cpu
cpu_loop_main 34 7 9
cpu_loop_main 15 0 6
