## stat
cpu  1731823620 127832 73378792 34433448091 22047777 6640434 1776030 0 0 0
cpu0 17753535 2358 823638 328794433 214777 173504 699261 0 0 0
cpu1 33507443 221 1411033 313248197 307164 141427 96874 0 0 0
cpu2 19010187 4456 885169 328152530 364524 94776 205109 0 0 0
cpu3 31873410 226 1295054 315111782 281276 123425 47231 0 0 0
cpu4 38073944 213 1547665 308656708 283466 139254 25743 0 0 0
cpu5 32902947 223 1414231 313849985 409852 125026 25754 0 0 0
cpu6 30507177 3022 1254603 316553585 259349 113171 42661 0 0 0
cpu7 34961299 62 1378277 311831494 382854 123886 7995 0 0 0
cpu8 32116224 576 1291701 314970672 223637 117066 15679 0 0 0
cpu9 38918487 0 1513842 307925531 224129 138865 6858 0 0 0
cpu10 35461302 14 1476971 311316792 342847 127400 6778 0 0 0
cpu11 21964309 199 1013974 325367329 272800 88576 30338 0 0 0
cpu12 35750289 76 1594155 310898984 351305 131156 7025 0 0 0
cpu13 35044793 1714 1427140 311872574 229414 126214 6155 0 0 0
cpu14 36182097 30 1474121 310627400 311312 133106 6055 0 0 0
cpu15 19360035 1174 851530 328219690 237500 75240 5825 0 0 0
cpu16 31491431 13 1301284 315585052 111558 129402 105905 0 0 0
cpu17 22351583 282 883285 325201144 225359 78897 7196 0 0 0
cpu18 22945325 105 940867 324542590 201727 85130 23893 0 0 0
cpu19 24548873 69 1074885 322731011 294083 89848 5498 0 0 0
cpu20 17881269 849 837583 329671707 287085 68809 5216 0 0 0
cpu21 31096805 26 1210167 315946770 344213 117283 5825 0 0 0
cpu22 27428042 34 1214758 319676216 307721 103410 6334 0 0 0
cpu23 24722631 58 836123 322827517 262965 85885 6089 0 0 0
cpu24 26465267 73 1013210 320745315 405269 96773 6376 0 0 0
cpu25 23935090 762 1039555 323388707 275754 92437 6212 0 0 0
cpu26 14419198 9534 663636 333279177 314494 54146 6079 0 0 0
cpu27 30468576 5770 1271985 316597870 290995 104618 2897 0 0 0
cpu28 22808723 5017 1007519 324644291 197081 82627 2639 0 0 0
cpu29 26767221 753 1152445 320433381 298708 92902 2223 0 0 0
cpu30 21621004 213 1002714 325834750 214633 75546 2350 0 0 0
cpu31 31449445 59 1395544 315541206 234775 116258 2648 0 0 0
cpu32 29892817 45 1386595 317153677 198579 108714 2736 0 0 0
cpu33 34347930 1381 1335922 312677660 252248 120661 3077 0 0 0
cpu34 22610143 350 984324 324755337 312111 84799 2262 0 0 0
cpu35 23030710 1942 1056872 324279764 298524 81700 2107 0 0 0
cpu36 37157508 0 1718168 309420503 299809 135381 3287 0 0 0
cpu37 22350258 87 997638 325058500 260493 79907 2811 0 0 0
cpu38 27192735 293 1267651 320028124 152563 101109 2430 0 0 0
cpu39 26302671 148 1239293 320884485 218509 98220 2526 0 0 0
cpu40 18434517 1266 829496 329174968 244795 67692 2183 0 0 0
cpu41 28438644 498 1274591 318682053 239730 105106 2857 0 0 0
cpu42 26858702 2365 1220559 320443025 113629 102557 2401 0 0 0
cpu43 24775891 44 1102250 322522558 250501 94930 2031 0 0 0
cpu44 34570570 717 1551009 312147791 335906 127229 3170 0 0 0
cpu45 25913053 1863 1263952 321233844 234179 97857 2052 0 0 0
cpu46 20601748 25 927775 326980287 165137 76751 1729 0 0 0
cpu47 14719737 2 708364 333248317 25502 55123 1510 0 0 0
cpu48 21519258 11 928931 326020354 201072 79566 1825 0 0 0
cpu49 24994364 3417 958249 322568838 133159 88987 1880 0 0 0
cpu50 24842158 3220 1058046 322607378 139042 93086 2261 0 0 0
cpu51 26289034 8458 1099814 320961462 284312 98105 2541 0 0 0
cpu52 7936493 660 291653 340383422 92046 35576 10186 0 0 0
cpu53 1164794 151 63530 347428178 73668 15618 4565 0 0 0
cpu54 15498397 767 473618 332551897 144428 63827 10280 0 0 0
cpu55 1064042 665 60407 347467504 152342 10868 5402 0 0 0
cpu56 1882661 1304 95446 346685077 73991 15458 8092 0 0 0
cpu57 1981341 240 79816 346566932 98897 16859 13957 0 0 0
cpu58 2855834 1416 127340 345464430 276505 20342 4617 0 0 0
cpu59 968970 209 68496 347295427 127816 11525 9792 0 0 0
cpu60 3326182 67 114001 345160540 145354 13905 5328 0 0 0
cpu61 2860824 627 130062 345543921 213433 13756 3919 0 0 0
cpu62 5074908 153 112099 343244536 311732 17102 5371 0 0 0
cpu63 4193365 256 140819 344129167 211236 18184 73818 0 0 0
cpu64 4204396 1274 158737 344215628 115834 29127 34946 0 0 0
cpu65 3201697 113 128539 345195922 223836 14274 3994 0 0 0
cpu66 3415756 227 103113 345152322 81935 12883 3415 0 0 0
cpu67 3074259 2405 116104 345372351 179482 15451 4078 0 0 0
cpu68 3447038 93 135402 345086921 59918 20866 3727 0 0 0
cpu69 3706285 216 137177 344738009 163691 16379 5952 0 0 0
cpu70 785178 48 50679 347835073 63678 11532 10704 0 0 0
cpu71 6227657 830 186104 342134200 189326 22639 3982 0 0 0
cpu72 18699256 972 699723 328943147 339411 63997 5861 0 0 0
cpu73 7113983 26 213678 341232209 169318 28694 4920 0 0 0
cpu74 7209298 2561 213077 341069692 231345 26448 5377 0 0 0
cpu75 6031889 43 194867 342355968 150528 22727 5045 0 0 0
cpu76 5681951 43 228380 342711735 111590 24379 4004 0 0 0
cpu77 7335539 193 298021 340757020 330070 31243 6221 0 0 0
cpu78 10544608 4101 275101 337763941 146950 28905 1069 0 0 0
cpu79 6840585 7624 287773 341374723 230537 23982 1255 0 0 0
cpu80 5314197 8727 247992 343008928 164830 19799 1789 0 0 0
cpu81 7824912 4176 362093 340304824 238428 28374 1273 0 0 0
cpu82 6390162 842 313024 341862037 177288 22833 862 0 0 0
cpu83 7899573 980 324020 340286360 225700 27827 1083 0 0 0
cpu84 1865164 1470 87313 346670281 139985 7427 762 0 0 0
cpu85 697510 57 41077 347930816 62525 5082 2471 0 0 0
cpu86 7027976 147 301738 341269499 141400 25334 918 0 0 0
cpu87 7501097 1270 371585 340667413 194072 28160 986 0 0 0
cpu88 1421322 232 59369 346899332 160737 8104 5507 0 0 0
cpu89 8314526 708 325752 339943835 151702 27864 1175 0 0 0
cpu90 10458354 16 428137 337640506 198106 37066 1151 0 0 0
cpu91 8133761 20 396721 340063403 138746 30240 1182 0 0 0
cpu92 7939364 1673 354583 340295479 139476 28149 1976 0 0 0
cpu93 10179550 3293 483059 337713782 343969 37967 1121 0 0 0
cpu94 12101520 2640 446636 335908201 256324 42549 1370 0 0 0
cpu95 9373844 1421 442656 338720310 187293 35169 1420 0 0 0
cpu96 580416 2701 33307 348018559 97987 4619 2486 0 0 0
cpu97 9480062 1418 410682 338661055 175724 33379 1103 0 0 0
cpu98 8876067 2 386406 339357435 108438 32828 1090 0 0 0
cpu99 7655246 177 346290 340717427 19255 27059 932 0 0 0
cpu100 9440339 33 361427 338755391 173744 32882 986 0 0 0
cpu101 8948027 159 403775 339257564 118220 34705 1355 0 0 0
cpu102 9915684 1447 424081 338246318 138265 36330 1368 0 0 0
cpu103 9527297 2575 435090 338496079 264190 36544 1342 0 0 0
## interrupts
            CPU0       CPU1       CPU2       CPU3       CPU4       CPU5       CPU6       CPU7       CPU8       CPU9       CPU10      CPU11      CPU12      CPU13      CPU14      CPU15      CPU16      CPU17      CPU18      CPU19      CPU20      CPU21      CPU22      CPU23      CPU24      CPU25      CPU26      CPU27      CPU28      CPU29      CPU30      CPU31      CPU32      CPU33      CPU34      CPU35      CPU36      CPU37      CPU38      CPU39      CPU40      CPU41      CPU42      CPU43      CPU44      CPU45      CPU46      CPU47      CPU48      CPU49      CPU50      CPU51      CPU52      CPU53      CPU54      CPU55      CPU56      CPU57      CPU58      CPU59      CPU60      CPU61      CPU62      CPU63      CPU64      CPU65      CPU66      CPU67      CPU68      CPU69      CPU70      CPU71      CPU72      CPU73      CPU74      CPU75      CPU76      CPU77      CPU78      CPU79      CPU80      CPU81      CPU82      CPU83      CPU84      CPU85      CPU86      CPU87      CPU88      CPU89      CPU90      CPU91      CPU92      CPU93      CPU94      CPU95      CPU96      CPU97      CPU98      CPU99      CPU100     CPU101     CPU102     CPU103     
 LOC:  443492050  392491605  267029751  350890333  407841163  358434874  337857784  373623266  344834061  412348239  376903889  248497035  379311004  371151532  382106225  208208351  342878082  240878276  252907390  263987428  193958470  335826994  295468643  266725454  288491609  260696765  157619174  321728370  241639813  282785502  230122803  332293646  316550715  360671949  239323516  244175231  392692243  236918116  287857332  278985520  195809289  300463582  285607690  262948913  365007262  275061131  218387145  157504156  227522300  263153127  263759352  278068754   92188353   27195189  172334330   20771407   27726221   31415623   44488791   22156194   39463539   35506724   57720682   51850022   49659065   38397300   39408868   40054577   47928278   43588176   15155561   70604153  199426166   79289865   81887884   68817129   65439693   83652807  111465412   74421051   59151101   85409717   69699225   84963536   22856307   12361501   76086971   81582063   21759864   89251190  111676153   88271244   86694641  109752618  129796303  101745564   11513977  101783459   96081363   82955365  101276159   96901292  106558146  102772362   Local timer interrupts
 RES:       7695      15157      12559      13358       9566      11006      11748      11464       9338      13535       8317      12513      12746      12142      11933      10823      10966       7854      10219      11692      11389      11027      11918       9710      12291       7533        387        422        542        570        624        334        288       2238        471        242        920       1936        217        286        202        167        142        276        207        284        746        193        390        286        173        139       7144      10833      20486      12573       8187       9479      10892      10356       7868      12211       7877      11721      11892      11576      11064      10044      17732       8929       8691      11189      10421      10703      11852       9611      11241       7541        287        277        415        390        388        311       2370        329        438        400        495        408        441        473        351        296        293        447        369        410       1201        493        450        526        431        456   Rescheduling interrupts
 CAL:   93919201   13668899   25032633    7125634    3770995    4540802    6873947    2100829    3197143    1761127    1954631    4963438    1705549    1548344    1601311    1600658    1672475    1640355    3876221    1645186    1743686    1729360    1594272    1755370    1746695    1754113    2268589    2268315    2193806    2118445    1971143    1997286    1969218    1971587    1857693    1850348    1744851    1734140    1642186    1708879    1672717    1862119    1531428    1607272    1512823    1556897    1407676    1530142    1503582    1469860    1477970    1420600    1708266    1417601    1829491    1639027    1719070    1696403    1689349    1330629    1529285    1614489    1534994    1537625    1598850    1533196    1424541    1519421    1620687    1712730    1595949    1595813    1618945    1730551    1689395    1461076    1504520    1882775    1684526    1725375    1574417    1680176    1566634    1563555    1597600    1402372    1629451    1515664    1325933    1592118    1646042    1622204    1640673    1891948    1660209    1652123    1475437    1633190    1701905    1722613    1698882    1678740    1607852    1770331   Function call interrupts
 TLB:    2087917    2175684    1798700    1935606    1816028    1806769    1822052    1842268    1721286    1578289    1414428    1521014    1527781    1471889    1518907    1337842    1383428    1473578    1627542    1482183    1422855    1458474    1437311    1439265    1455900    1598504    1968329    1997415    2026781    1839950    1801453    1817147    1791890    1757715    1528108    1556170    1527257    1479144    1434131    1514321    1462067    1538877    1362618    1436221    1355145    1376175    1282286    1417047    1398878    1340392    1345269    1228120    1510551    1217916    1459001    1326328    1488160    1385297    1467995    1330017    1307844    1357234    1297083    1409883    1310339    1387736    1275824    1321866    1449045    1539601    1317880    1413776    1412067    1360045    1490047    1266736    1220079    1377315    1498550    1448486    1403928    1401382    1389795    1399948    1405120    1257010    1380434    1333911    1265023    1417109    1403087    1404809    1422785    1577464    1431561    1427128    1268278    1371857    1495458    1521008    1498558    1385823    1348025    1504925   TLB shootdowns
## cpuidle cpu estado tiempo_us entradas
cpu0 POLL 2646277 78581
cpu0 C1 1615542678 288481
cpu0 C1E 2143476327 4386762
cpu0 C6 3284599697944 347479280
cpu1 POLL 1205161 29984
cpu1 C1 963123602 306231
cpu1 C1E 1472889384 7001791
cpu1 C6 3132808359085 54746619
cpu2 POLL 1787181 86411
cpu2 C1 38129366797 546294
cpu2 C1E 1331999331 7236588
cpu2 C6 3245240794409 96097438
cpu3 POLL 825774 25833
cpu3 C1 3982727604 272697
cpu3 C1E 704604833 4705161
cpu3 C6 3149104242675 25897830
cpu4 POLL 629386 17826
cpu4 C1 891028932 252791
cpu4 C1E 557365564 4158909
cpu4 C6 3087857114924 18221591
cpu5 POLL 725291 22364
cpu5 C1 874070879 226287
cpu5 C1E 459413840 3233817
cpu5 C6 3141152280899 21296653
cpu6 POLL 445672 14173
cpu6 C1 1724581060 153119
cpu6 C1E 535205152 3008567
cpu6 C6 3165730009628 24933743
cpu7 POLL 622415 28734
cpu7 C1 1409008715 206496
cpu7 C1E 396960083 2894798
cpu7 C6 3120290757137 12582966
cpu16 POLL 1823257 38036
cpu16 C1 969632525 247546
cpu16 C1E 4741499464 33456632
cpu16 C6 3150911843767 87624920
cpu17 POLL 687753 19172
cpu17 C1 1341811114 176208
cpu17 C1E 1792280007 10419708
cpu17 C6 3251087434006 10985203
cpu18 POLL 793828 27341
cpu18 C1 83492452 182496
cpu18 C1E 1722507255 9861719
cpu18 C6 3245507882478 23642849
cpu19 POLL 722056 20189
cpu19 C1 2285461278 183810
cpu19 C1E 1469804926 8543845
cpu19 C6 3226464946450 9362835
cpu20 POLL 516031 16308
cpu20 C1 1544055254 153210
cpu20 C1E 701297754 4835649
cpu20 C6 3297303122717 9711520
cpu21 POLL 490691 13981
cpu21 C1 1238386647 133290
cpu21 C1E 724250979 4456965
cpu21 C6 3160860579288 16374006
cpu22 POLL 512740 16544
cpu22 C1 947096386 148685
cpu22 C1E 719853381 4421681
cpu22 C6 3198113432783 12586278
cpu23 POLL 545784 15189
cpu23 C1 1429273561 126659
cpu23 C1E 747444041 4377981
cpu23 C6 3228661932369 13567643
## daemon hilo utime stime cpu
cpu_loop_main 8 1 8
cpu_loop_main 1 0 6
